2970
1485
4456
2228
1114
557
1672
836
418
209
628
314
157
472
236
118
59
178
89
268
134
67
202
101
304
152
76
38
19
58
29
88
44
22
11
34
17
52
26
13
40
20
10
5
16
8
4
2
1
1851
5554
2777
8332
4166
2083
6250
3125
9376
4688
2344
1172
586
293
880
440
220
110
55
166
83
250
125
376
188
94
47
142
71
214
107
322
161
484
242
121
364
182
91
274
137
412
206
103
310
155
466
233
700
350
175
526
263
790
395
1186
593
1780
890
445
1336
668
334
167
502
251
754
377
1132
566
283
850
425
1276
638
319
958
479
1438
719
2158
1079
3238
1619
4858
2429
7288
3644
1822
911
2734
1367
4102
2051
6154
3077
9232
4616
2308
1154
577
1732
866
433
1300
650
325
976
488
244
122
61
184
92
46
23
70
35
106
53
160
80
40
3090
1545
4636
2318
1159
3478
1739
5218
2609
7828
3914
1957
5872
2936
1468
734
367
1102
551
1654
827
2482
1241
3724
1862
931
2794
1397
4192
2096
1048
524
262
131
394
197
592
296
148
74
37
112
56
28
14
7
22
6955
20866
10433
31300
15650
7825
23476
11738
5869
17608
8804
4402
2201
6604
3302
1651
4954
2477
7432
3716
1858
929
2788
1394
697
2092
1046
523
1570
785
2356
1178
589
1768
884
442
221
664
332
166
245
736
368
184
5951
17854
8927
26782
13391
40174
20087
60262
30131
90394
45197
135592
67796
33898
16949
50848
25424
12712
6356
3178
1589
4768
2384
1192
596
298
149
448
224
112
8891
26674
13337
40012
20006
10003
30010
15005
45016
22508
11254
5627
16882
8441
25324
12662
6331
18994
9497
28492
14246
7123
21370
10685
32056
16028
8014
4007
12022
6011
18034
9017
27052
13526
6763
20290
10145
30436
15218
7609
22828
11414
5707
17122
8561
25684
12842
6421
19264
9632
4816
2408
1204
602
301
904
452
226
113
340
170
85
256
128
64
32
16
7610
3805
11416
5708
2854
1427
4282
2141
6424
3212
1606
803
2410
1205
3616
1808
904
2653
7960
3980
1990
995
2986
1493
4480
2240
1120
560
280
140
70
2699
8098
4049
12148
6074
3037
9112
4556
2278
1139
3418
1709
5128
2564
1282
641
1924
962
481
1444
722
361
1084
542
271
814
407
1222
611
1834
917
2752
1376
688
344
172
86
43
130
65
196
98
49
148
9779
29338
14669
44008
22004
11002
5501
16504
8252
4126
2063
6190
3095
9286
4643
13930
6965
20896
10448
5224
2612
1306
653
1960
980
490
245
5550
2775
8326
4163
12490
6245
18736
9368
4684
2342
1171
3514
1757
5272
2636
1318
659
1978
989
2968
1484
742
371
1114
6490
3245
9736
4868
2434
1217
3652
1826
913
2740
1370
685
2056
1028
514
257
772
386
193
580
290
145
436
218
109
328
164
82
41
124
62
31
94
794
397
1192
1699
5098
2549
7648
3824
1912
956
478
239
718
359
1078
539
1618
809
2428
1214
607
1822
9448
4724
2362
1181
3544
1772
886
443
1330
665
1996
998
499
1498
749
2248
1124
562
281
844
422
211
634
317
952
476
238
119
358
179
538
269
808
404
202
3781
11344
5672
2836
1418
709
2128
1064
532
266
133
400
200
100
50
25
76
9186
4593
13780
6890
3445
10336
5168
2584
1292
646
323
970
485
1456
728
364
4076
2038
1019
3058
1529
4588
2294
1147
3442
1721
5164
2582
1291
3874
1937
5812
2906
1453
4360
2180
1090
545
1636
818
409
1228
614
307
922
461
1384
692
346
173
520
260
130
9665
28996
14498
7249
21748
10874
5437
16312
8156
4078
2039
6118
3059
9178
4589
13768
6884
3442
58
7328
3664
1832
916
458
229
688
9068
4534
2267
6802
3401
10204
5102
2551
7654
3827
11482
5741
17224
8612
4306
2153
6460
3230
1615
4846
2423
7270
3635
10906
5453
16360
8180
4090
2045
6136
3068
1534
767
2302
1151
3454
1727
5182
2591
7774
3887
11662
5831
17494
8747
26242
13121
39364
19682
9841
29524
14762
7381
22144
11072
5536
2768
1384
7362
3681
11044
5522
2761
8284
4142
2071
6214
3107
9322
4661
13984
6992
3496
1748
874
437
1312
656
328
5219
15658
7829
23488
11744
5872
1056
528
264
132
66
33
100
3782
1891
5674
2837
8512
4256
2128
4220
2110
1055
3166
1583
4750
2375
7126
3563
10690
5345
16036
8018
4009
12028
6014
3007
9022
4511
13534
6767
20302
10151
30454
15227
45682
22841
68524
34262
17131
51394
25697
77092
38546
19273
57820
28910
14455
43366
21683
65050
32525
97576
48788
24394
12197
36592
18296
9148
4574
2287
6862
3431
10294
5147
15442
7721
23164
11582
5791
17374
8687
26062
13031
39094
19547
58642
29321
87964
43982
21991
65974
32987
98962
49481
148444
74222
37111
111334
55667
167002
83501
250504
125252
62626
31313
93940
46970
23485
70456
35228
17614
8807
26422
13211
39634
19817
59452
29726
14863
44590
22295
66886
33443
100330
50165
150496
75248
37624
18812
9406
4703
14110
7055
21166
10583
31750
15875
47626
23813
71440
35720
17860
8930
4465
13396
6698
3349
10048
5024
2512
1256
628
2191
6574
3287
9862
4931
14794
7397
22192
11096
5548
2774
1387
4162
2081
6244
3122
1561
4684
8634
4317
12952
6476
3238
2158
7526
3763
11290
5645
16936
8468
4234
2117
6352
3176
1588
794
9268
4634
2317
6952
3476
1738
869
2608
1304
652
326
163
490
7130
3565
10696
5348
2674
1337
4012
2006
1003
3010
1505
4516
2258
1129
3388
1694
847
2542
1271
3814
1907
5722
2861
8584
4292
2146
1073
3220
1610
805
2416
1208
604
302
151
454
227
682
341
1024
512
256
1863
5590
2795
8386
4193
12580
6290
3145
9436
4718
2359
7078
3539
10618
5309
15928
7964
3982
1991
5974
2987
8962
4481
13444
6722
3361
10084
5042
2521
7564
3782
6951
20854
10427
31282
15641
46924
23462
11731
35194
17597
52792
26396
13198
6599
19798
9899
29698
14849
44548
22274
11137
33412
16706
8353
25060
12530
6265
18796
9398
4699
14098
7049
21148
10574
5287
15862
7931
23794
11897
35692
17846
8923
26770
13385
40156
20078
10039
30118
15059
45178
22589
67768
33884
16942
8471
25414
12707
38122
19061
57184
28592
14296
7148
3574
1787
5362
2681
8044
4022
2011
6034
3017
9052
4526
2263
6790
3395
10186
5093
15280
7640
3820
1910
955
2866
1433
4300
2150
1075
3226
1613
4840
2420
1210
605
1816
908
454
379
1138
569
1708
854
427
1282
1352
676
338
169
508
254
127
382
191
574
287
862
431
1294
647
1942
971
2914
1457
4372
2186
1093
3280
1640
820
410
205
616
308
154
77
232
116
58
5668
2834
1417
4252
2126
1063
3190
1595
4786
2393
7180
3590
1795
5386
2693
8080
4040
2020
1010
505
1516
758
379
3317
9952
4976
2488
1244
622
311
934
467
1402
701
2104
1052
526
9147
27442
13721
41164
20582
10291
30874
15437
46312
23156
11578
5789
17368
8684
4342
2171
6514
3257
9772
4886
2443
7330
3665
10996
5498
2749
8248
4124
2062
1031
3094
1547
4642
2321
6964
3482
1741
5224
2882
1441
4324
2162
1081
3244
1622
811
2434
492
246
123
370
185
556
278
139
418
1224
612
306
153
460
230
115
346
1012
506
253
760
380
190
95
286
143
430
215
646
8545
25636
12818
6409
19228
9614
4807
14422
7211
21634
10817
32452
16226
8113
24340
12170
6085
18256
9128
4564
2282
1141
3424
1712
856
428
214
9594
4797
14392
7196
3598
1799
5398
2699
9812
4906
2453
7360
3680
1840
920
460
1410
705
2116
1058
529
1588
5350
2675
8026
4013
12040
6020
3010