2046
1023
3070
1535
4606
2303
6910
3455
10366
5183
15550
7775
23326
11663
34990
17495
52486
26243
78730
39365
118096
59048
29524
14762
7381
22144
11072
5536
2768
1384
692
346
173
520
260
130
65
196
98
49
148
74
37
112
56
28
14
7
22
11
34
17
52
26
13
40
20
10
5
16
8
4
2
1
7024
3512
1756
878
439
1318
659
1978
989
2968
1484
742
371
1114
557
1672
836
418
209
628
314
157
472
236
118
59
178
89
268
134
67
202
101
304
152
76
38
19
58
29
88
44
22
7828
3914
1957
5872
2936
1468
734
367
1102
551
1654
827
2482
1241
3724
1862
931
2794
1397
4192
2096
1048
524
262
131
394
197
592
296
148
7497
22492
11246
5623
16870
8435
25306
12653
37960
18980
9490
4745
14236
7118
3559
10678
5339
16018
8009
24028
12014
6007
18022
9011
27034
13517
40552
20276
10138
5069
15208
7604
3802
1901
5704
2852
1426
713
2140
1070
535
1606
803
2410
1205
3616
1808
904
452
226
113
340
170
85
256
128
64
32
16
7966
3983
11950
5975
17926
8963
26890
13445
40336
20168
10084
5042
2521
7564
3782
1891
5674
2837
8512
4256
2128
1064
532
266
133
400
200
100
50
25
76
8566
4283
12850
6425
19276
9638
4819
14458
7229
21688
10844
5422
2711
8134
4067
12202
6101
18304
9152
4576
2288
1144
572
286
143
430
215
646
323
970
485
1456
728
364
182
91
274
137
412
206
103
310
155
466
233
700
350
175
526
263
790
395
1186
593
1780
890
445
1336
668
334
167
502
251
754
377
1132
566
283
850
425
1276
638
319
958
479
1438
719
2158
1079
3238
1619
4858
2429
7288
3644
1822
911
2734
1367
4102
2051
6154
3077
9232
4616
2308
1154
577
1732
866
433
1300
650
325
976
488
244
122
61
184
92
46
23
70
35
106
53
160
80
40
5341
16024
8012
4006
2003
6010
3005
9016
4508
2254
1127
3382
1691
5074
2537
7612
3806
1903
5710
2855
8566
7438
3719
11158
5579
16738
8369
25108
12554
6277
18832
9416
4708
2354
1177
3532
1766
883
2650
1325
3976
1988
994
497
1492
746
373
1120
560
280
140
70
1996
998
499
1498
749
2248
1124
562
281
844
422
211
634
317
952
476
238
119
358
179
538
269
808
404
202
2282
1141
3424
1712
856
428
214
107
322
161
484
242
121
364
5331
15994
7997
23992
11996
5998
2999
8998
4499
13498
6749
20248
10124
5062
2531
7594
3797
11392
5696
2848
1424
712
356
178
9506
4753
14260
7130
3565
10696
5348
2674
1337
4012
2006
1003
3010
1505
4516
2258
1129
3388
1694
847
2542
1271
3814
1907
5722
2861
8584
4292
2146
1073
3220
1610
805
2416
1208
604
302
151
454
227
682
341
1024
512
256
4867
14602
7301
21904
10952
5476
2738
1369
4108
2054
1027
3082
1541
4624
2312
1156
578
289
868
434
217
652
326
163
490
245
736
368
184
4691
14074
7037
21112
10556
5278
2639
7918
3959
11878
5939
17818
8909
26728
13364
6682
3341
10024
5012
2506
1253
3760
1880
940
470
235
706
353
1060
530
265
796
398
199
598
299
898
449
1348
674
337
1012
506
253
760
380
190
95
286
2913
8740
4370
2185
6556
3278
1639
4918
2459
7378
3689
11068
5534
2767
8302
4151
12454
6227
18682
9341
28024
14012
7006
3503
10510
5255
15766
7883
23650
11825
35476
17738
8869
26608
13304
6652
3326
1663
4990
2495
7486
3743
11230
5615
16846
8423
25270
12635
37906
18953
56860
28430
14215
42646
21323
63970
31985
95956
47978
23989
71968
35984
17992
8996
4498
2249
6748
3374
1687
5062
3635
10906
5453
16360
8180
4090
2045
6136
3068
1534
767
2302
1151
3454
1727
5182
2591
7774
3887
11662
5831
17494
8747
26242
13121
39364
19682
9841
29524
7368
3684
1842
921
2764
1382
691
2074
1037
3112
1556
778
389
1168
584
292
146
73
220
110
55
166
83
250
125
376
188
94
47
142
71
214
2053
6160
3080
1540
770
385
1156
1524
762
381
1144
332
166
797
2392
1196
598
2242
1121
3364
1682
841
2524
1262
631
1894
947
2842
1421
4264
2132
1066
533
1600
800
400
8140
4070
2035
6106
3053
9160
4580
2290
1145
3436
1718
859
2578
1289
3868
1934
967
2902
1451
4354
2177
6532
3266
1633
4900
2450
1225
3676
1838
919
2758
1379
4138
2069
6208
3104
1552
776
388
194
97
292
1072
536
268
3867
11602
5801
17404
8702
4351
13054
6527
19582
9791
29374
14687
44062
22031
66094
33047
99142
49571
148714
74357
223072
111536
55768
27884
13942
6971
20914
10457
31372
15686
7843
23530
11765
35296
17648
8824
4412
2206
1103
3310
1655
4966
2483
7450
3725
11176
5588
2794
2218
1109
3328
1664
832
416
208
104
52
9911
29734
14867
44602
22301
66904
33452
16726
8363
25090
12545
37636
18818
9409
28228
14114
7057
21172
10586
5293
15880
7940
3970
1985
5956
2978
1489
4468
2234
1117
3352
1676
838
419
1258
629
1888
944
472
3824
1912
956
478
239
718
359
1078
539
1618
809
2428
1214
607
1822
6252
3126
1563
4690
2345
7036
3518
1759
5278
9701
29104
14552
7276
3638
1819
5458
2729
8188
4094
2047
6142
3071
9214
4607
13822
6911
20734
10367
31102
15551
46654
23327
69982
34991
104974
52487
157462
78731
236194
118097
354292
177146
88573
265720
132860
66430
33215
99646
49823
149470
74735
224206
112103
336310
168155
504466
252233
756700
378350
189175
567526
283763
851290
425645
1276936
638468
319234
159617
478852
239426
119713
359140
179570
89785
269356
134678
67339
202018
101009
303028
151514
75757
227272
113636
56818
28409
85228
42614
21307
63922
31961
95884
47942
23971
71914
35957
107872
53936
26968
13484
6742
3371
10114
5057
15172
7586
3793
11380
5690
2845
8536
4268
2134
1067
3202
1601
4804
2402
1201
3604
1802
901
2704
1352
676
338
169
508
254
127
382
191
574
287
862
431
1294
647
1942
971
2914
1457
4372
2186
1093
3280
1640
820
410
205
616
308
154
77
232
116
58
1662
831
2494
1247
3742
1871
5614
2807
8422
4211
12634
6317
18952
9476
4738
2369
7108
3554
1777
5332
2666
1333
4000
2000
1000
500
250
5585
16756
8378
4189
12568
6284
3142
1571
4714
2357
7072
3536
1768
884
442
221
664
332
137
8868
4434
2217
6652
1089
3268
1634
817
2452
1226
613
1840
920
460
230
115
346
2701
8104
4052
2026
1013
3040
1520
760
5026
2513
7540
3770
1885
5656
2828
1414
707
2122
1061
3184
1592
796
7605
22816
11408
5704
135
406
203
610
305
916
458
229
688
344
172
86
43
130
9044
4522
2261
6784
3392
1696
848
424
212
106
6117
18352
9176
4588
2294
1147
3442
1721
5164
2582
1291
3874
1937
5812
2906
1453
4360
2180
1090
545
1636
818
409
1228
614
307
922
461
1384
1682
2593
7780
3890
1945
5836
2918
1459
4378
2189
6568
3284
1642
821
2464
1232
616
774
387
1162
581
1744
872
436
218
109
328
164
82
41
124
62
31
94
1467
4402
2201
6604
3302
1651
4954
2477
7432
3716
1858
929
2788
1394
697
2092
1046
523
1570
785
2356
1178
589
1768
3845
11536
5768
2884
1442
721
2164
1082
541
1624
812
406
6455
19366
9683
29050
14525
43576
21788
10894
5447
16342
8171
24514
12257
36772
18386
9193
27580
13790
6895
20686
10343
31030
15515
46546
23273
69820
34910
17455
52366
26183
78550
39275
117826
58913
176740
88370
44185
132556
66278
33139
99418
49709
149128
74564
37282
18641
55924
27962
13981
41944
20972
10486
5243
15730
7865
23596
11798
5899
17698
8849
26548
13274
6637
19912
9956
4978
2489
7468
3734
1867
5602
2801
8404
4202
2101
6304
3152
1576
788
394
2073
6220
3110
1555
4666
2333
7000
3500
1750
875
2626
1313
3940
1970
985
2956
1478
739
2218
427
1282
641
1924
962
481
1444
722
361
1084
542
271
814
407
1222
611
1834
917
2752
1376
688
2248