8351
25054
12527
37582
18791
56374
28187
84562
42281
126844
63422
31711
95134
47567
142702
71351
214054
107027
321082
160541
481624
240812
120406
60203
180610
90305
270916
135458
67729
203188
101594
50797
152392
76196
38098
19049
57148
28574
14287
42862
21431
64294
32147
96442
48221
144664
72332
36166
18083
54250
27125
81376
40688
20344
10172
5086
2543
7630
3815
11446
5723
17170
8585
25756
12878
6439
19318
9659
28978
14489
43468
21734
10867
32602
16301
48904
24452
12226
6113
18340
9170
4585
13756
6878
3439
10318
5159
15478
7739
23218
11609
34828
17414
8707
26122
13061
39184
19592
9796
4898
2449
7348
3674
1837
5512
2756
1378
689
2068
1034
517
1552
776
388
194
97
292
146
73
220
110
55
166
83
250
125
376
188
94
47
142
71
214
107
322
161
484
242
121
364
182
91
274
137
412
206
103
310
155
466
233
700
350
175
526
263
790
395
1186
593
1780
890
445
1336
668
334
167
502
251
754
377
1132
566
283
850
425
1276
638
319
958
479
1438
719
2158
1079
3238
1619
4858
2429
7288
3644
1822
911
2734
1367
4102
2051
6154
3077
9232
4616
2308
1154
577
1732
866
433
1300
650
325
976
488
244
122
61
184
92
46
23
70
35
106
53
160
80
40
20
10
5
16
8
4
2
1
2199
6598
3299
9898
4949
14848
7424
3712
1856
928
464
232
116
58
29
88
44
22
11
34
17
52
26
13
40
9795
29386
14693
44080
22040
11020
5510
2755
8266
4133
12400
6200
3100
1550
775
2326
1163
3490
1745
5236
2618
1309
3928
1964
982
491
1474
737
2212
1106
553
1660
830
415
1246
623
1870
935
2806
1403
4210
2105
6316
3158
1579
4738
2369
7108
3554
1777
5332
2666
1333
4000
2000
1000
500
250
811
2434
1217
3652
1826
913
2740
1370
685
2056
1028
514
257
772
386
193
580
290
145
436
218
109
328
164
82
41
124
62
31
94
5689
17068
8534
4267
12802
6401
19204
9602
4801
14404
7202
3601
10804
5402
2701
8104
4052
2026
1013
3040
1520
760
380
190
95
286
143
430
215
646
323
970
485
1456
728
364
1182
591
1774
887
2662
1331
3994
1997
5992
2996
1498
749
2248
1124
562
281
844
422
211
634
317
952
476
238
119
358
179
538
269
808
404
202
101
304
152
76
38
19
58
1790
895
2686
1343
4030
2015
6046
3023
9070
4535
13606
6803
20410
10205
30616
15308
7654
3827
11482
5741
17224
8612
4306
2153
6460
3230
1615
4846
2423
7270
3635
10906
5453
16360
8180
4090
2045
6136
3068
1534
767
2302
1151
3454
1727
5182
2591
7774
3887
11662
5831
17494
8747
26242
13121
39364
19682
9841
29524
14762
7381
22144
11072
5536
2768
1384
692
346
173
520
260
130
65
196
98
49
148
74
37
112
56
28
14
7
22
37
4109
12328
6164
3082
1541
4624
2312
1156
578
289
868
434
217
652
326
163
490
245
736
368
184
1866
933
2800
1400
700
3655
10966
5483
16450
8225
24676
12338
6169
18508
9254
4627
13882
6941
20824
10412
5206
2603
7810
3905
11716
5858
2929
8788
4394
2197
6592
3296
1648
824
412
3463
10390
5195
15586
7793
23380
11690
5845
17536
8768
4384
2192
1096
548
274
3243
9730
4865
14596
7298
3649
10948
5474
2737
8212
4106
2053
6160
3080
1540
770
385
1156
8588
4294
2147
6442
3221
9664
4832
2416
1208
604
302
151
454
227
682
341
1024
512
256
128
64
32
16
4127
12382
6191
18574
9287
27862
13931
41794
20897
62692
31346
15673
47020
23510
11755
35266
17633
52900
26450
13225
39676
19838
9919
29758
14879
44638
22319
66958
33479
100438
50219
150658
75329
225988
112994
56497
169492
84746
42373
127120
63560
31780
15890
7945
23836
11918
5959
17878
8939
26818
13409
40228
20114
10057
30172
15086
7543
22630
11315
33946
16973
50920
25460
12730
6365
19096
9548
4774
2387
7162
3581
10744
5372
2686
593
956
478
239
718
359
1078
539
1618
809
2428
1214
607
1822
4919
14758
7379
22138
11069
33208
16604
8302
4151
12454
6227
18682
9341
28024
14012
7006
3503
10510
5255
15766
7883
23650
11825
35476
17738
8869
26608
13304
6652
3326
1663
4990
2495
7486
3743
11230
5615
16846
8423
25270
12635
37906
18953
56860
28430
14215
42646
21323
63970
31985
95956
47978
23989
71968
35984
17992
8996
4498
2249
6748
3374
1687
5062
2531
7594
3797
11392
5696
2848
1424
712
356
178
89
268
134
67
202
6199
18598
9299
27898
13949
41848
20924
10462
5231
15694
7847
23542
11771
35314
17657
52972
26486
13243
39730
19865
59596
29798
14899
44698
22349
67048
33524
16762
8381
25144
12572
6286
3143
9430
4715
14146
7073
21220
10610
5305
15916
7958
3979
11938
5969
17908
8954
4477
13432
6716
3358
1679
5038
2519
7558
3779
11338
5669
17008
8504
4252
2126
1063
3190
1595
4786
2393
7180
3590
1795
5386
2693
8080
4040
2020
1010
505
1516
758
379
1138
569
1708
854
427
1282
641
1924
962
481
1444
722
361
1084
542
271
814
407
1222
611
1834
917
2752
1376
688
344
172
86
43
130
8226
4113
12340
6170
3085
9256
4628
2314
1157
3472
1736
868
1535
4606
2303
6910
3455
10366
5183
15550
7775
23326
11663
34990
17495
52486
26243
78730
39365
118096
59048
29524
7154
3577
10732
5366
2683
8050
4025
12076
6038
3019
9058
4529
13588
6794
3397
10192
5096
2548
1274
637
1912
956
7212
3606
1803
5410
2705
8116
4058
2029
6088
3044
1522
761
2284
1142
571
1714
857
2572
1286
643
1930
965
2896
1448
724
362
181
544
272
136
68
34
4781
14344
7172
3586
1793
5380
2690
1345
4036
2018
1009
3028
1514
757
2272
1136
568
284
142
2515
7546
3773
11320
5660
2830
1415
4246
2123
6370
3185
9556
4778
2389
7168
3584
1792
896
448
224
112
609
1828
914
457
1372
686
343
1030
515
1546
773
2320
1160
580
3269
9808
4904
2452
1226
613
1840
920
460
230
115
346
3429
10288
5144
2572
314
157
472
236
118
59
178
3539
10618
5309
15928
7964
3982
1991
5974
2987
8962
4481
13444
6722
3361
10084
5042
2521
7564
3782
1891
5674
2837
8512
4256
2128
1064
532
266
133
400
200
100
50
25
76
1165
3496
1748
874
437
1312
656
328
3643
10930
5465
16396
8198
4099
12298
6149
18448
9224
4612
2306
1153
3460
1730
865
2596
1298
649
1948
974
487
1462
731
2194
1097
3292
1646
823
2470
1235
3706
1853
5560
2780
1390
695
2086
1043
3130
1565
4696
2348
1174
587
1762
881
2644
1322
661
1984
992
496
248
124
1006
503
1510
755
2266
1133
3400
1700
850
606
303
910
455
1366
683
2050
1025
3076
1538
769
2308
7544
3772
1886
943
2830
1221
3664
1832
916
458
229
688
9673
29020
14510
7255
21766
10883
32650
16325
48976
24488
12244
6122
3061
9184
4592
2296
1148
574
287
862
431
1294
647
1942
971
2914
1457
4372
2186
1093
3280
1640
820
410
205
616
308
154
77
232
3859
11578
5789
17368
8684
4342
2171
6514
3257
9772
4886
2443
7330
3665
10996
5498
2749
8248
4124
2062
1031
3094
1547
4642
2321
6964
3482
1741
5224
2612
1306
653
1960
980
490
1830
915
2746
1373
4120
2060
1030
2000
3086
1543
4630
2315
6946
3473
10420
5210
2605
7816
3908
1954
977
2932
1466
733
2200
1100
550
275
826
413
1240
620
310
481
4694
2347
7042
3521
10564
5282
2641
7924
3962
1981
5944
2972
1486
743
2230
1115
3346
1673
5020
2510
1255
3766
1883
5650
2825
8476
4238
2119
6358
3179
9538
4769
14308
7154
7552
3776
1888
944
472
4693
14080
7040
3520
1760
880
440
220
1916
958
6088
4333
13000
6500
3250
1625
4876
2438
1219
3658
1829
5488
2744
1372
2215
6646
3323
9970
4985
14956
7478
3739
11218
5609
16828
8414
4207
12622
6311
18934
9467
28402
14201
42604
21302
10651
31954
15977
47932
23966
11983
35950
17975
53926
26963
80890
40445
121336
60668
30334
15167
45502
22751
68254
34127
102382
51191
153574
76787
230362
115181
345544
172772
86386
43193
129580
64790
32395
97186
48593
145780
72890
36445
109336
54668
27334
13667
41002
20501
61504
30752
15376
7688
3844
1922
961
2884
1442
721
2164
1082
541
1624
812
406
203
610
305
916
9145
27436
13718
6859
20578
10289
30868
15434
7717
23152
11576
5788
2894
1447
4342