5000
6664
3905
1123
6413
2522
3336
2443
7783
539
344
1456
1594
5343
4125
7713
2491
194
3549
9400
1771
2091
2415
2767
3653
6570
2666
425
4616
8130
4797
2655
6696
8399
2622
5407
8431
8503
2327
3972
361
9407
4082
1162
4444
7785
474
9962
7552
9621
8451
107
3445
8978
4608
2474
1131
5825
474
7296
3501
4331
5368
9111
7415
457
3599
2144
4787
6883
3433
6768
5709
1941
8610
1470
5492
5021
1993
817
9991
6239
5492
4960
6533
3902
9713
6834
5552
3693
251
4728
1192
9283
2488
8594
7194
3214
2208
3416
6334
3289
735
2923
4059
7326
9010
3635
3620
1971
6573
3709
7705
4553
2117
9812
1680
2037
398
3273
3444
9873
7229
8584
1059
1071
3475
108
1068
2533
5203
3295
9050
2445
7170
1817
4375
1321
1753
5361
1144
963
964
7675
96
7321
2703
4187
191
8741
9869
5898
4524
7863
9114
8404
6050
6269
1735
7173
5575
3611
7350
5072
4030
4798
8989
1205
2670
2389
5775
9108
9957
8965
9680
9037
2528
3868
8553
2366
2952
5695
1879
3340
2788
9413
3308
8486
7005
5008
2899
4459
7679
1587
9261
5710
7490
4348
214
8901
8150
8335
4174
8241
7075
357
558
2495
1873
6228
669
2309
8740
7531
3489
2598
5423
2838
1369
9574
2657
371
4227
6693
1391
935
4016
9703
7997
819
949
8325
8757
5217
6970
5341
7404
1380
4739
8346
6510
235
6980
1190
1454
6294
5078
736
3894
4705
1784
8858
8543
7305
3521
1433
6683
1613
4394
9677
2009
5803
1844
2952
6709
7342
1118
521
5429
8460
3913
1410
3551
1053
6802
943
110
5893
336
5959
8401
9837
9968
8287
3638
944
6354
1840
7808
145
7330
5791
8330
8299
4088
4633
2958
2817
6034
9250
6297
5436
5850
418
6072
8250
4692
1634
3303
7650
723
8221
652
6851
3807
714
3720
1055
4383
3907
4980
8534
3917
9104
892
1950
2185
2509
7193
3540
9756
1764
4733
5235
551
1395
4199
9042
6589
8088
7522
293
1014
8620
5543
2617
2569
979
8002
2045
2578
3688
7150
2583
488
2664
1510
7801
6723
6865
7836
4123
2789
3053
6127
973
5185
423
1249
585
8137
1578
7148
1648
2069
8313
7794
571
2453
367
2508
189
3681
8378
7544
9116
1991
8735
1583
8770
3290
2503
4817
5742
5335
3468
2673
3169
3607
7500
2044
3829
1902
5361
8906
5265
2517
6834
5315
9629
2126
4925
8375
7486
6517
6924
2583
5982
3072
6030
3171
727
6328
5371
6799
600
8985
894
4458
6984
4073
7144
145
6293
7380
6373
9106
6561
7073
3775
1981
9736
1641
1601
7410
5029
7683
4955
5733
9281
3620
5247
5140
8634
5282
1476
1182
1921
2256
2428
2233
2219
9833
2245
6156
5433
996
763
7488
2818
8222
8785
1486
4628
751
6561
994
1324
2633
2622
3658
8912
6592
761
7022
7638
1221
2429
4097
1183
8904
6075
782
6081
7457
2982
8336
816
6099
9440
599
4274
4534
9892
717
1838
8905
7958
8401
2281
1817
5675
65
5795
5734
6159
695
7523
214
7128
8728
888
8533
1825
8326
7646
9594
678
1990
1945
2971
8678
8420
3031
5120
7953
5295
8836
6941
394
1255
5684
1772
2698
6313
1876
632
9794
3158
2711
1645
5618
1452
7335
8755
4429
2663
1714
6667
9488
1159
3207
4359
7818
4971
5831
2407
6657
5119
5206
937
454
3527
2265
2349
646
9125
4581
6110
8146
9303
7805
8209
5231
4602
7844
8569
6769
2253
6638
2412
8088
1388
6154
1627
4338
7702
9596
6589
2522
6053
6009
2811
8400
2625
9080
1167
995
102
675
8384
2458
3601
9276
5917
1673
341
7992
3902
9258
2364
3723
6647
6293
1417
8907
8608
472
6415
3117
6719
2128
2693
103
2497
942
9990
6142
4705
6363
662
5175
8908
3185
8410
8234
8548
712
1246
7147
7608
442
6155
4454
4193
6753
9804
3382
6064
9356
3259
5365
6849
3201
3914
4598
4084
2315
7729
870
7208
9430
8188
8580
4977
5
5673
5969
8740
6488
9715
161
5012
9165
1906
3872
8725
4950
2760
9744
8911
1664
5505
7176
2657
3524
7326
7629
5819
4892
3066
9777
697
8478
8801
7957
1902
723
761
1180
6899
7658
3029
8451
2824
2409
8560
5510
8918
9194
9082
9187
4539
1736
8316
4030
2049
944
6502
1128
2875
8574
5576
9563
8814
1850
126
8623
3605
8990
8625
8891
3975
1255
3826
4462
4680
4681
6324
2001
5074
629
2450
1158
1718
3133
9204
7124
1789
1678
6523
5275
2896
6935
2728
4334
2978
3487
8520
2465
9252
8277
9338
9851
9770
2683
5168
8886
9459
1395
1611
3381
2495
6000
1905
8892
8922
5861
8030
1213
6409
2005
1202
1280
7681
9996
1563
61
2375
167
9080
4077
9393
5126
2552
9447
9093
4637
1623
673
1884
9950
410
4331
9794
2114
4136
9430
1550
1915
5317
1231
6528
1034
1402
4143
3188
9767
4249
130
7818
1496
1177
1850
1506
9753
4119
2161
59
2644
9262
8108
9145
4196
6605
6939
8901
1378
2883
2516
4700
6962
1168
5065
535
6250
5636
4350
7842
4704
6385
8103
5123
5456
146
742
5537
3280
6704
5427
9641
601
126
2187
906
9963
6427
703
5057
9031
7850
4
399
8660
806
9697
8445
2426
2237
8951
1458
5247
7605
6643
3414
4544
7287
8419
51
9898
8088
1320
9814
9697
527
474
5440
6763
8458
6987
4046
5917
7475
6460
9286
6654
7342
3979
6961
2707
9959
3250
1858
5515
8208
8589
5133
2405
947
9118
1620
9163
1175
3778
5864
9494
5515
6011
725
8864
9169
111
4964
2937
1701
7475
2786
8720
6244
2482
9954
3071
7376
6345
7167
1615
8070
1422
6034
2740
5438
2554
8205
5388
3989
9694
6391
9615
3333
1182
7203
1437
155
714
7451
9366
1978
2433
8165
2939
8094
1648
6295
9555
6254
46
9067
8867
502
32
2411
4857
6578
7780
9150
2104
9673
5060
6078
8054
2041
8307
3935
4413
8126
2391
1688
1771
8491
1742
5162
5518
8596
9784
5396
3802
9865
8270
7851
3498
2847
1174
1103
5350
6147
6562
1815
3742
9266
6041
4612
2869
124
9047
2450
1398
2150
606
6710
2317
162
4066
3210
7429
5805
5380
2755
280
218
7647
741
9264
8659
1786
7802
1959
205
4458
7712
5040
609
3449
7758
2174
5882
542
1204
756
3635
3769
6555
6004
1871
4632
361
8860
5666
4333
4412
9063
823
8601
7428
826
2753
674
433
2482
8001
8051
6969
1635
2207
2727
4601
5230
8041
9269
8352
8982
7429
6621
4116
8974
5553
1379
2677
901
6474
4411
9719
289
1159
5352
6218
372
6149
2366
5770
7552
8608
7723
500
5612
4915
6734
1992
5816
6830
4419
667
2879
2415
6853
7283
6347
6331
1584
2062
2170
4416
3558
1344
9689
4980
4828
3432
995
2218
2172
1135
3403
1517
2103
5058
3815
4711
5735
5640
1627
6758
6204
7384
146
908
4023
34
2701
6379
8004
5664
2194
5255
1591
6951
5836
4776
6069
3999
7778
1138
6668
9930
6327
498
8077
2639
6760
5460
1863
6253
2103
8294
1405
219
7701
4801
7868
9657
1587
1063
1654
7557
5255
5420
5730
5834
126
8999
824
2553
9477
6519
3216
7791
993
5282
9095
3854
4185
609
7433
624
602
646
2281
9490
1682
3882
9995
3986
7701
4481
5649
5973
9310
917
7841
5056
2333
381
1866
3423
9607
7093
437
4747
9356
2653
4093
7325
7811
1494
6625
8857
541
67
7660
5225
211
287
9421
1393
1347
7785
3052
6069
4308
2871
2737
2224
3976
384
8534
5097
8130
8399
512
3058
1747
9812
5796
7519
3037
4573
3804
8832
2626
462
9082
7143
5086
8496
2572
6337
7339
5315
717
2703
3867
3072
8784
1027
6032
3667
5652
5759
8679
6639
8569
3838
8554
8241
729
6913
7247
5881
7967
7280
5938
2784
195
9123
4553
3662
7738
3819
4412
2919
2064
4889
9138
115
77
2926
8456
7479
1835
4982
9650
363
1608
8744
8543
3696
898
6599
4274
2119
9986
3162
7929
9491
1811
4744
4384
3279
3396
9380
8589
722
455
1339
6634
488
8114
5468
2346
6719
6724
7578
5884
6014
6806
4434
7767
2356
2101
140
4394
9560
3680
9837
3343
9008
2399
4509
1258
7192
2656
1878
1496
6498
1359
467
3169
1343
7951
6739
8858
563
8214
9743
1439
2384
3211
1963
651
4677
1165
2483
2644
7918
1964
2894
9753
1264
2050
3081
8298
370
3270
710
2045
3385
8497
9295
6457
1092
5909
8143
7526
2462
7993
148
4044
614
7276
7384
8910
5393
3167
3817
7734
939
7936
6774
336
2150
1280
4818
6158
8440
3170
4129
3067
2170
8303
95
6205
4358
1861
1621
5170
6293
8775
6072
6193
2508
5640
67
8177
9658
9751
5717
7594
259
9333
923
1099
1837
5000
1011
9167
1070
9382
2619
4681
5146
9320
2058
1335
8110
8633
2430
4213
207
1526
39
4050
9448
1263
9920
5828
6905
5272
9454
6595
953
1300
6408
3652
2000
231
2645
5328
4128
9116
8286
9838
1656
2798
2994
7214
8895
3692
6368
5452
6631
1007
1500
8541
5166
2830
168
388
8070
3421
461
3871
9355
3620
6529
9664
1967
2246
2094
7401
7520
4220
8243
4319
4233
6557
1497
5655
3925
9138
2548
4203
8419
3004
1292
8723
9599
893
119
438
2828
3373
3864
9458
5239
716
6212
6411
9195
1800
4199
4597
4589
6721
2909
5050
6918
3896
9229
461
2759
1715
3395
6923
5469
8783
2719
1184
1177
7871
6849
7392
9585
869
1719
5380
7952
1649
2610
3995
3254
6215
5188
8110
1022
7743
1563
3477
2486
7455
3098
1876
78
1117
1876
134
3642
6179
475
8954
77
9137
754
1039
2715
1587
5782
2879
7507
1203
4503
5351
3528
3837
6531
7269
9315
8592
5710
6644
2447
2582
9707
2138
2911
589
4271
415
3079
4050
7262
1517
7741
4700
2765
1227
3635
6088
9194
9640
3493
7716
8443
9017
8141
1265
1082
1704
943
5211
5713
7203
9817
5648
4276
9926
6179
4647
7404
8260
4341
2278
8858
4794
3504
3666
7131
635
2503
4871
4793
5339
3393
9708
1526
3592
1178
6120
1393
4718
8642
954
2477
633
9120
2366
4492
4825
9925
1356
1411
3144
581
3454
9050
9470
135
864
4184
2003
9892
5002
5118
3326
7036
5878
4156
6046
1002
9822
1403
6062
5813
1041
218
8017
842
8384
7743
9492
3770
8965
2511
1223
9827
2281
3012
2676
1664
2991
2026
1985
6201
1799
9634
8937
6604
6793
2827
7869
1937
2043
3064
4703
3748
3644
3695
4956
9743
8690
2804
1946
7995
3132
9154
3172
2706
1712
8386
2444
2788
8610
9301
8983
560
4376
9194
3957
7710
430
1800
4468
7047
3475
4169
8824
3317
6033
982
968
1012
6525
917
7733
2463
1380
1417
8043
5799
184
4204
7107
8865
6468
742
2546
5290
2872
9889
9384
7
6632
8650
1306
3671
8610
526
8598
3282
5657
7922
5628
2422
6152
4708
3307
7695
4187
9915
7717
8886
9927
1963
5905
2062
9946
1617
2280
9766
2905
9197
2666
9346
8196
4268
1138
7880
7420
3781
5100
1983
4605
1988
8574
2171
90
6507
9877
3796
1127
270
4135
8794
6969
4547
7292
9661
2611
3283
622
6551
6662
1524
6006
2852
9786
85
5093
1715
9215
3599
6936
8421
9602
104
5046
2733
7421
1111
2331
5988
1952
2493
7611
1084
5588
4541
8941
6843
7121
2097
8384
2487
4582
3745
2514
1075
705
844
2672
1487
6015
8255
843
1180
4787
3598
5885
9773
9940
1930
7540
7383
8284
6061
5750
53
1089
6997
7739
1134
3547
498
6441
3150
8128
6892
4515
2461
7661
1832
7895
9474
3636
8494
1090
9501
8932
1567
4765
8781
1551
4847
8826
3448
1926
2072
7300
5959
2570
5583
9793
723
4911
7010
5723
2852
2559
8926
1864
9493
7549
1650
3155
9464
8917
1992
2847
2209
8224
879
5419
2891
3324
9899
1495
4765
9317
9397
5528
3342
1840
6437
7653
5064
560
2389
5535
4638
1386
1962
9777
8086
3588
2210
3677
1204
2494
7806
8818
6015
6257
4484
7183
7830
1212
9596
1757
4267
8767
7450
7616
8244
2818
2624
318
5360
2793
9012
5245
5834
1915
3358
1005
3735
4715
8738
7516
4259
482
7465
9837
9982
8491
1422
4996
9747
3875
7829
584
5551
1535
4499
5266
9902
2133
8593
1542
1305
3005
4261
2592
9725
4164
9086
4736
9822
1742
1462
5560
5849
5565
2199
1497
8295
7799
2957
3857
9070
3772
5421
5389
9020
747
6584
5778
1829
2979
6810
8756
1571
8315
7142
5375
8335
7488
7587
6612
2085
7340
2234
4297
241
8680
4619
1380
258
7232
4751
1594
9415
8841
8434
2808
8512
4171
287
2059
3502
4033
8350
8608
8865
2168
8889
1454
2421
2266
4232
1487
6918
7141
679
279
435
6244
7039
2428
3065
6168
1927
4412
4223
6359
1544
5917
4671
9751
5501
2617
1446
7768
1219
4193
6559
8185
6825
9834
2558
4358
5774
6205
4758
1409
4189
8427
5395
6784
8698
657
720
2478
1232
8573
122
1855
6355
2554
8802
7305
8208
476
5379
453
8661
3362
372
7403
4351
6810
1433
6191
6982
8513
9469
2276
1789
956
8365
1538
5764
214
7887
7587
9953
404
2477
3569
2485
5918
1793
4053
2158
2579
6525
1063
9768
4871
8370
2722
9872
4278
9861
5675
8465
917
4499
9287
7498
5679
1324
8307
1332
6
4353
8645
3155
7369
8162
4622
2622
2281
2419
4631
4413
384
4845
7915
1641
2236
9288
7224
7877
6963
6313
4514
3304
2369
3955
9393
8652
1556
9437
7607
968
5385
2253
4667
4752
7001
5554
844
4695
8816
1807
1081
5352
6496
9030
7578
2766
2646
1436
5859
3396
2426
762
8206
4278
8266
8752
6958
8671
6521
468
6520
6079
5379
1614
6535
888
4116
1767
6318
3562
1917
1746
1770
3122
809
2055
4874
8557
5280
1014
3758
316
6598
229
7733
8322
8766
3240
8211
5973
5198
7055
5919
3317
6546
9269
859
2107
219
2646
4466
8236
4419
831
3562
7497
1588
5622
8419
1358
2989
6573
690
4750
9931
9388
5101
6529
7700
8575
6792
605
6727
4429
2164
9028
9116
2716
566
3951
5788
5546
1420
204
1149
5550
2416
483
4389
4631
7854
5979
3385
4556
8289
8899
6790
9960
1653
2461
2574
3805
3749
7609
8620
1014
5407
948
6997
115
8771
2506
2452
1013
2649
2332
6148
285
8927
165
5913
1031
1073
8620
7755
985
8374
1046
3288
5173
8669
6608
1195
3098
7540
5348
1224
3965
6826
3736
1627
888
5996
2711
208
9413
3561
4419
9905
8988
6647
716
150
2731
2536
5177
9372
9769
173
7245
2226
4217
4001
3617
9503
5743
5722
5493
7714
4719
3079
4526
5343
7894
7400
4506
8029
1534
1674
1503
6583
3514
5448
8536
9461
6376
2186
5702
5187
9944
2007
6866
8149
7789
9290
5061
8197
6149
1573
3028
1328
674
162
1834
5248
6342
13
6687
4351
7981
9987
4464
7875
8058
929
4427
3501
5662
8216
5491
4134
2891
7922
9816
3978
2550
8893
4986
8879
1077
1923
3482
3673
7964
2325
3875
2114
9329
6584
3051
9349
7013
2526
2197
9147
4711
5011
1414
294
4704
933
5680
4369
656
8291
2093
5465
9438
6502
6049
684
9631
2100
5695
9193
4229
9299
1336
8704
6764
3419
9018
1579
3935
1564
2210
2214
7912
5340
1380
7925
1894
578
2648
491
9317
3666
7459
6735
8126
1290
6151
9186
4357
6525
9051
2390
1386
7382
746
1456
4756
2545
9470
2423
5557
8716
4480
877
4451
5886
6751
2857
4361
3960
9701
6314
1164
2007
8538
3660
4251
3454
7346
872
4602
7032
3475
6137
4544
3896
3875
8792
682
5088
3683
6098
1886
8308
5913
8153
1779
6345
4952
8834
738
6142
4302
2104
5287
8685
179
8798
498
9761
5849
6978
7607
91
7746
600
7548
4414
9419
8355
894
5122
8706
2421
7200
1229
7572
736
9696
2733
7806
754
5622
5983
843
7337
1444
5399
8856
9226
9971
2456
342
7966
2962
9581
5647
4315
1291
8307
236
1463
3009
8593
9360
1271
4518
1082
7446
78
7582
6794
2135
5252
7889
594
639
3482
3425
2339
6048
398
2830
4810
3664
739
921
4024
9811
8652
9858
3198
6104
4189
8077
3311
9318
8126
5590
3576
5995
8533
8250
3822
5304
5659
2378
879
7480
8450
3998
3248
2087
5048
7960
1116
8353
1416
8541
2117
7878
5041
1613
7733
2050
9055
9501
2809
29
1302
3673
7133
5064
446
1321
381
763
2589
2661
3227
9311
3830
2740
367
2303
4292
218
2237
8333
5334
777
1657
3565
3284
8109
4356
6165
2259
5800
9718
9021
1938
761
6740
6198
4919
7076
3812
5274
3948
6588
3363
5463
8738
1573
5029
3656
4845
3190
4514
2770
1508
469
3391
6678
3244
5181
3760
7332
4752
5073
4080
1597
9553
7578
96
640
9187
5378
7183
3371
1557
747
9723
505
427
313
3210
2560
3483
285
5314
9440
936
41
7164
9250
388
2937
7665
270
1166
1625
571
9142
8182
3589
7005
1018
2474
6749
8201
5671
7296
4914
7311
5937
3673
9440
8292
2603
7042
2562
3030
1366
3835
9803
3001
4942
239
1910
8814
485
889
1023
1280
815
233
2532
7216
9658
8760
8521
6439
565
3107
1460
9380
4645
9704
699
1069
4053
731
5355
9844
2951
2411
2422
8336
2414
1155
4135
3747
3782
1443
2271
2933
1856
6486
4110
9811
1360
7391
1461
1650
2524
9305
7631
7439
9210
652
2035
9741
1582
5361
8278
3428
1073
4230
1219
2473
1952
5410
1471
4482
6751
649
3951
2439
8048
9471
9531
9357
9532
781
5907
5455
9335
3495
496
2336
1916
6172
977
1612
4857
9035
1366
786
1220
2701
3555
2121
3300
4251
653
2379
140
7234
8076
8572
8489
5633
5970
6986
60
9477
4556
2428
3786
1654
314
7623
9199
2374
172
6927
9632
2685
4471
4405
6894
3824
2999
1402
602
73
5464
8734
3306
6369
699
4746
2818
8704
4877
6539
2978
3247
762
3467
290
5360
7165
3428
7199
9034
159
581
2204
1157
7868
5025
214
3901
9921
6305
2998
870
3969
6954
6394
758
8530
7325
3987
793
6435
1198
796
9385
228
2423
8258
713
8780
5351
6210
7924
1054
9326
2181
1048
8883
2724
5763
2909
9818
5772
173
1926
4648
384
8163
4003
637
9001
8261
1295
6793
9622
7407
548
1009
7783
3191
4954
9937
2796
6225
2799
868
103
9714
4554
8030
7519
2286
4496
8844
7839
3438
4130
3034
4479
4298
1701
1199
2646
2449
7978
6379
4272
6404
9693
9050
2676
1125
8158
1379
8955
1392
1088
2728
1715
8267
5018
2875
8766
5453
2617
2735
723
6331
6742
622
4631
183
3118
2293
4081
1129
1446
4352
5855
5535
683
2648
7639
8643
7689
5351
2507
1103
6669
9342
8690
4619
3071
1402
4072
634
3812
2344
4510
8479
3541
4870
8345
901
2282
2801
2685
3277
5130
8608
8878
7791
6595
5216
7846
1185
4824
2839
8694
591
5407
6852
6342
3317
9403
1419
4840
125
467
3649
9465
2817
2221
3057
3062
2922
6894
7810
787
7327
5293
5779
8871
4776
2497
5290
3114
6412
2590
9102
5472
332
5154
979
8472
4995
5852
3922
7954
381
330
516
494
5596
2223
5655
8331
2413
9416
9214
8124
571
1032
4001
9615
7792
7127
9298
3434
850
7926
2595
2902
2185
4666
9789
7984
3599
4313
1418
4096
7553
3135
3619
7139
8066
4133
1869
874
5241
442
1258
6304
3609
4270
146
5918
7843
3989
3247
672
4332
2295
3274
3758
3252
4687
9244
7960
846
9513
5143
4968
4723
606
9838
6352
335
1369
2411
5059
1429
8093
8847
1572
2045
5310
2590
6380
87
256
1033
1326
4463
5527
5378
1837
9248
7949
426
6121
4537
6241
7843
6071
1899
8138
7318
9725
5818
179
6728
9653
7926
4170
2009
5895
338
4511
5676
7857
9379
9547
6131
7620
2164
3059
3563
7503
8361
5318
9534
2054
247
3200
8229
5615
8785
350
407
6260
5709
6872
8544
8304
1384
2458
347
2024
3487
2293
5252
999
7507
245
5451
5334
4437
7613
2307
6603
2932
729
5121
5527
5173
841
9286
1147
3707
6612
262
2367
4511
6130
4778
4600
2608
3190
8588
3975
7035
7448
1443
4708
7641
4401
2710
3197
3287
291
9279
8776
7773
709
8087
3721
5973
757
2735
8467
2994
7204
1472
780
7267
5468
3850
8690
4874
3042
2121
2089
2611
1605
2023
8911
964
6059
9516
4576
2343
2248
885
1917
6310
4859
2766
8452
8160
1834
9031
1630
4367
1618
2664
5500
7881
2458
8461
4527
73
682
8682
1346
6838
6446
130
7332
4501
2936
5368
7479
4692
3017
3349
487
7212
910
7527
634
3331
4099
4596
1255
2472
1336
3127
6855
5254
278
1734
8766
5336
1219
2818
2448
7974
2032
6549
9174
3290
4737
6574
94
7820
6647
7773
4425
3304
8582
4176
9673
5310
4872
2897
672
4425
4286
7269
9809
1598
2162
9378
4634
9180
6212
5277
2424
6498
1253
9118
2979
8214
383
104
6932
6985
1105
7853
4701
1564
6812
6865
8532
2323
7071
3365
2550
5958
7614
4623
9507
5213
5265
4760
9151
2593
1977
3617
8482
4521
1515
6094
9998
8165
2470
817
1003
7984
1645
7704
6074
1445
984
9325
5896
2049
6450
1397
5038
5271
2138
4294
5734
4941
5714
5516
9278
718
5734
6056
2470
1922
6914
8324
5280
653
1127
4840
1636
7159
6351
8490
1559
3782
8465
3182
9544
1025
1591
2209
83
264
8979
3283
2911
163
3552
794
6854
8396
2234
395
6415
6351
6064
4306
4896
5653
1839
48
1116
2476
1685
4567
737
4654
3076
719
7440
1873
9449
8664
653
7450
1848
9252
8413
805
8884
8473
888
9085
1586
9548
1442
7088
3181
2359
1484
73
398
5577
825
1361
1395
4570
3127
8751
2305
1030
2184
2212
1501
678
7969
1357
7528
1130
3169
2876
4646
2400
5266
7026
6976
1558
8855
8409
852
1220
4850
2203
3495
1230
9549
95
4830
5866
3132
3236
1174
8328
1013
2979
364
6899
4280
5123
935
6817
3830
5700
6603
3466
3818
2300
6949
5123
1828
7905
3414
3906
2453
8345
9810
4697
9035
1041
2489
1789
5088
2198
8378
7490
8575
1190
8717
4711
8396
4361
8972
8256
8915
6370
6125
5756
4166
4691
352
5755
9255
6481
1889
7711
8916
7878
7244
7708
7346
1566
3840
2718
9903
3881
9060
201
4161
1636
4844
3004
1843
8836
533
5276
4353
8064
184
2092
7727
9220
4162
6852
3588
8353
1819
7578
8204
958
139
8197
5504
2348
2273
2229
3966
6233
7578
1575
7235
7961
4314
3861
2709
2473
5410
8371
711
8960
269
5113
6944
6756
119
6936
226
1053
4346
1044
9763
6358
2054
3676
9164
148
4005
2628
3001
1353
279
3538
6362
6040
6614
9181
108
7207
931
2071
8735
1636
1784
2339
9741
634
6406
6877
1981
7110
8986
8832
9602
5322
2996
4005
3081
2272
2543
6045
5442
6584
9953
5906
288
3374
5749
4063
1406
817
2552
7111
8272
8122
4653
6649
7838
3888
424
5437
760
7911
9776
7636
9217
479
2188
6936
7731
3795
2541
2257
6295
5112
8613
6387
5165
2462
1327
2333
2224
3553
3262
5490
6574
9309
9944
5806
9519
3712
6018
956
1422
5384
1895
3966
3895
4154
3612
5344
5460
1421
5939
8089
8813
8134
1940
9494
6246
4661
8554
2100
291
2590
2495
8185
3848
2172
8787
7387
5782
1453
9024
5206
696
4770
581
4752
9947
1146
9382
4452
3249
1308
282
6335
7277
2693
377
407
4505
6325
5475
4661
502
9262
588
207
9395
3139
2368
7708
1417
930
8952
6770
2716
1854
3905
3977
4713
2094
3602
7371
2720
6785
8714
1289
6989
3840
814
2193
11
2668
188
1137
9863
7373
8179
4457
7156
5811
3021
6276
2240
116
7297
2121
9028
2960
2770
6040
3781
8423
5132
9568
8445
640
1673
8754
7048
8014
3812
1958
7472
6671
1940
3066
5320
4882
6812
1734
4023
6018
368
6875
634
6686
2004
80
277
500
9222
5164
9306
172
3739
8855
4096
1743
3508
7725
2037
8583
239
241
4550
4629
1722
6268
8697
3906
4475
5179
5985
5672
6860
7566
6147
5242
3002
132
55
7424
4285
1534
6157
1533
1174
3707
751
7820
318
4246
3100
1383
3547
2701
8001
6152
7215
2523
8988
1802
3913
289
9212
7228
557
4062
5983
1771
6667
8567
9365
7228
8439
8526
8536
4715
5636
2178
6897
6057
2117
323
6866
863
264
1804
4763
1391
7845
7889
1752
4541
4321
446
4512
3685
7885
4665
4510
7499
3053
9571
8310
9490
3911
9339
6131
7767
4543
214
8434
8033
664
9470
6532
3945
2279
680
6412
3810
4183
4390
9113
567
1336
1386
103
6894
2565
871
2665
7812
6968
5219
7169
8790
1302
362
2422
6752
4526
6109
358
7561
4407
1165
775
7248
4553
7578
9163
187
6859
5553
5912
5247
2586
3963
6069
938
8373
138
7949
2252
9669
7163
863
1333
1274
2261
9143
3576
1434
3280
614
79
3542
9160
2065
8777
4637
3099
9411
7840
2108
6413
777
8108
6600
6926
9905
4295
235
9744
5035
2828
1630
4949
1719
5551
5631
8896
1826
8155
4792
261
1787
6020
2177
5947
6670
9007
3155
5732
2649
1862
6222
5196
3366
5605
2210
1370
9287
7675
5903
7390
3472
2937
9767
3242
6706
4279
700
1177
4250
9022
8883
3480
1102
1910
6170
9977
6342
9799
6091
775
4547
1741
3870
9949
4358
6660
3609
740
3759
5099
3194
5053
8293
8445
219
1827
203
9804
8403
5973
3994
4409
1665
6172
421
4811
2523
1211
6622
5483
9732
9730
8189
6422
7007
9141
5457
1583
2520
9144
273
9444
2753
3445
14
2149
1107
7297
5680
3273
1816
6120
6890
5015
3084
5006
9014
2328
3838
3882
4082
7317
8497
8138
8524
938
3193
2746
9392
3153
7111
7499
7647
5815
8057
4784
8483
5454
1459
2452
5107
1915
2982
4274
2562
2927
9531
6228
3565
8152
11
5421
3541
7943
4335
2200
684
9171
1131
5014
7144
8304
4769
7382
7656
3717
3730
4481
1809
555
5061
6895
6777
2415
3407
740
8890
7158
3845
1205
5393
3745
9306
7534
6387
2478
99
466
1665
13
8500
8931
9033
8131
6553
2720
3939
2111
8911
4994
3575
8254
2147
8123
6393
8632
6342
5642
4777
9194
3621
9195
458
9423
7281
663
9491
2959
627
2149
8645
2886
9666
679
2544
8967
5512
2561
4772
1584
1114
7518
9478
3518
9391
8755
7067
3878
3412
2299
2920
9132
7360
9038
4897
7732
7864
8439
748
5586
7206
501
672
6077
3515
710
46
2988
3911
3845
8614
495
684
9211
7924
9320
5462
3756
9319
3094
6303
8303
1500
2313
8320
4688
1177
5615
588
7088
1844
9026
5884
2203
4200
5640
7301
3759
9384
3153
3232
319
5793
516
5253
5966
5572
7249
8242
5984
5542
8990
7846
4445
8034
8229
665
3539
255
9472
9500
485
8265
3333
3607
747
3096
943
1117
4980
1123
8265
8632
6391
4044
6633
9145
724
1190
8594
9287
7876
1075
4822
2616
8557
2751
3308
8857
4246
2187
105
2569
6780
8206
1030
6542
5827
5862
4666
5108
6578
3469
2371
27
1592
1283
1602
5655
2388
3483
8800
9373
2531
4812
2696
9105
4441
2444
3671
2725
1670
1667
7766
2276
5633
6429
6024
5614
1178
5642
35
572
6718
9030
8126
8234
572
1752
4265
9225
3058
7725
8551
1262
2627
6917
6951
5868
7400
2163
6824
9620
251
3568
7113
2250
5436
8718
1924
2650
1191
5759
814
547
5074
2525
661
8835
4788
2644
9545
9899
7420
7444
7149
4159
1503
1102
3553
1517
8706
5206
2748
577
9548
4632
7797
638
3316
6342
2035
1468
2611
1403
9622
1990
7282
6921
7573
1081
9132
5792
1828
5010
5043
9961
6363
6492
9306
4035
6235
268
1133
1441
5576
5838
1473
9011
2788
2271
5137
2677
6592
7871
1760
2402
4084
9146
6028
670
2305
1756
846
438
2663
7492
855
3623
2121
3131
6848
4248
2047
1937
1734
8987
9140
7642
5824
1039
1137
960
8266
8265
7214
5797
3936
8767
5131
4636
7189
1560
3538
3004
9516
462
8603
5884
4665
2254
7275
934
7287
459
5807
9175
752
6989
4204
1898
7523
4141
4122
1656
8808
2990
763
9483
2931
7919
2555
1138
5377
2861
4113
4499
2629
4383
3971
1555
6100
9022
7151
434
1674
3247
3964
4691
9940
5615
5684
6501
3842
1929
7424
2146
1602
7758
2711
1301
8740
3601
8371
1391
2254
1640
3796
2364
2783
5358
1944
3162
753
9802
5687
1381
639
605
5191
9568
2557
6057
967
5798
7171
9878
1722
5815
5761
1727
6546
1150
942
8052
3458
2051
5444
443
2053
1935
2160
6726
9013
6051
2949
4265
4835
8284
9929
7934
4248
2179
592
531
6055
577
7794
6418
1004
571
6368
7852
1599
2606
1457
2608
9227
1520
5765
1156
5277
2224
831
6463
6672
4543
8521
8649
2388
6557
5960
2505
1979
9266
2003
2277
4963
6385
8343
1844
2577
8232
4464
4569
9669
5690
5644
471
412
6573
6625
8374
1249
4231
3990
7185
2495
4104
4809
1901
1382
3601
4721
4536
6999
411
4564
2788
3091
2447
1028
8319
4287
682
8141
6879
2257
2413
2900
567
9509
2362
9081
6031
216
945
1949
8916
142
3029
5113
9535
6235
6031
94
3346
1237
790
3702
125
9993
4430
1494
961
67
7088
1456
8039
2246
3998
6051
8145
7877
1322
8471
771
2127
9027
7371
3550
1045
5218
1472
5321
3842
4141
2769
5660
7162
101
4661
7828
7697
2763
7733
9520
8845
539
9967
2329
7760
8118
7503
4181
1872
5953
4406
3031
1086
1588
810
5929
7176
9089
200