5000
4977
8383
9677
2015
9355
2718
5866
5531
4196
1594
9256
6953
7443
2433
1301
7160
9431
4951
9830
5315
2647
447
5550
5296
626
1951
4809
5803
5946
6054
1373
9749
5793
7409
6042
8412
4562
3567
3344
1494
5729
7683
7629
4108
878
1804
3836
771
4257
530
6344
1850
2327
1544
7900
8099
8958
3508
9778
2004
6823
5983
203
7801
3472
7582
6045
6021
2525
6376
8103
571
1955
948
4573
5267
9771
7914
6787
4599
4636
5276
145
1661
733
2477
6078
5244
2642
8821
9595
7475
9528
9329
2671
8810
1737
9779
6337
3086
2848
4983
2373
4269
3179
2037
9101
6039
5494
2086
7158
4140
2276
579
1888
3144
6415
5785
1741
7181
4661
2670
2581
8820
763
6961
510
1918
278
7586
494
5379
3030
2319
7237
3068
2298
7080
7157
8478
4531
3048
9721
494
389
537
8072
8368
5816
5877
7087
5507
3967
8079
7839
6316
2343
5468
7079
7409
4744
6699
3480
6808
2915
1495
8781
8592
2629
1551
9922
3856
8491
1397
5338
2046
2607
8586
440
8621
7728
4570
7631
1875
1016
1877
320
2229
2896
4998
7966
2857
7837
2752
5497
8811
3014
5805
6404
8070
6223
6397
1653
5431
4104
7911
9865
5557
9614
3645
9342
9946
3293
5547
9426
3544
7769
9139
4667
8038
4482
1418
4843
1439
5450
5175
8136
956
641
4868
5587
6018
9411
3596
157
138
3218
5236
791
3391
827
5655
377
9294
1543
2675
1841
7830
2154
1512
5227
8902
8738
9692
2696
9160
7751
2736
5456
3114
3775
4024
2356
5326
30
6145
6315
6898
31
6198
597
7970
1625
1125
3295
2829
9402
4456
7556
7656
830
8889
3274
1966
5197
7738
7051
4863
877
1372
5672
3287
9972
4939
6047
8944
9105
8068
6251
1079
3863
8262
5084
4551
7209
2045
7547
1477
7832
6805
9795
8772
7505
6651
7007
3591
2964
9797
3979
2987
5235
1896
1157
4239
4684
2234
999
2656
1945
7186
245
4494
1924
3531
3365
3988
7659
1429
1199
7065
3997
275
5095
2532
1855
9514
8785
6583
4582
5834
5633
804
9973
2294
9524
7948
1248
7933
3175
3385
2588
6796
8272
944
1003
1517
635
9970
2873
6087
328
3411
1870
7282
3305
351
6743
7677
663
198
9400
7681
1940
5648
7430
5430
7003
7297
9811
394
9083
2577
1038
6768
4469
3448
8551
3601
7089
9019
1485
1083
2395
6317
6086
5971
2047
9244
4856
5132
1625
1216
1889
1809
1680
3226
6992
1336
9517
9927
1186
3688
230
7279
4348
5220
9897
1469
1599
1345
1781
484
865
5272
1794
9722
860
810
2254
9061
2070
4126
354
1784
4407
9326
1403
2075
4009
2153
5466
2697
8529
992
6975
140
5535
1296
8089
8146
2297
6489
5990
6547
4343
5766
5382
7864
8295
9217
3717
2481
8541
700
9689
1576
7209
1525
5433
793
8110
5504
4630
3369
122
1199
226
6640
3579
2393
3962
6920
3457
4331
8166
536
9529
702
8636
5884
5618
7709
8453
7784
388
9148
9398
9483
4584
7102
9719
809
2115
36
3720
8
2135
3987
4197
5091
4508
2475
2132
6591
4700
8660
3445
4753
9999
2006
9500
8140
9632
2983
109
3314
2463
7561
6175
2530
7025
3856
5211
4698
350
8189
1914
8806
7548
302
878
9408
7542
986
1373
3490
3538
9591
1361
960
6373
2636
2848
980
7805
9143
7327
3015
3898
2282
6414
8042
1834
9761
8942
9550
1419
662
9779
722
1
4640
3884
795
3410
6709
5698
396
5373
192
6445
2662
9694
1026
3248
4424
9952
4937
2069
6432
9786
677
664
7020
1431
7435
8488
833
2660
6400
7578
7611
1028
7222
6286
8826
7115
5595
4966
3759
2418
5396
6548
8971
5284
9406
6659
3252
1011
976
2375
403
6731
3907
1947
6909
1671
6901
1968
4070
1835
3690
5275
8864
6197
7366
2787
8683
6855
8475
7045
4791
3086
7549
5598
7371
7197
3806
8737
3148
8264
8051
6830
137
66
1389
4666
7144
2446
2824
3581
392
6521
6299
4217
7545
7282
4569
8624
2833
2333
8891
1191
8378
7058
6404
2528
5405
3767
8503
4835
4556
6893
4367
4563
6444
6632
6331
157
832
4310
7275
8074
9297
3035
6248
994
3161
94
2968
6813
2119
4756
4179
814
4164
221
3583
7894
677
3746
1573
4466
4363
4422
9993
8012
4657
2008
199
2221
5840
7395
4197
7963
2038
3654
2123
8038
9981
6646
1338
6449
7443
4071
2699
7339
2697
8036
887
7256
4706
2939
3800
4066
3134
6270
2411
161
1248
4961
2706
1590
6483
5268
482
7388
6547
9391
763
5795
3177
5762
3091
9943
8080
1726
8295
5262
3742
8317
1986
9482
7988
5881
8078
9773
8960
205
3737
7304
2753
6851
2908
7609
750
5529
4888
2722
2507
8308
33
6094
5451
8612
4593
7475
596
5135
6917
7090
4596
6770
731
6760
7706
5846
14
1884
8070
6344
9040
1823
4080
9461
2568
4865
8613
9215
816
1961
7974
8888
1592
466
7637
9801
1307
8083
7156
3218
4457
9489
685
4218
5609
4584
5561
2069
1776
390
6990
2696
6948
1096
7425
6077
18
4871
2040
6941
6300
5332
6607
3892
9808
7365
5328
3515
3332
3033
8303
6402
6143
6051
9425
6607
6977
6224
1625
8064
1019
2210
7607
2390
1806
8588
7819
1493
9069
3299
3897
7212
2332
1917
4895
7585
8391
2178
565
6283
3720
5215
9096
1076
2686
4524
7449
2233
8144
3804
6032
8850
9190
1195
2114
3676
2599
1078
1435
9236
7330
5517
1811
8112
8995
4110
9387
2970
9299
1673
7373
5303
163
8064
2966
5136
3047
2357
608
4509
1515
7218
4521
2640
1534
8119
3602
4382
2953
5883
1734
8799
8975
1052
9852
1160
6556
2079
2237
9010
2747
634
3456
7347
6674
15
8948
7983
8298
9466
8423
1974
9672
9676
8428
1922
8773
689
7153
2999
8359
3638
5010
6724
8117
6357
8542
1907
7147
6529
8426
6177
8283
5227
5731
4312
8537
1128
6137
4983
2224
1614
5179
8281
2614
4928
6384
692
2661
762
1524
366
7261
5518
5931
2742
5437
3128
7614
2114
3084
7028
8542
9219
5400
5778
3106
8752
1816
6463
9231
5780
6858
2573
1606
2210
9429
37
5389
6137
4280
5440
229
2444
7199
3240
6453
864
8181
8901
1563
7575
1319
3679
460
3307
154
5080
8161
34
1067
7166
2988
5979
803
7501
2106
4885
2162
5380
5275
9722
4660
3211
3229
4773
1436
7377
6907
1064
764
6458
243
1978
671
1589
5969
6200
2395
2855
5467
8182
7174
7695
7765
2695
3684
1257
5842
5324
7492
1877
5937
1649
4163
6718
6932
6323
6788
730
453
4821
5250
9960
6582
2441
5684
261
1380
539
7458
2981
6038
2804
3973
281
9528
1773
6151
82
8423
4896
3971
6530
5641
851
8634
3846
6960
8419
3026
499
312
2353
8104
8817
8870
4580
4455
8655
8603
1552
1701
6265
2879
4166
9937
464
1528
7796
1566
5461
1904
87
7556
1344
2714
7769
7716
6635
8154
9189
98
6112
8080
8149
670
8274
5698
2984
8033
7362
5152
4892
5276
3212
9893
9342
2637
2644
8159
6853
8168
3035
326
5276
4387
7177
1085
4352
9302
8513
4573
2967
4279
3081
5412
9896
4227
1595
3788
1822
4878
4739
8601
489
2132
4025
8521
6072
2594
676
3880
6540
1367
2601
1406
1651
2471
2660
4743
5737
5081
8147
3946
894
2025
7461
4024
9556
2169
6195
4622
4840
8085
2458
4897
9776
8927
7523
1101
7213
7739
2813
3206
7642
8678
6424
7621
1060
7223
2507
6052
1343
538
8362
8766
2003
9971
1393
9545
2284
5053
879
6128
9218
9849
5505
7277
155
8888
7765
4733
7973
7873
5080
9027
768
333
932
2350
3243
8700
9202
4664
9320
1095
6137
7969
448
1083
2012
9356
3052
8320
6919
2681
1718
858
6636
4579
4984
6263
2967
7419
5909
4662
1274
4295
4173
3124
6700
3731
4750
4367
1317
1376
9328
7057
925
6939
9958
4041
8086
1979
7258
7349
2517
3411
6986
5352
7463
4017
220
6325
8272
4695
9239
8265
6815
7562
3164
2099
9553
3579
19
6325
7961
1503
9759
8667
6331
275
4932
9398
3381
8765
4574
6855
2800
1128
9253
526
4599
92
6694
9831
5752
2996
5763
9627
6585
212
4551
3330
3926
8464
1381
4088
8791
1503
2198
2736
5664
1791
4881
2347
4975
8361
6179
4265
9825
5082
640
983
3509
5678
2286
4101
4405
747
1170
8185
2631
9230
1112
1142
6723
8636
3517
1808
9544
7896
822
4325
3614
1752
8899
5486
6031
554
6445
9116
9805
6517
1157
422
206
8169
9155
254
5701
5588
3498
2474
3689
8895
1583
9195
1779
787
685
8274
3730
36
227
2292
7342
5178
3971
6054
4712
5190
6791
8110
4194
3118
7622
5495
5695
1646
9881
9343
9721
8838
5907
1207
2893
1854
4524
3864
7083
3595
579
2458
3714
101
3746
3748
940
5223
9431
1471
809
2179
1832
63
289
4561
7519
4722
2616
9162
8548
4536
1794
6572
9448
2196
1145
3588
8915
5316
326
4961
468
7968
4089
8649
8989
9598
2650
5342
5277
8253
9108
2573
455
9265
6169
4195
3450
1259
4145
463
6291
1708
5853
8539
4750
6204
2664
2408
8013
4744
6120
9227
2744
283
1076
6296
5072
9003
421
4351
8310
3096
7716
1943
286
1038
2988
129
7594
1216
1233
2578
4665
6072
1082
3707
334
8632
9438
2230
1041
4363
6013
7183
7690
2286
5895
3719
1533
2145
1893
1368
3228
108
8048
9776
4913
7265
7139
8602
2796
7026
8139
2600
2274
8323
8043
3031
7069
6749
9539
7027
4265
7414
8475
4377
5167
9816
8622
9966
498
231
3326
9185
2617
8031
4833
7305
4973
2543
4714
3388
4247
4078
5214
5995
914
7409
9773
1139
3719
8006
1584
3606
4378
8161
8907
32
158
5039
7104
6920
1746
8262
6218
4269
1413
7479
3342
9679
4297
5263
422
7473
9488
2395
3346
1059
9428
8846
694
7420
4164
4489
270
4374
5119
9122
2407
2587
1076
3069
2501
6521
2104
9496
8996
617
4132
9245
2160
6567
8218
381
1436
1979
1184
3870
1193
8919
7085
6399
465
9397
1867
2927
8068
114
6191
9380
2686
6928
7602
8116
3744
9084
1590
8212
8702
3130
8721
1533
415
8778
809
5566
4634
8326
2658
3347
3501
3538
2970
4862
4591
2120
949
7454
763
3353
8802
731
4241
9929
5623
7346
4162
4985
45
9712
389
1467
2709
1639
546
7187
416
2280
1048
8841
4043
7538
1100
4474
6589
2820
6591
7086
2341
9617
221
537
127
7076
184
7681
7830
7017
3771
7429
498
3097
3265
6192
1513
2587
5535
2724
1351
5783
3094
7838
3363
5023
7044
1352
4499
4341
1367
2238
408
60
539
5398
1615
5030
551
7178
7578
9113
9754
5226
1945
2945
7927
2627
130
3723
1680
4696
6659
2357
1204
3303
6532
103
6021
6623
6446
62
748
4736
1862
7917
7441
7273
3449
2231
2308
5714
7802
9171
5983
2787
430
7633
7440
2541
1447
7347
1359
5240
896
994
7191
755
9045
6176
486
3887
9229
6098
9035
956
2997
5880
7193
1101
4552
7339
4892
5947
9325
8450
3497
1812
7959
9332
1797
6917
704
7625
4723
9323
7345
26
9799
6616
1517
1280
6204
1258
2836
5133
9143
3721
766
6819
6602
4650
2578
8356
1895
834
5323
78
5565
9604
8046
8467
5147
418
6570
6134
2466
1977
803
1579
4700
3753
2452
3632
6718
5227
1533
8103
9227
7841
4473
1018
3019
2981
3915
449
1065
4237
9632
1820
1540
1840
169
944
4110
5231
1755
1860
1366
6601
2024
4946
33
2565
5477
6089
7193
2344
5549
4197
1601
1802
8543
6164
9876
2295
2003
894
2622
2005
126
4395
1316
8712
8081
7546
9461
1680
4085
5654
8741
9430
8816
4303
2552
7123
3797
8916
5025
7531
6623
9170
2731
8846
9750
1817
8381
6086
7929
5221
941
3663
8111
2074
8102
4334
4271
3459
6134
7616
7593
5781
5227
3987
9405
9304
4255
5174
8506
4247
9234
5773
5224
1490
1557
3123
2759
4944
8592
8990
5374
4441
7324
3494
16
395
8420
7331
7193
8743
1532
1797
4808
684
1997
7709
6297
7860
8522
9225
8594
1625
1072
2113
6101
1729
1174
6309
4585
9922
2801
165
8437
8903
5
9455
9073
5677
6562
4705
6806
3403
4441
508
7230
674
768
2554
3500
1674
8434
8228
2627
774
643
2739
4424
3173
1606
8215
134
2998
4922
9907
2725
1667
6910
1493
9182
9963
5677
6290
7345
6776
1664
5396
3171
3471
2113
8851
988
6245
3999
352
1519
513
8596
1130
5182
2904
2574
3411
3890
596
9415
5807
8121
2358
2899
8770
9359
9935
3912
1979
9011
6457
299
8411
6060
1436
4377
6990
3014
2556
2153
2981
2390
2615
6122
9134
3786
6255
729
2911
1002
6550
5738
1057
475
1626
4213
1354
974
4143
8270
38
7968
8290
3775
5178
7220
1565
3674
2964
7021
5381
9529
7176
6398
7947
3266
8665
5465
5126
1332
2491
8964
3794
2204
7220
1596
8374
5109
4068
511
1316
3527
8792
4657
1918
5820
535
322
8266
7745
8368
7501
523
4150
8757
9818
7560
2303
1695
5872
4128
3204
3284
4854
5438
441
3152
345
9758
5684
957
9579
4821
7770
9403
1025
5233
8173
5768
4157
6129
6562
9314
9368
4804
9274
7218
2363
9912
4362
1337
4936
7208
5464
6728
9180
4777
9844
537
1545
2273
8507
9734
4909
2667
9629
1402
2210
2696
3960
4154
2639
1608
1721
8604
7356
6075
6778
1270
5006
2558
1116
770
1321
3798
8013
5165
2029
1429
359
9433
8753
7892
5844
108
5577
269
6591
1608
403
4249
8775
2639
2029
3026
2589
783
2162
7665
1007
1612
7699
8775
4779
5999
5196
7122
9370
8463
5836
7962
3547
7190
9807
6844
4120
3769
8552
7682
8368
2446
3753
858
2373
2933
9251
4429
9077
8771
7673
5015
3234
2616
7203
8167
879
5866
2695
8658
4980
1857
6472
1587
5978
2300
5735
5924
6686
545
5927
5144
3531
4711
9147
7284
5887
418
8038
6189
4409
1093
7601
3502
1660
7873
2624
518
1027
4811
1459
3681
5526
878
3845
4150
1989
3316
1842
2950
1049
7788
9367
1985
3962
3719
2210
9313
1243
6920
12
1629
5120
6328
8848
5073
5870
5735
3733
5793
4607
7335
7860
8486
3082
4734
8521
2138
315
6078
2167
1223
2730
6532
8434
4946
9316
5929
2838
8213
3429
9030
7458
5939
1062
5894
2592
2695
3465
5453
2651
282
1544
6313
2553
4855
3874
9078
8963
4987
1921
346
9487
7837
322
7021
580
3723
9789
7862
6893
4589
5453
9780
9471
1721
2624
9577
3203
363
3427
5496
3847
5996
7846
1911
2151
3903
9372
8783
7667
8461
3855
3166
8083
915
427
1493
61
7105
7204
6096
1746
4526
1705
5878
265
6211
7972
1684
2104
7551
8896
6324
9681
4047
67
5436
2007
2230
9659
3478
3335
1276
3708
4415
8200
2370
1037
8626
4572
1292
2842
1129
3499
7907
3503
1562
4714
4060
6894
3206
3905
3073
2714
7611
7637
5724
842
2716
6204
4686
60
924
4245
4011
5156
9575
4361
2370
2612
777
1383
9892
2380
2429
9762
96
4635
6430
4502
7324
1410
4112
7497
1223
188
9934
7545
4184
5035
723
5879
5462
4511
6413
1028
7430
9644
6958
9821
6564
4224
5060
5656
8384
6496
6157
4109
251
7503
3156
1976
2702
7934
8287
507
7319
2470
1405
4357
2765
9139
6486
2585
4229
4966
8913
2205
1394
9161
477
3805
2714
191
5036
9361
2424
9183
2989
4391
6868
9751
2543
4602
5984
9571
6903
9289
476
1497
1033
916
6674
187
9870
2154
1681
1989
3837
1416
1484
7323
4107
7036
4056
8982
3482
673
2307
7745
4744
4421
2843
410
7383
9425
1460
6591
9507
8943
8058
5048
2590
6871
1297
2984
6341
9155
9537
3073
1357
7422
9606
7201
7425
4521
9315
6000
6849
1802
5740
29
7763
6749
8719
3747
9687
1383
2512
8724
5707
6067
8459
6143
3522
2536
3886
8417
1425
9661
542
8179
5317
5795
7851
6266
69
4456
9321
6340
6349
1163
2297
7193
6758
974
2210
9877
7908
530
7161
99
7941
5998
6636
6417
3263
6115
1878
692
6247
8482
1233
1431
1554
1078
2944
4217
48
9314
4844
6489
9638
8436
4501
3714
2044
7112
3136
4154
2490
9274
840
4296
7020
5576
7484
2745
7692
5392
4573
1779
4770
9159
9172
6642
9576
6309
4564
2381
5433
4765
3221
5398
8048
6737
1204
1834
1224
2235
4031
8860
4779
5142
6389
9301
8275
379
8010
6158
1908
499
8684
2508
9324
6742
4635
9019
8109
3505
5943
1540
9898
6292
5584
6179
442
4300
4206
5425
3047
6599
1223
7664
880
6323
1290
5326
951
1945
701
4617
4678
2230
8333
3166
6763
2246
7230
6235
640
1487
6038
9647
7177
2576
8546
4412
6581
8936
9949
7815
3551
4744
4833
9472
8887
7813
430
1435
1583
8865
6296
239
5077
958
2279
3979
2309
8188
4824
2891
1555
6968
5672
4113
9376
1030
2518
7062
8221
6353
2285
3960
4377
2713
3239
1810
5027
9731
567
4467
9536
149
4875
380
7539
491
3920
1860
6790
1366
9072
516
2
6240
3077
1202
8663
574
6159
8024
3562
145
4157
9356
2766
6970
3069
7439
283
2856
1410
7344
9780
4625
6453
3783
1256
5900
6835
2577
1094
8996
7118
2025
6033
9030
1125
493
38
8862
1929
3661
2788
7943
1465
7274
479
6571
4746
3283
7629
317
8991
761
2885
4317
3157
6120
4638
5692
3701
7984
8937
8118
9897
8345
4459
9098
7324
9336
4098
7827
536
1721
6991
6358
4746
7065
5964
995
2490
417
8171
4821
5069
4264
6711
9981
9824
9988
2540
6264
145
2163
6871
8961
9369
6245
6535
3641
9367
8395
1507
5365
6486
2424
4792
3261
1948
1396
2186
8450
8773
9616
7773
9739
497
2403
7492
9424
7856
7685
6264
8049
3660
822
2590
3261
8519
509
2735
2202
9582
1646
4071
5335
5310
145
8484
2732
7340
704
7713
6971
4322
8587
4288
792
6308
3039
4293
872
1369
1208
1871
4914
1923
7439
5534
1490
1356
1760
7205
6677
2167
6378
8112
8645
789
6186
9582
2883
6462
1510
3944
2238
3655
4730
6471
1588
5404
2891
9009
6828
9353
1165
6322
3076
8934
8808
9061
5623
139
5866
1625
4080
1498
7652
8330
2168
500
8780
6043
5263
5633
3649
7881
6982
2318
6835
7838
2548
868
904
6370
1305
5201
637
1344
1101
4419
9492
3818
6374
3696
5620
5803
9317
9361
9384
9481
8736
276
5855
7812
999
9666
1957
6585
2668
6878
8929
5579
7522
419
423
3932
7046
7183
2403
5103
5446
2738
2912
6052
418
9109
7975
7081
9645
6642
3263
4697
1008
6968
2271
1282
9106
2473
123
5493
6725
2159
3658
6100
9941
6417
1477
4857
2762
3510
3400
2215
4918
122
3027
2074
4251
1713
9578
6474
7440
7174
1516
4396
2058
1231
4267
2060
8184
2602
2379
7328
3630
9547
6133
7797
8358
5861
1266
5138
8665
4499
7490
3739
3446
209
1570
9334
2018
7862
8466
1443
7427
3890
2457
146
6469
1964
3330
2201
261
1555
3501
3189
8280
5913
8396
2738
9214
3157
9217
829
9251
409
5466
8266
2847
4049
9129
9806
7685
484
7914
4208
4994
5443
4942
799
331
9094
5099
2976
1402
7156
4346
7004
2626
9149
9417
7751
1301
2893
846
9124
2203
837
7816
2521
4519
7330
1293
3836
5638
7982
2584
663
2337
6814
8370
8040
1236
6346
2143
7644
3879
2957
776
2764
4576
3718
9549
571
5759
1527
4975
1743
6711
3629
9187
7982
7751
378
5275
4597
84
2559
9607
5920
2314
3163
995
1930
2745
5694
1187
5911
1228
1601
273
60
776
9560
7159
914
1623
7378
974
8770
6244
2119
1154
2580
4181
3699
7746
871
2877
4667
7501
1536
133
7060
527
5357
9920
137
1425
1157
5959
3144
8095
1315
4920
7642
9228
491
5816
4497
5981
3130
7464
8972
4989
3458
3340
2439
9778
8723
8467
8557
7252
6599
6121
173
1845
8502
6563
6468
3438
1518
4623
7821
4499
7326
1125
5497
2436
1912
9298
3252
1533
572
8536
5111
1665
4208
9876
839
7440
2596
8950
9503
1234
5558
5727
2660
2061
9916
5206
6967
3046
1581
1657
7738
6909
3410
7781
3368
3160
9775
9237
4195
5854
2450
1906
6938
767
407
8020
1637
2887
9762
6244
1031
1516
391
9520
5466
4365
985
2663
475
4686
2374
6621
6862
9438
3252
2020
8063
9165
672
2375
8060
1564
178
3209
195
7123
1309
9891
1121
6042
327
8229
7690
2640
6752
7648
8028
2495
1465
8935
1315
5264
4146
6968
4889
596
8915
9700
7417
3457
7632
7804
1905
9055
774
2360
8872
9717
925
2731
8532
145
7223
5979
7827
7761
2284
3692
8881
727
91
1078
380
8611
9130
9726
609
3890
4210
965
4746
7653
7365
2511
8511
9262
4085
8007
2448
4461
4172
6127
7753
7288
8990
3157
8041
2507
3844
811
3968
9422
7823
9334
6812
2720
6010
7048
2991
8916
4087
9144
2703
5844
1338
1370
9754
6433
2791
4763
9732
4194
7953
335
7302
4568
1455
1079
8725
9428
1966
7284
6642
9487
4603
5457
8011
8048
7139
8973
104
5810
9104
1850
9421
1819
1920
6066
7694
899
5173
1518
2251
1454
1161
2413
5878
9618
4359
8105
8527
5237
6399
3741
4896
2367
8740
2703
709
3672
9632
7894
2966
2478
7106
2654
4062
5207
1784
6173
3485
7990
9574
5896
8091
164
6359
7313
1277
1704
1964
8564
7118
6340
1654
8702
1359
5591
4149
3063
1580
3905
7049
1323
4462
1226
4310
2178
6806
9196
1734
1930
6775
1896
9937
4258
6369
9488
5334
7879
1477
9542
6904
8288
7963
8845
371
8581
8841
7233
4805
7266
3865
7219
2169
1890
7662
1044
4225
8694
1634
7272
1791
7609
7995
1803
3039
1698
4451
7208
9084
6532
9090
6253
1873
1844
2783
7474
5494
3826
9252
3138
285
7544
4600
9015
1442
7350
4728
5321
1503
3067
776
3705
9506
919
6071
8524
1257
4815
3498
9113
7827
6355
4146
2725
2396
5306
4319
2191
8097
3860
7451
776
225
4865
6300
1619
6079
576
776
2448
8084
6579
7486
4150
7794
1917
1797
7874
4259
1718
155
4068
998
7240
4076
4847
2374
711
6340
9884
1245
9374
165
7072
5407
8933
8052
7057
3739
4018
2787
9666
1514
4793
6045
1192
7095
3008
5061
8980
5627
3706
7630
1718
8930
9741
8182
2906
5764
4373
6408
1603
2760
4491
1527
3356
1132
8186
1649
1514
8521
3563
7926
6453
7708
2004
1758
1569
1529
1720
1476
4282
693
9124
7389
3095
2266
6762
407
9416
9359
1343
7568
2550
5824
2912
3087
5951
8300
8109
8221
8097
3747
1903
9681
6676
4332
1244
3720
7262
2741
700
1293
9532
8699
9516
4689
617
2546
6326
7641
5751
5551
2632
9431
399
1154
9001
8256
4498
8960
1840
4386
2389
1952
2392
37
6437
2965
4280
9286
1640
4971
3258
3858
8257
3413
3470
271
7485
531
1577
8645
3822
9565
762
9860
2522
1449
3930
7858
4718
6905
2334
549
8582
7661
5194
7298
7919
8018
7153
4059
7765
5528
6739
8700
2836
6969
2765
4212
9972
3423
3551
6818
3313
9457
9755
4972
4907
7545
9533
2899
7336
7073
1283
8145
6115
3530
3904
9956
6620
8421
9102
212
2861
2628
9154
5528
3419
1566
690
6529
9592
5959
92
196
9992
3342
2375
223
8781
2265
9993
3475
4703
4464
798
6859
8578
2518
4468
3910
8580
7020
3640
5395
6618
6471
3631
376
3472
544
4809
6577
2017
1008
6933
2539
2944
3253
115
1003
6758
3189
7386
9870
1395
2448
2813
175
3721
8484
2410
4152
3152
1176
5784
3829
7344
935
8419
5000
6999
1765
3109
4736
5385
3423
474
1162
1791
197
3205
9275
1150
1573
594
7002
849
8915
5222
9823
1763
4510
6686
1402
7458
2169
3748
7986
8586
1883
1348
254
1324
1462
624
4095
6452
48
3917
3558
9468
1868
8923
795
1197
2349
1932
9973
7038
2903
7428
1336
4307
5660
293
5472
252
5794
21
8592
818
7168
906
7170
7075
5928
1122
9851
7215
8630
1130
7403
6687
3250
2201
9568
3067
5206
6065
208
4483
6275
4797
1266
8199
3446
9654
817
9738
682
5826
167
3129
5547
7935
8653
8202
9831
4337
9915
1055
1677
2787
2242
239
9386
555
7859
2625
6280
7239
4853
1016
958
4199
1649
8899
8598
779
4839
8525
9373
3894
8254
2621
7763
5624
7782
3650
5129
4280
5991
1051
910
5768
5026
3000
3696
6384
1724
7124
3696
359
156
553
4481
1243
3857
1567
5520
334
4041
4219
6162
149
2195
7780
1007
7825
2281
3991
2149
925
806
7211
1727
8217
7346
78
5196
7450
1013
9057
9249
5451
5312
9236
4433
8581
4746
6601
6145
1794
7875
509
3711
331
1268
4023
9997
5198
1735
7570
1282
8522
883
6473
8742
4483
8204
5432
197
9162
5517
9531
1186
9350
5843
7612
6775
3750
2194
7472
540
2071
2119
8855
7515
7833
2404
6461
2046
1836
8684
502
1292
4516
2686
5470
8559
8494
1239
6339
609
3982
2682
2125
5279
2324
2995
8450
304
9644
5104
5666
3529
2108
5502
4035
1445
8640
6929
4366
7535
5866
4767
3299
1004
3399
330
2223
1455
9297
4728
614
3947
330
4343
113
5437
4219
9878
3379
1100
9582
6175
6822
1927
3514
4164
6905
1115
9155
1052
9475
7750
1625
4571
3159
9299
2856
5095
9990
9693
8290
7131
1074
555
5364
4452
5385
324
2772
1475
1795
9162
8386
6357
738
7907
8560
3341
8867
8828
7291
8148
2146
425
3025
1780
4452
3439
4849
4832
652
4758
7533
8773
7705
839
521
2437
5075
7823
8070
5715
9180
6237
9615
7625
9680
6719
3554
1220
9093
1407
2463
6472
744
819
3554
260
1004
3509
7304
8412
8548
1805
8663
162
9949
3577
5968
1523
7698
9491
8093
2398
6018
7985
1106
5751
7302
4511
2692
7856
5612
1273
2823
4221
9476
5100
140
8513
5493
2432
9653
2963
2185
751
8441
901
565
7607
5071
5960
4242
8875
7625
5960
7189
4587
3885
1987
9726
6651
838
7943
4221
6452
8029
8924
569
1421
9283
2456
3917
3187
2834
2176
5303
5184
8744
6314
3933
7373
8238
8251
7079
5964
7659
3793
7030
7364
3259
6921
2
4954
9657
3585
1261
7802
3704
829
2085
8839
2608
9866
2811
9899
3748
2453
4718
5143
2116
8056
9438
4604
1846
4693
3823
9967
3220
9610
8735
7702
3268
1085
2565
5990
1484
9836
4700
6241
9744
9512
101
6714
6857
8708
6483
3984
3575
2307
8029
8192
2362
7957
4234
4946
3774
7065
701
6538
2769
79
8809
7046
9457
4344
1551
7237
5454
2535
1963
1058
9244
7267
2081
5307
3896
1582
8096
9684
6686
7416
1449
33
5037
5259
7100
1335
639
6484
3640
6089
1574
3732
1532
5212
568
4818
6333
930
4140
1556
2102
8832
2342
2952
2415
6868
709
5724
8584
9622
4501
2799
3659
1120
4188
3843
4590
6765
562
9549
1037
2708
8336
2057
4493
2080
2386
4422
2133
2976
2465
4784
9166
7291
2370
3677
7964
4551
2172
5785
4966
3705
4405
7269
4729
1131
69
2228
6566
5378
399
3884
2673
6927
5793
91
1367
8670
6663
7782
6637
1276
7697
1373
8837
1447
9708
3119
1432
1811
7196
3822
2032
2986
2515
5120
9966
643
2511
3570
668
1374
2971
905
5258
1269
117
1371
3601
4984
3886
1634
1693
172
9458
4026
9020
1914
7933
4895
9075
235
8129
3761
655
3034
3685
8898
527
7764
3692
3979
6154
9012
5376
283
5202
4699
7057
5754
8726
476
8816
2649
4385
3224
803
1174
6479
2142
2122
4731
7454
8940
2438
9707
9480
3337
9817
491
8342
1508
9229
5891
1748
929
676
2714
8611
5402
255
6053
2043
6350
2183
9611
415
439
1591
3112
8517
1180
6090
3832
1141
2407
9937
4865
6009
5128
3236
7263
1195
8415
8772
7461
566
9816
8978
9917
2980
3550
1242
9716
2167
2184
3447
1243
2410
6581
6803
2003
211
8136
7928
4432
1633
957
2794
930
2741
787
540
7606
9331
391
5404
3175
726
6745
818
7407
8268
219
2818
6062
1026
7613
3577
5603
8241
4549
2086
5734
8262
498
1692
9784
1815
4732
3834
383
5489
8291
7065
935
9930
2410
1788
3236
889
7298
3771
8951
5827
4012
9526
1816
3862
3421
5047
6234
4392
1999
2661
8516
1603
3035
173
4170
7042
9716
2695
1424
1696
7370
2426
3232
4323
4810
5706
4175
1341
980
8611
9340
9474
1669
9949
3886
6458
4906
6294
3243
2588
8575
6100
4743
5247
6123
4894
2891
4054
7257
9672
9667
5486
4439
3884
416
9086
5459
63
2705
7368
4578
389
4391
7183
4687
7788
1047
7911
8513
36
9447
3167
4827
3410
6215
296
8511
4432
7817
4831
3461
7415
7051
5385
3200
4065
519
6635
5900
8423
5718
4801
7717
5658
3714
6629
6551
7407
6712
7860
5205
2177
7005
8938
6062
5174
6603
5620
3467
551
761
9969
878
6461
1235
461
187
3243
4279
7401
9661
8389
1974
5551
5621
1396
2401
9642
8877
2749
7248
9258
7088
5675
6325
9639
8489
1554
6985
633
8170
6523
95
5305
4046
6929
1747
2006
4767
5972
9003
7656
3949
8226
2100
4845
6344
4399
9340
4979
816
104
5344
8370
6330
6679
3297
1936
3081
6146
8622
832
1552
1585
762
8059
1182
6826
9982
8488
4680
8309
253
1686
728
1321
6903
5681
3547
7428
4444
6640
5187
9199
6643
9232
7930
2843
3150
6647
22
4897
4642
5026
3685
2022
7644
5154
6943
9282
289
599
7725
2278
1839
7932
5634
6175
7374
7139
947
1979
1420
1696
6801
9338
8654
1967
5259