5000
1283
3558
1646
2557
7077
5334
2315
5358
6310
1178
4809
910
8590
6330
5286
1347
3019
7817
7278
3210
614
5359
4623
9005
9273
342
938
5408
8
9892
876
580
6662
9146
2498
4162
9208
9819
7810
4449
2698
6483
9730
887
4104
7103
698
3031
6045
7427
2417
9047
2135
5898
7015
6700
3657
9163
8950
9169
1735
4855
7991
4339
9133
2921
9925
9866
9720
2062
8582
6541
5283
5911
3538
4418
598
1684
7207
1577
8503
8681
5083
6618
9379
1556
3920
166
7249
3555
2230
7228
1857
1868
2798
7348
744
6332
544
4169
1148
2644
1070
3275
4561
6770
6356
7642
3396
7839
6932
510
9701
168
8786
809
5879
8246
1328
6859
9731
3266
325
8642
7531
7646
8889
2558
5286
6791
4761
2346
5244
7269
6354
6837
7715
9561
6559
853
1495
5686
6630
9437
1776
3668
2520
8976
4382
1466
948
922
1933
5091
438
485
5137
5710
8958
3464
7699
5992
4010
1064
210
3993
2923
9951
9215
6292
6318
6813
8649
3234
3238
1283
9693
5242
158
4322
1308
1826
5277
6436
4739
9020
9708
2897
267
8555
8644
6874
5754
1589
7977
8371
3458
1532
3904
1431
3594
3247
516
6903
9521
3613
8332
6739
8485
6910
2741
5288
2297
605
5303
4170
1869
6549
6303
9577
2188
9944
5460
2909
7278
9969
2916
7560
1624
5409
9833
7855
3757
7130
6142
4970
758
5071
900
5355
1553
9429
648
15
4974
5885
3882
6518
5414
679
2181
4526
4928
4302
9864
5002
5705
9031
7787
6079
7784
9040
5887
9120
8210
4469
127
7332
994
5436
1792
8907
2358
608
2511
5256
643
6416
1281
3648
4756
5915
5869
2524
6188
3944
8647
1588
7299
948
8121
8301
7005
3732
4652
1207
2753
4981
1508
6151
2540
3201
9271
801
9965
8669
7985
238
5362
521
6861
1808
4878
9960
3062
6967
5660
7992
1546
2728
3925
8312
473
8304
8029
3141
579
5092
1553
7119
9265
8830
9694
9203
1785
4982
9043
8892
7752
3884
6095
7187
2937
7793
3595
4790
4335
3723
9479
9005
7394
6252
7510
769
9647
1545
1585
3273
1072
612
8842
6384
8941
6928
7659
9406
2411
397
8776
2514
744
6504
1796
2211
9231
6165
7095
1117
2974
44
2997
6348
753
538
2812
6693
4247
8725
389
8025
2633
915
1682
1472
9878
8932
9166
9346
560
4847
2267
2279
2460
5333
3403
4820
1796
345
8856
8387
6058
1193
8011
45
5275
7268
5731
429
8355
1932
2519
3645
1943
1376
8279
9808
6896
5798
3394
769
6902
9446
2674
4127
6653
2851
2760
3821
5170
4292
7958
7554
1694
2736
5538
9702
9253
4218
6690
5051
5393
179
1898
4269
7552
6230
8587
3102
8611
7099
3194
6680
5665
3083
449
6586
8099
149
6469
372
226
9739
9084
8307
6237
6562
8580
2818
1163
4157
1711
3457
1493
2178
5037
3615
960
5792
3704
4564
4666
4874
3408
6297
1257
7955
9958
5834
7057
790
7579
9060
781
4505
4204
9067
9842
4865
3817
2007
4114
1485
2418
6192
2123
3570
8750
6063
2764
8151
7558
7827
183
8093
8091
5638
1037
2346
7314
2328
5893
2491
8355
1286
6980
2489
3664
9764
915
7848
9911
2237
8630
2827
3268
8079
2693
6923
755
5568
972
9165
4140
3576
2392
9881
521
8616
3146
6768
5318
801
9685
9900
4738
3565
1923
7049
3410
1834
4427
9870
1978
6366
7101
895
4320
8221
721
1735
3526
6753
1000
3550
5812
3996
8465
5834
4871
4265
6993
8904
8514
3635
4535
7364
7424
307
8886
8715
9451
7130
834
2222
1571
9602
9324
7255
151
8909
9204
7198
445
1045
5672
9331
4998
1698
2140
5704
2853
6737
5539
3120
9825
5807
340
3382
789
1043
7473
243
7855
104
1612
347
2238
9502
2509
2934
2024
1173
2169
1123
6876
7760
9685
9537
6952
9110
8177
3399
2618
9763
241
8182
7773
5482
792
1700
3965
7650
7468
3243
5833
5620
2035
2158
9511
4285
1274
581
2951
5859
1889
9330
178
6883
7912
3280
2533
1856
9591
8068
5996
512
3335
7856
8169
9562
2293
9129
6987
7130
3293
1558
7888
2827
8401
2500
4285
1750
4876
619
7085
1466
9979
9027
1380
5202
7095
5756
2655
7060
3193
4705
9574
2952
8327
1993
7969
9227
7812
501
1882
1603
2323
3424
4124
6833
5262
7599
528
7584
1668
2324
8643
3540
765
7119
729
4626
1385
7161
9381
3359
1273
6315
844
8949
5047
8211
1421
8848
1345
7566
9887
5537
5485
2083
247
7026
8190
3384
3109
9828
8497
7204
4673
3593
2365
1898
459
499
5113
3776
6522
5350
8230
7289
4825
5489
732
218
1142
2617
5136
3470
8693
1294
2204
4083
9251
8755
6557
1021
6116
1641
8537
2851
5050
7410
6695
6894
6481
9426
1711
5195
4571
1907
5634
1715
215
4675
31
2259
7040
2373
5227
3819
7973
6356
8226
6520
5279
6108
757
4749
2854
1303
5139
5708
800
3972
1152
9797
3922
4224
2014
8782
5772
7867
4392
5068
9382
964
5001
4668
4627
7007
5913
8382
1077
554
9480
2572
9758
7445
3892
6821
3072
4984
6297
4453
1919
6537
6927
2454
9894
4511
9812
7987
741
6807
6431
836
2230
3928
2341
2776
559
4145
5284
1083
569
1610
6534
5959
2493
9865
3948
876
1280
8435
4640
6616
7863
9868
6237
6406
7961
3342
2452
9573
5694
9346
1938
1119
2332
1036
7841
771
464
146
9681
3857
3777
4053
135
943
574
6430
8850
3019
119
5298
209
7497
2610
9149
5094
127
8127
7806
8540
8073
9684
6529
2117
4947
9709
9331
5791
7838
6661
104
9243
4483
8929
8620
127
7871
2239
1706
316
745
6990
8791
452
5713
192
2157
2219
1786
2387
8427
7472
1334
9049
3676
9199
6590
9143
6523
9572
2022
8758
3390
2362
3210
3472
81
6534
2092
241
1768
3860
4015
1282
5569
230
8733
5788
4316
5672
3712
6408
2537
1589
515
8501
7613
9213
6162
6318
9895
7209
4677
1966
5342
5680
7214
6838
6639
4022
576
1252
1423
3251
6949
3286
9090
726
3487
7410
872
1766
5159
7849
3672
3417
2862
1127
1132
6438
1787
1675
1856
4130
9389
8779
7257
7950
602
4909
3308
4663
5298
6458
1444
509
595
8055
3480
8848
1299
358
264
5066
2311
6353
6630
4578
619
1758
8526
6176
206
2104
5473
3178
4141
2845
7484
5094
1632
5550
5761
7939
1546
2653
9651
6990
156
1543
2439
6143
8494
1075
2434
6705
1047
9697
9649
6874
2115
9143
2831
1985
629
938
624
1833
9142
635
334
2370
1037
7533
2023
2430
688
4998
9830
6764
8847
7235
4789
6024
4713
524
3291
525
1407
5961
3313
1202
3449
9321
5809
6757
6420
730
5075
2212
3462
8685
8853
3287
3702
1618
2465
6896
1868
3178
1728
467
5729
2291
16
2086
2908
812
8562
9705
5899
1356
3324
4185
2348
3932
3506
6099
648
3246
1716
9386
3935
3591
366
5155
1445
3323
8125
277
313
790
9369
1443
2330
7545
4409
7017
9343
6877
4397
138
8415
6849
509
1540
1538
7446
7927
2181
6075
9473
1325
1981
3487
5862
5387
761
3008
6297
2388
7839
9017
5948
5516
5146
7107
1363
7696
2005
828
949
8449
9821
2550
9859
5270
9165
7059
2711
2589
9884
1308
6842
1490
4341
5579
527
8711
9459
9602
1724
5445
572
7066
5145
1663
9742
5446
5782
3639
9014
7482
3625
2651
6695
8822
7017
1446
2056
5493
4315
4194
3430
8509
4771
461
5453
1449
989
3867
6087
1058
8914
6465
1330
1311
7700
811
9962
6885
2059
9432
8509
7198
1111
9355
5265
4679
4174
2451
929
9505
3540
9269
8059
142
6353
8836
6171
3957
710
5888
2048
9670
4712
8654
7609
7460
2995
7467
3249
667
668
1851
7275
6724
6899
737
1061
4497
853
1278
2829
9534
6180
305
1727
9451
6670
5108
4758
967
5983
3001
6996
4664
2408
336
1544
8993
8783
6560
9151
5728
8526
5559
7823
577
2855
2160
5092
9579
1336
9897
521
4872
3637
2981
4497
1070
4478
7343
2428
3652
1477
482
1614
9421
1736
498
5446
7160
2881
2839
7161
5166
1771
343
8988
9360
906
3267
7708
927
812
1545
3095
9810
2910
2800
6370
3784
6063
1504
1179
6501
1919
6798
4832
9793
1648
478
6269
7609
5934
7015
6106
1773
5753
5566
2557
8677
8579
6895
4742
6470
4768
7345
9824
4728
3834
8454
3915
1624
5844
1442
7044
4545
7637
239
2152
5789
312
3962
5606
5447
6961
8536
295
6959
2273
1257
2183
2987
6236
2927
3045
5524
4054
9088
162
3314
9072
146
7496
5
5770
7816
6842
8899
6252
3969
4554
1572
2344
9756
2455
4634
5043
8354
604
2915
5114
7019
8932
60
9837
7210
3270
2646
7049
5369
9885
4258
1350
9579
188
8496
5922
9178
3113
8449
3756
6517
6814
3776
1576
1791
458
2445
9319
3388
3390
448
4510
3121
1277
2667
2637
4328
1547
3775
5808
2676
495
649
1764
4426
4402
4683
6684
4741
263
8165
4516
4064
7504
3193
3825
1882
7890
3926
7305
7600
6036
4519
9910
9409
9559
9665
6258
369
3345
4555
4373
8160
2588
2261
4243
3861
805
1992
6569
7755
4566
8018
4643
9834
680
7542
8586
1428
3212
7435
2115
5379
2490
8104
4437
850
4301
5994
5158
2926
9616
7551
461
235
4172
8808
5550
8565
5541
6318
1625
7674
795
2376
4168
250
1416
7012
1800
9717
9520
7416
1384
8159
9410
2794
8745
301
7890
1596
9395
2789
9565
2262
1006
6293
3435
3922
2506
2415
4097
3258
6026
7989
4497
2292
407
8776
1357
407
9706
8388
1781
6084
1118
6111
2795
9874
1620
2970
5670
2492
6318
5020
1733
5109
471
7762
430
1171
7531
1875
209
9792
1484
2853
6951
8762
3510
2078
4858
8996
1139
9743
2366
1737
8471
2596
4120
7562
2150
9184
9306
5251
1649
8962
4600
9444
8681
3960
9852
811
1425
5518
325
5372
607
1541
4068
6696
4771
1090
8382
985
5227
2889
6603
7672
9571
797
5888
1002
2011
1624
3417
2524
3938
1607
8756
8319
224
4869
6576
1954
9500
52
8543
833
6310
2903
3631
8172
2773
2715
8333
8728
2010
4825
8914
6046
1691
1547
7170
2263
8726
3626
7258
4732
1800
2538
7503
6168
1668
7278
115
2569
8219
4288
591
9481
4096
9226
3600
271
6157
904
7680
9824
9051
444
5590
2325
7704
1038
9742
3116
7949
8110
4728
8383
4993
1758
707
2668
492
3097
1847
80
4099
2406
2614
8780
9768
6833
9346
610
7485
7256
416
7716
2053
1443
1414
6975
547
7574
1954
9487
1779
3116
4358
7754
7791
3549
6487
1653
8929
4897
6105
767
6491
9000
2385
5891
2807
5479
2568
5669
1062
422
6015
1087
1470
2954
4724
9320
5986
2049
3172
7004
9844
4573
4863
436
2845
928
1218
5569
119
4828
6320
6996
7579
7405
5329
4903
4677
4498
3455
6922
2337
3325
6062
2
1437
2461
6811
6455
5392
1317
1020
5447
2680
7989
6826
104
2864
2874
7836
420
4730
162
6098
3361
7917
8001
6809
1292
7751
1115
8522
1932
9592
9314
9309
2544
845
7021
3603
1557
2963
8199
1374
4298
35
9538
1010
5432
1702
8187
4764
2508
7106
8831
3690
6081
8123
1590
5985
5772
1931
7676
4468
1571
1172
6015
6617
9864
5031
1588
8438
8346
5731
2566
9447
9964
6418
2197
7274
6723
4958
3317
6990
8918
808
36
1980
9149
8872
1566
8581
3218
8017
3337
5398
4484
1017
9786
4329
8358
3008
9002
3751
1085
789
4706
5935
3012
7243
5149
1200
9279
2152
1763
4981
5355
5840
4720
6806
7098
9214
3428
3035
2657
8804
3452
56
5402
5904
5723
2583
1346
8546
4460
4928
7350
9143
4730
2556
6475
9910
1614
1924
1715
2859
5756
5775
9985
1427
5094
7562
546
8258
812
1576
5588
9072
190
6284
2367
8212
3196
6997
9075
6321
2729
1994
8029
3551
3168
2055
7547
1039
2704
7077
8728
3945
3494
1888
2368
8778
4032
9363
652
3490
2230
232
7667
4506
835
418
8421
7609
4770
9759
5953
1309
4787
9612
4555
5137
7600
8196
347
918
7420
615
20
6192
7452
9631
4527
5552
9528
1963
9119
2452
6014
3282
1479
5546
3335
5117
8233
7676
7288
4079
8855
1075
2873
9857
1671
635
1571
8546
5920
1829
4346
2216
4144
7671
6068
3573
5418
3079
9152
6982
964
5519
921
6029
3761
6311
5218
3223
1474
3745
6324
8648
3271
9029
5432
6668
7434
6832
7357
8918
5015
8041
2723
2342
198
9284
2056
4844
5378
221
1142
3452
7285
5898
8292
4802
9266
137
6360
2215
1125
2288
6192
8725
2703
1173
7719
6937
7675
3354
8744
3381
2533
4725
1374
5490
7820
7536
1324
58
2761
3972
6079
585
4183
2398
4354
6951
8591
5115
72
6984
9022
9841
2709
7822
9265
3807
2877
6655
4305
8193
8250
5341
304
1813
4240
9712
9963
1763
9599
9622
8989
8855
9668
6688
6612
6659
5149
3625
2029
243
3697
4286
9235
1314
7654
475
7547
6906
9171
1989
9781
6637
9902
8144
2629
5680
3158
473
122
6902
7489
4974
3498
3071
2736
3022
7299
3152
2685
1451
2343
6506
790
1058
1914
6130
4317
5012
3520
4123
9986
978
2642
2343
6459
4473
2422
9149
2309
3410
5102
5183
961
3025
2652
6806
5684
2713
2285
1951
474
854
3684
8564
6163
8876
6065
4861
262
5247
1166
6636
8286
4608
6427
1800
2188
5264
610
1488
998
8807
7798
9975
3634
2799
1429
1151
9579
758
921
5962
7993
3282
2670
8607
840
6728
2924
8139
3474
8789
7542
9303
468
2968
3532
8786
1775
2477
3963
2267
3649
1585
6101
1942
6174
489
46
1953
609
7871
5873
5378
8998
1207
4537
9727
5417
2694
9809
2198
1759
7039
4947
3425
2508
6321
4123
998
5272
6325
4491
874
9807
1300
3987
118
5213
7165
5651
7052
7306
3871
4809
1540
5978
897
2529
4237
8388
3350
7355
3330
3345
9655
5374
2289
9958
6801
1679
7874
378
3589
8364
5312
8595
4919
8746
826
8887
3842
6776
2418
559
8748
7020
8615
7385
1329
8507
6433
5050
8828
6737
6203
6277
4544
2207
8403
4580
6724
5763
2774
6298
9299
8675
3404
2571
9591
8210
1534
4068
5322
4424
8777
9142
1598
9570
838
5950
820
6802
4289
4133
9437
5214
2775
6253
6183
1296
7948
4938
269
940
6342
3746
6742
5449
6044
3870
8791
3524
9772
6363
2981
3752
3308
4184
1689
67
5267
3137
3166
5901
538
6719
5672
5046
3373
8789
4528
7107
1864
4719
1800
629
2057
7710
228
1178
5031
9745
1716
3604
359
2884
902
9617
7942
7472
8474
9426
7338
6375
8732
1217
1584
6239
9889
4576
8388
2595
3331
9347
1993
2729
7544
3248
4541
3602
3403
4197
1381
2577
9427
6221
2025
2250
2505
1036
2747
374
505
4654
9777
4600
3364
7864
3052
4014
1859
8232
6585
3426
142
1880
4938
8439
3916
1615
2933
3879
9853
857
5323
7088
7630
6918
8024
9043
1152
6717
2547
3834
3738
525
3682
1024
6702
7885
9782
946
446
8214
4017
7462
5215
1038
3748
5354
1962
5233
1976
4194
2505
1661
3537
5896
9435
4551
2753
6582
5083
5077
1386
7776
4313
7895
2981
4822
6641
7475
3063
8595
5781
4493
5108
5160
8149
8998
688
414
4598
5232
4787
19
6990
4043
7460
6739
2595
1290
7895
2460
9706
3138
6978
613
238
2628
1664
1134
4869
2533
6165
8105
6006
1436
1576
8481
6793
3179
1697
2907
4923
6055
1770
1703
5512
6819
2203
9704
2269
9844
740
236
9768
3169
1802
9737
6927
6662
9322
2149
1329
5882
8811
1280
530
2868
9050
8123
7248
697
7475
4471
673
9917
8933
4959
4067
6822
6552
9999
8255
3470
6947
4974
1042
4364
6464
3806
1667
800
1152
6017
2528
7273
7165
6729
2312
4243
4909
747
9410
7280
5166
1867
6991
2346
5116
5920
1361
9495
6824
7952
535
4273
3927
475
4775
4532
4648
450
4692
8066
2406
9625
458
6159
9382
6498
39
6011
7676
7288
1430
1133
8360
9742
893
2181
7529
2228
5439
9983
5780
9010
8183
9365
3001
2043
8790
2267
5393
8566
877
7574
3943
8597
8132
605
62
9440
4261
7483
5934
7422
8023
154
9866
2328
2341
8806
677
7483
7056
3128
7087
3745
459
9166
8325
3719
9156
9231
2503
488
1420
1750
6678
2831
2361
9456
3019
5069
171
2964
3868
6785
9389
3626
4478
4514
398
2147
4661
5111
6306
7927
4712
2301
1255
2956
8574
8277
201
2332
6222
894
8788
788
9903
959
8205
4637
8515
2478
7596
5618
5722
8062
6749
536
7895
3542
1533
3754
2418
8954
5991
310
754
1032
4649
2239
6335
1
5583
8173
8788
9585
1770
6511
2971
4808
4525
6078
1575
1423
9318
9150
4118
4359
5121
6794
3347
9000
2399
4637
2485
4366
5482
5899
9299
4782
3813
149
1488
6362
8905
1974
6110
5941
1024
2973
8060
6025
8430
5099
5349
1237
4444
5038
8962
5832
546
8010
4964
5602
8743
4662
3460
972
2401
7249
6425
148
9329
2048
6739
7427
5879
1422
6084
2775
8470
3079
5730
6677
8055
2716
523
6376
573
841
1310
8598
4547
3953
1641
8718
9265
7006
9543
1594
8166
1070
1881
4984
1962
4924
5946
8139
2154
3905
285
2478
4047
4736
3824
5879
5331
4102
1454
9185
6088
204
6728
284
7985
1316
3171
7759
4533
2620
7767
6098
2450
3770
4633
585
7110
3537
7478
6032
2716
969
7813
9790
6180
4708
8559
5941
440
6901
1719
1590
7867
6229
1935
19
7204
6493
4109
5567
9750
1307
767
4778
8716
8685
2866
5048
2045
5959
8083
9062
807
5542
3134
7345
5166
299
3446
3447
7360
144
4108
8947
1885
9190
3705
126
9570
35
8226
108
306
5100
1234
4971
5915
3310
6751
9907
1443
807
4566
2235
690
8565
1012
5665
8711
2126
3135
6489
5553
2556
3403
3424
4294
1587
1647
7207
3474
2189
198
3378
6222
432
7466
9978
9559
376
136
3503
2936
7236
9334
975
4883
2368
9886
4853
3618
5808
2339
3581
1044
2565
2516
2304
347
4774
968
9368
1102
133
9456
6356
2165
3191
594
7382
3418
1233
3312
7607
7707
3259
400
528
2471
3432
4644
2904
2410
1360
3059
3054
8111
9983
4662
766
1017
2338
6938
681
5663
7971
1883
6823
7435
893
1802
7952
2281
9699
4101
8031
5437
1889
5832
6559
5246
3483
2158
7386
9480
8256
3984
9206
2061
9864
3957
6336
6373
2260
3203
6720
5851
6736
2574
4911
8744
8823
3426
9509
1965
978
8459
1248
2128
4993
6534
4558
7112
5632
5748
6538
1089
4824
5549
2297
9219
3104
6508
4434
3897
7522
693
1799
6923
1617
5841
1417
214
8355
5086
298
2081
2743
4328
1621
1194
9440
1782
430
1913
2688
721
943
6447
5478
6563
6863
6938
1383
2094
2827
5705
4422
8712
8961
9620
270
2445
6711
605
8629
2009
5606
7720
2368
4411
322
1772
953
8139
4360
57
8845
516
3532
3864
9630
8666
8949
6365
2223
8026
1632
4098
2567
9401
5534
4020
4512
2362
1833
6084
2101
2249
2231
543
5837
2313
1955
3780
255
7774
8039
205
6310
1647
7903
7369
8
6331
7791
4129
8388
6976
1628
3241
9336
4956
2031
140
5858
2012
7393
7463
1767
3922
4619
7689
1610
8083
5162
5633
9696
8457
3582
358
5905
1528
7231
4548
2650
9629
6901
653
1259
4688
3174
1940
968
3176
6017
106
7205
9806
9128
7414
2253
9059
2580
97
5069
2078
4790
4840
3855
788
5689
5683
5379
1251
9810
5939
9680
5925
8529
156
224
2266
1749
1952
4236
234
5479
1525
6696
3371
664
1568
7640
1442
3572
2495
8528
7237
2492
9092
8937
8199
2259
3457
7720
6664
9056
2258
8223
6498
3657
2340
517
8347
723
6900
3693
6822
8221
259
3856
1237
7976
188
865
3220
2102
5098
1227
9577
5041
5176
3378
4183
4377
9208
4535
2834
6275
7778
4259
7143
4774
702
2613
8013
3044
2278
9968
2006
5244
5962
7910
2235
9389
2636
5407
2149
8641
4686
2103
6017
9874
2831
7235
607
8494
1179
7125
1274
2353
5264
1537
9261
3104
9760
3916
20
2323
3756
4240
4910
9049
9316
5011
557
3892
4000
8059
3273
2398
748
1481
9920
1235
3663
8343
2166
3171
2488
6494
9940
6066
3809
7120
7081
8607
5062
442
5110
4521
4418
3766
5803
8106
4797
5467
699
2821
8458
8927
2779
4081
2111
9384
9411
6800
2230
2305
849
2325
8965
7799
8780
1313
8225
8616
3209
9976
403
8991
6017
720
9212
806
2245
703
2360
9287
5286
7091
376
5889
6916
5909
5858
5535
3517
1056
6643
6347
5328
300
4696
5898
1414
4339
9652
2486
308
185
6147
2208
6377
1578
3271
9246
1854
4
5757
6178
1705
8280
5981
2905
9222
6066
92
6583
1567
3606
741
2702
482
170
3100
2576
6220
6511
9411
7418
1102
936
8141
2433
4583
8417
6362
2431
6166
4540
2538
3
6557
3089
8914
4479
7152
7009
8399
3334
5477
4718
222
9681
645
2061
310
1004
8025
7089
6232
3732
6689
7128
6025
1708
5476
4909
122
8101
1233
3260
189
1552
121
7791
224
8426
5446
4392
3706
6292
241
7011
973
3372
1902
6518
1795
2364
2558
4911
3482
6742
8228
712
7692
1774
344
2618
9137
1769
5938
3849
3847
1317
4660
6557
8367
5879
4450
913
7188
2891
8981
2679
743
8712
1480
3910
2963
6454
8619
6702
9168
622
2480
9595
4833
5755
9686
2683
4324
6718
3084
8269
5820
1172
1659
8675
902
2967
4570
2465
5504
4720
6809
7351
1921
8414
3895
7792
1332
9998
7601
4315
8707
1771
1807
3196
161
3705
5998
4138
5089
7860
7215
4447
4980
8233
6271
5783
8333
216
4584
9217
7421
3067
826
3465
9849
2960
2039
3231
9901
4963
1198
4718
2155
990
5861
9665
7411
8147
5442
8364
7164
2332
1252
4584
1225
1005
5643
7412
3036
7612
3330
78
8876
8918
4574
1347
3424
7230
1631
1254
2696
1928
2003
4458
4204
1305
2669
5891
5805
5761
3403
7409
3693
3358
947
6849
2704
4914
3366
8211
7565
6768
5251
9911
686
4647
2505
6447
2804
5562
5682
9937
1990
1173
145
747
2500
4599
3087
265
3899
154
22
7351
5227
246
425
914
1362
634
7787
9638
6343
7067
4848
638
832
7867
2139
9333
1704
3921
1120
551
9398
2675
1112
373
3784
528
8033
9915
5730
4632
3571
478
2499
75
8328
2415
168
4675
5391
9356
1203
1205
2225
4594
2180
2036
3587
2925
9563
3269
9388
5870
9246
3340
693
788
2210
4828
6797
3476
6361
3886
9857
5881
2566
3236
1675
1267
3117
8795
188
1835
5842
2419
3088
1168
4761
8619
7261
8031
9371
3428
7533
2947
2423
1460
5579
1793
9335
1011
8731
5544
1880
7851
5588
547
8210
664
311
6117
9681
8905
9865
6662
9685
34
3204
5708
718
475
4480
7812
2617
1989
977
9255
2532
3337
4454
5537
1364
5896
6016
4995
4939
5072
2230
6579
8538
2148
6918
4352
5906
5074
1328
1323
1252
1141
3942
7845
7671
154
4089
7775
2651
7082
9654
2090
5282
1118
5214
9292
9129
2394
6438
6667
3673
9338
4924
8432
8378
6936
9776
4859
1625
2610
7923
5645
926
8921
6731
398
7041
7138
296
6865
1923
2928
7423
9163
9095
9418
2202
5450
884
1181
612
4134
4470
5823
801
8454
1657
8673
9999
9721
6616
8207
7760
7353
4818
1551
1375
464
5727
5064
382
8058
1378
7056
2653
5242
8958
9784
6208
4293
5053
9020
4757
5245
284
2171
3435
8567
2479
8776
8760
842
2764
5490
9852
6518
905
1607
7735
1105
7194
7270
6986
4997
5513
4767
2091
1051
2570
687
2781
8453
9162
446
5152
6587
5093
4637
5620
8587
6819
1973
2835
542
7434
7778
7970
2792
9030
3893
8508
9658
3163
4018
283
3672
1778
7448
5313
8823
9735
297
1143
141
8147
6074
907
710
1130
4723
9363
6224
8061
7994
7373
8195
1792
5321
9559
2028
9219
6527
4760
9429
6375
2501
1346
736
5032
4256
1957
9528
203
941
6962
7771
4352
4296
9503
1668
8876
856
3121
1534
9768
966
9269
6365
2477
2524
1283
4119
8907
3713
2077
7995
3371
9608
8782
6878
9230
433
33
98
3054
1874
7897
3798
7529
9583
2946
5023
8155
75
4565
1379
1830
16
2108
4665
2702
721
1792
2389
7396
194
2733
3358
8940
3617
2100
8995
1282
1761
4840
4510
2856
9278
3591
1332
2073
6952
9921
5071
8729
205
583
1601
2631
2041
1219
3129
6701
9256
6181
4198
1397
1256
5203
6109
8900
8044
26
8015
7189
7337
5595
9939
741
9037
1821
5839
7012
7502
867
4844
2466
4913
4510
4847
4106
8337
5847
1611
4191
7777
5994
344
2259
5500
197
4490
91
5021
6043
5532
5908
9572
489
609
550
1188
666
5132
8789
4563
1817
8879
3948
338
1668
3343
1148
2430
2527
385
1453
6714
4761
6739
1515
4839
4623
6564
7602
9148
4543
8258
8261
5877
7170
1158
5464
8237
9108
7685
5712
5860
9955
7678
4320
4002
1055
5518
8824
3928
626
4005
251
5110
9687
6109
5334
1728
2080
813
5866
1957
1900
8030
2483
5287
2266
507
4145
4081
2575
1554
1811
4121
4212
6019
214
1442
6426
6612
5760
212
2340
8528
1688
4479
9964
4608
1754
1936
685
9996
2025
1902
3709
3487
8672
4610
772
1855
9050
2310
4025
2683
4670
5383
7431
4644
4822
6804
2441
9752
6303
286
1012
8749
9576
3264
1233
5200
6218
1772
9697
8382
7011
8825
2009
2247
9881
1197
8832
8818
890
673
4547
9367
372
6230
9748
5800
6822
1169
8519
419
6667
5387
7272
2653
1524
4062
1118
4282
4358
3634
2897
6200
18
583
5284
421
1031
8480
7110
2066
4169
2161
2764
7794
8545
9328
6898
3243
8687
8081
7754
9208
479
5606
1813
8046
6162
6399
3691
5060
3666
7685
5206
7956
9568
3643
4008
325
1678
7666
9095
999
4418
8377
970
956
1780
7884
4679
6690
3914
2476
5227
1844
1540
8805
9240
5926
3147
2273
2244
8628
9046
4636
1609
1353
6901
6944
642
6623
8789
6045
6656
8211
2647
626
676
823
67
8421
31
7366
9792
1754
5236
1935
7211
6159
3138
6027
5930
2292
968
1205
45
6820
9919
1136
4278
812
5778
6332
9514
4219
4488
6118
1977
9908
7070
7858
5271
2461
7185
5229
6326
246
5754
2670
3347
4927
6546
5129
3444
5079
4357
4126
3610
8802
785
2476
7755
8038
313
1588
7327
7790
122
7553
2695
1384
5641
5960
9434
5920
433
1746
2854
3667
6742
7902
7667
140
4253
435
8417
5101
580
1079
1336
1229
5995
363
7184
8346
501
9643
1425
1219
1145
9630
4428
2680
7237
6917
925
9720
751
9885
6969
205
4608
5520
9759
7370
6648
8968
1832
4834
1481
3640
2223
8062
9089
2977
7898
2843
2900
2876
99
9503
749
969
7825
7268
239
9324
9376
2551
5320
5813
4518
2200
7744
2387
2164
1047
2497
5402
4005
5373
3662
2968
9910
3807
4748
2780
6257
5106
7743
8783
1824
959
498
3379
1791
9405
6699
9670
5206
4729
8012
9969
2369
1695
993
6633
6517
597
621
1456
5196
278
173
880
5447
6277
487
5421
5182
8411
1707
9981
2483
8898
9247
5721
6250
9188
662
2336
7323
4342
2756
1530
6729
7656
2869
2592
4637
7076
2677
3129
5000
4497
3276
1545
4520
3834
1106
831
311
4649
3458
8666
4285
1033
8682
2819
2156
4729
9842
1275
8193
2791
769
8406
977
5983
6645
8633
5749
997
3150
4070
8495
8219
1684
1481
7456
921
5326
7672
9384
952
8106
468
5161
7304
6090
1001
7025
9978
3948
5568
8774
9247
7185
15
593
6728
4815
6562
8177
4497
2131
7747
4554
3019
553
5096
4763
4207
6382
6115
87
8606
9982
593
7682
964
7133
2561
1086
6906
1898
4956
6351
1741
1658
7278
9317
2413
3542
532
5967
260
2538
821
303
7398
9799
9151
8813
7536
3115
5066
3896
5829
9858
3827
3515
6893
1989
1299
5590
3318
6289
5985
8388
3297
2213
7084
9139
9718
8210
1501
9490
1507
125
7000
9432
2329
3013
8295
9392
4207
9964
9391
8857
4993
499
1161
48
6658
1982
2520
1128
7808
4479
5867
9759
8571
9705
2283
3073
9480
6189
9408
9298
2004
3473
418
1119
168
5773
6757
922
6371
4203
5467
8496
940
8338
394
6538
8994
2954
7492
3771
2041
7495
4162
7206
4445
5054
8314
7928
5006
8525
8225
3354
1602
9539
2250
5559
2972
7331
9428
8005
6727
3165
6716
7364
5439
4573
7213
1339
4867
4664
4536
7843
2921
8358
2779
4882
6658
4779
5501
1539
6528
8251
9816
4257
691
9798
9639
6746
2496
8930
779
7113
8512
5327
4212
1035
4419
1304
6888
1298
1324
4157
2388
4237
7054
3760
4290
4345
8720
1001
1210
7221
8437
7617
8395
9245
2979
6869
1238
9698
1880
8255
5939
2127
8279
3685
6076
1650
732
8159
8119
6815
5955
1313
6836
2096
9657
2380
8073
1798
2995
8674
7087
7626
4824
2548
8837
2968
2711
3431
4426
7685
3964
4983
4080
1565
5892
9607
9164
6832
6933
5673
3646
4017
9666
1610
9632
8815
1194
2118
6943
847
4077
41
5200
8119
1161
956
2828
7484
4678
7765
5324
7773
1286
2462
3344
1355
4529
7295
1841
2457
2502
3595
2409
895
9445
6133
1262
5588
3505
7316
520
6971
959
1260
1895
631
938
2742
5482
6718
2525
8214
4329
2510
540
6029
3141
2065
5139
3781
2889
3737
1077
6434
7387
78
4509
3254
3718
175
8137
1536
9085
8598
2087