5000
359
8731
6384
3099
4800
721
8764
5185
8424
761
3132
4866
6967
228
6499
8304
6606
684
1954
1105
1353
273
3695
2715
7922
1504
4296
5012
4069
959
380
8638
7530
884
8952
2682
3856
6073
9505
7405
2439
5283
9060
7665
4559
5174
330
5291
7833
1554
1262
6246
9170
254
6130
2530
1127
4818
8123
6335
9418
6497
8551
878
4795
8260
1035
942
9687
7747
6289
2511
8611
3646
2504
6341
1424
5453
398
5784
2372
2087
22
1576
5255
635
8991
7859
1857
5517
2093
4210
4184
7178
5696
8656
6978
2884
1980
5251
2218
304
6996
2282
5944
1505
3610
2017
1298
821
3935
4107
7127
2528
2914
1244
5344
708
3686
3766
4803
3862
840
1237
4301
5561
4499
3199
295
5997
9028
2084
231
2220
2700
606
3132
2043
5960
5998
1229
8324
767
8380
5934
9571
9738
9583
176
4282
2038
9108
9898
2103
3035
1882
704
8722
8065
9519
656
5286
4541
2547
7503
6491
7064
1311
5802
1034
2714
6999
8807
5072
1138
520
6781
1898
9876
7251
2116
1852
2923
8226
8461
6164
9097
6337
7637
9341
6552
892
3670
425
3229
7930
3903
7258
1403
4790
965
7324
9378
5603
4939
2085
6799
692
7357
175
6139
3400
1300
8432
3950
4796
8738
3959
7938
1118
2665
5700
6076
7149
9106
1993
4924
1394
2607
3179
4079
6920
873
665
2128
2573
1069
4905
8237
4547
2279
3205
919
734
5634
1867
8694
5206
1445
2617
1905
150
1117
8911
7034
843
3659
8098
119
9043
1794
6827
9419
2915
9162
2793
3938
4995
4727
4675
215
2615
320
91
1727
7682
4654
8375
2234
2410
5911
2942
5692
3081
9951
149
244
1084
3722
7753
571
3316
1267
5295
3257
697
9170
9121
3994
1225
3988
911
6230
9822
5494
8066
8424
1771
121
4236
1156
4844
9478
498
1888
344
8357
6187
6341
2468
9844
7500
9788
9597
1375
4049
2929
7528
1161
9823
5514
397
7465
4877
204
3205
7657
9126
1535
704
8194
4101
779
283
8106
7294
2657
863
4376
2178
1927
1702
5047
2014
2541
7913
4693
1384
8968
610
5097
5972
2383
142
4316
7295
1417
823
4681
1711
1161
6826
1722
7140
2387
1980
219
1785
8055
2661
6593
5014
9565
2655
964
7956
1491
155
8193
5658
8953
6480
5098
3403
8058
4417
2553
7862
4030
3445
3048
705
5296
7120
720
3669
4315
1444
2858
8870
492
8398
1363
8281
6099
1311
4471
6750
7192
1166
6622
3601
3657
2702
9439
4397
3895
129
5189
7420
2024
1181
4483
5753
1513
5979
4660
4062
859
9522
3848
8212
262
6458
6669
7307
7104
3590
6600
722
5320
7659
5266
4776
900
2320
8868
7678
1906
3280
1321
6871
2570
9619
9326
7405
817
2433
4644
4297
9505
6998
6856
3143
14
8778
9951
1340
6892
294
5311
1411
1127
8214
2723
8803
1695
4945
1058
6734
5370
2828
3359
5491
7119
8145
387
967
8249
5694
2313
3183
337
3997
8021
8986
7514
248
3049
6912
1281
9389
5492
9577
527
7132
8136
8138
8560
8440
7837
3180
1004
6824
4255
2616
5857
7168
4630
2649
2286
4070
4308
9588
1082
8891
7636
4739
5654
3166
2798
619
2050
956
8957
742
6244
5041
6733
3607
8294
8922
738
6165
3410
6272
4732
7642
4932
5349
4262
6194
3752
6050
1670
7985
9289
1085
5694
1385
2440
1699
2121
2972
2488
5010
4451
5780
4434
5519
4280
6095
8115
9076
8214
1283
4003
4044
4369
8338
7540
5146
7334
9016
3051
7533
2125
8448
5704
999
9115
6356
8231
7423
8940
1771
160
3679
413
8647
831
4014
9860
2095
2287
9835
110
7800
2085
7648
3288
5306
7302
7268
4367
2208
4020
6284
3339
3881
9800
2853
8978
6300
1277
3783
5576
2104
5822
1798
2214
1426
9062
3381
7555
8154
6584
392
7049
9745
9309
4777
2151
1979
2112
8993
5577
4388
74
7479
9664
7250
5334
3578
1601
9852
2175
9943
3805
5747
1738
7999
2151
5418
2333
3887
3074
9197
7200
6498
9960
2049
764
4987
4934
4618
4143
309
5342
623
6978
932
7082
9893
4794
9441
9144
9323
6647
1398
7031
6223
1678
4710
1136
6684
1737
4894
9894
4665
7376
9392
553
9942
2801
5247
8928
2321
8760
538
2193
6883
1160
9408
9341
441
6633
4963
9011
6240
8303
6588
6431
8199
8144
9839
3634
4958
3492
1487
4810
686
6319
6879
1922
4020
7976
2706
6422
7012
2838
1717
2675
3898
5853
2000
3506
8662
3582
2917
2761
1347
7563
3056
3721
6403
2378
7862
7183
6422
1707
619
5155
5134
284
9472
1319
2405
8426
836
4103
8991
1981
2447
3632
4384
499
750
9953
8851
7104
2642
1651
1833
8277
1292
9474
8393
4352
5965
4564
2016
7296
1109
1579
4260
3174
9794
1237
6895
1407
6062
887
5849
6072
9583
8235
1962
8571
9568
9602
6442
4630
8960
8325
9647
3877
885
6491
4561
8317
3443
2711
9124
9066
1959
8041
7141
8714
408
5554
8506
9293
2222
1775
3547
8189
3776
9956
2240
1438
9775
9456
6930
7865
490
669
7644
5683
1604
1973
6439
4491
2300
2716
6037
6489
9578
9046
8461
3821
443
7849
242
6812
2246
5081
879
5686
3928
281
7272
8357
7329
1519
8641
4480
4098
723
662
4598
627
2576
7310
4592
5566
8141
1345
3068
2247
9640
193
2460
50
3084
6008
9350
4789
9659
1156
1879
2737
2076
1102
8167
5600
3878
5507
6421
451
1912
2758
2183
4228
9353
1602
6306
2837
9478
1770
5743
5651
953
5449
9017
409
1462
13
9104
2058
4910
7148
4364
1155
683
1445
368
5363
706
4287
1599
1239
2906
4437
2351
4407
5591
3798
1596
1962
1373
8795
3804
2888
4655
7409
2158
948
116
1826
1704
1987
3543
602
9469
8385
5596
778
1265
2038
1175
1803
6659
9172
6529
5417
1364
2258
657
3990
1158
6270
8169
3119
8887
1693
5734
9307
4822
7663
2019
5774
6813
7144
4355
4406
9489
199
469
5252
600
2906
3312
6018
2526
5221
9760
4637
3375
6283
7229
5097
1652
1203
5600
6343
7754
7212
6945
2756
3143
6492
3701
8176
304
1968
1140
4283
8223
3390
1423
234
7690
8203
145
6646
8856
1372
2053
7477
4886
9626
8534
5641
6789
9365
7407
7602
5053
6459
9900
2195
4762
8250
7535
6251
2080
5535
6550
6014
977
3006
8738
309
6977
7263
3556
87
8501
6184
7012
8539
294
2840
1109
1436
699
8247
3178
9701
7784
6626
1213
2126
6052
3692
2821
9205
5484
2643
3780
985
9018
2348
2393
6505
5249
2370
5972
4485
1360
924
5175
1639
3568
3884
4800
3894
1789
5275
509
1896
8068
9546
6348
2653
4895
140
6870
8237
6204
4418
3792
6179
666
1282
3749
1844
2729
7673
7588
1905
3293
3424
4003
2580
2117
2588
7231
5575
2745
7212
72
8195
375
1691
8545
9481
7905
5938
69
5445
9507
2163
3635
5874
4658
5157
2184
3015
3674
1965
7456
8923
1671
2545
3429
5299
4611
1734
2107
785
6672
3535
6091
3518
9834
6938
4356
8380
3207
4916
811
459
8555
1824
3671
5491
6783
5889
144
1473
3008
4214
2400
7725
5368
5394
2001
4035
8697
3199
3675
7744
6499
3055
8636
7537
8388
6579
3646
7946
4883
239
6110
1040
7169
3981
4805
7737
6021
3645
8088
2343
7999
5260
9782
1636
6452
109
3505
3929
6061
6269
9494
9193
2800
68
245
3603
8639
6543
6821
5152
1298
7780
988
9709
3206
9397
8481
927
8399
9616
635
9968
3812
579
5825
2959
4038
5847
3118
9339
9046
7642
7671
6245
8742
7120
4839
9822
5537
4626
375
4256
6777
9983
6311
8206
5187
705
9462
8972
370
6022
2099
7909
7957
1371
1749
3455
436
5564
2938
6613
2350
8652
9618
2844
7915
8868
8814
2439
9153
8803
3024
665
4383
7544
8187
4714
9525
7942
5818
3078
971
3328
2638
8944
3068
2390
7628
6631
5000
3236
310
5771
3016
8045
68
5766
8183
7136
8261
765
4683
4463
662
1530
4225
2182
4109
3863
9440
5788
8936
8361
4123
5801
5966
2296
4124
1341
1311
4368
7510
8325
8417
1594
1523
1976
4289
7388
3378
5858
7889
6703
2437
1630
8631
692
6833
9409
1269
2269
8813
1874
745
1691
6337
1500
1639
3632
4000
568
1185
8608
7564
4086
8459
9765
2387
5693
8096
150
1604
1678
4872
9688
5078
2195
8366
6505
9788
2996
9327
5767
1107
7382
943
1076
4545
3965
1682
3382
7918
7055
1725
2438
5180
7569
7477
7956
3555
172
6160
9320
6932
576
6087
8372
390
8231
7381
2932
3863
7731
3791
3868
442
9222
8084
4587
9954
535
2278
8417
1765
7964
717
689
7427
4078
524
5828
9783
2712
5377
8542
2169
8473
9794
7849
4046
6452
8191
9531
4106
9432
8174
5295
3292
6169
1267
5898
2512
6798
6538
9287
5460
9557
6490
2110
7335
2711
6808
6713
3720
3562
4272
1521
7167
3400
3954
6891
4071
979
4940
5928
7073
4939
7382
3536
1251
4406
2900
1514
3665
4911
7271
8528
2360
1045
2373
2739
6671
5279
4156
3165
5903
4843
6370
4789
4973
8867
3454
1801
3608
570
3996
7344
9740
2114
3245
2977
2718
4756
395
7999
829
2512
4214
666
8167
734
8862
6988
8707
2928
1174
9720
9221
8851
1280
484
7369
9411
5651
7009
8152
1396
589
1838
1678
2617
7289
9996
5069
5453
2787
292
2922
8261
4032
8353
938
9885
3143
6556
8222
7828
5083
1825
1683
6985
1923
3575
7641
591
3746
7253
1088
1493
7712
3066
101
3588
7974
188
2489
2140
6885
3390
7601
7389
7545
4552
6616
8856
4026
1518
5957
4863
35
9678
875
3590
1764
1862
3355
6217
8952
5401
920
6308
4451
4747
9276
5964
684
2818
8738
9553
38
7896
6797
605
8045
5892
3498
954
864
2008
1391
1023
2647
9929
7818
7651
2039
5975
5267
9443
3868
9078
8505
1469
3199
6202
9434
4476
4959
4685
1014
8157
2909
7241
5635
9642
210
2683
7768
8582
3551
3761
1047
6007
925
8442
342
7253
2838
9377
5640
6127
8018
9585
7048
4470
1352
6812
5084
6566
2811
722
1631
4738
2247
7689
3517
33
1184
9989
7965
4327
8068
8118
4644
3313
2572
299
9705
6198
4795
3905
1017
8698
3401
214
415
217
5159
4332
6694
1785
7635
7845
9711
9032
2568
1108
5808
5556
2271
9323
2201
5412
2623
6477
3406
4691
4992
7025
1210
7389
9084
8682
8356
2292
3396
697
4822
1022
8642
9347
6244
9622
8070
7734
2273
2650
1706
6650
2152
3791
1703
1416
4795
6470
2592
299
7293
1226
2515
9366
3584
1138
195
1209
1671
4157
1084
2758
8836
8296
4679
9733
1673
8907
8597
200
6990
4604
806
1845
8153
3340
180
669
6874
6774
40
2186
7769
1175
8085
4512
5139
7935
3156
6271
3705
1478
6473
9023
8915
9173
8375
1739
2427
6719
1709
2580
5578
4093
1553
2596
8156
1058
4245
9016
4685
235
4198
4802
2264
7671
2660
1640
2077
7368
6313
9803
3167
3549
9269
2422
3865
9883
6463
7215
2233
5621
4055
5891
5955
6637
6178
6551
3549
2052
1227
9296
9593
8170
986
3645
5254
6561
1352
6373
2948
1980
1323
5025
5816
2378
7796
1242
386
1294
3446
8072
777
284
3669
7594
75
712
5766
2505
6142
766
4296
3563
860
9311
3492
7040
1639
4715
660
3554
4194
3404
384
3532
7829
991
1156
8531
4752
9996
4370
1825
3712
5318
1058
9910
3327
2199
6402
4853
2027
7129
1864
5858
7320
4257
7031
8917
3365
5569
2325
7237
1837
3459
1781
4209
2435
6214
1526
9327
1134
8907
365
3276
966
1901
6425
5961
677
6079
255
2510
6025
2092
3728
3899
5704
3782
237
3266
1114
5269
9471
5157
2561
8599
8796
4312
8823
8668
9094
2341
8819
8354
3102
8371
6744
5005
8587
6402
2212
284
35
5534
7237
7629
2154
163
7860
535
7819
2449
8761
2072
7695
9802
9854
2692
799
1161
4921
1684
2665
2728
2218
8841
7568
3121
2906
2314
4377
18
3140
1841
1767
4045
5186
9511
797
798
759
111
5038
6118
1
1400
3978
113
643
1468
470
3217
2930
7927
9053
406
5318
2745
3748
9133
1126
5304
6467
355
6559
731
2019
993
6442
8990
5776
1173
946
7203
7690
5071
6176
787
7769
1468
1430
3613
3803
689
1019
8320
918
8962
5540
2620
6024
5307
6271
4792
5542
2945
5149
6028
670
473
3540
3887
7373
5873
5633
1146
4888
4623
1223
3246
9905
5698
3837
9678
1793
4932
8858
9266
3386
1208
7113
117
3781
1688
261
8762
904
1456
6705
9762
3684
5556
3290
271
5565
8698
4381
4222
9057
4003
9498
5588
3693
2162
7380
2085
9832
132
4858
6506
1287
9163
2158
9839
6942
8378
5432
7308
4321
4311
9689
5828
2027
5999
5698
5237
4486
7126
1870
583
394
4189
9635
2876
9366
1121
1153
3432
9999
533
3388
1261
8060
1302
7914
5488
1518
8314
1173
6003
1722
1924
2141
2760
2746
8849
5044
9678
5199
620
5128
1790
720
76
6232
3966
8545
9282
2139
6500
1542
8754
8641
5777
5161
850
6743
6484
1288
7262
5603
4218
8730
2839
4447
6500
662
3986
7116
7195
1235
3401
1851
1271
4088
1072
8163
3198
8088
8114
9672
396
5935
4705
2458
8867
5429
4713
585
8575
1661
6591
2810
6804
5129
5903
430
404
4990
9659
8123
728
4742
5056
3764
5407
634
7735
7496
4251
3472
5529
3750
9949
742
9437
6500
2056
8630
3469
7584
7691
272
502
1157
5179
400
8095
7948
2462
1637
1410
6864
4239
3106
2699
8802
9674
3806
7910
6118
6281
8182
8656
1176
9084
4063
8522
5620
3431
1460
5226
4378
4399
842
3254
2197
1785
949
1154
8293
8075
8131
3153
9790
7173
644
2661
4478
9731
7597
7814
3565
9474
1550
5529
2188
9138
7316
8675
8948
2108
7540
1768
9351
9445
7632
255
4534
7318
115
6033
2336
4513
2548
1634
399
1
284
2177
652
3103
9311
3728
9194
2265
8146
4482
8288
8854
8000
6673
8810
2682
2963
1323
9385
2676
8219
4196
2738
725
5390
4592
8836
1998
3500
886
923
2527
198
3241
7846
265
4024
7531
5556
5197
3928
4753
2728
1616
5846
2121
1806
9085
7979
9650
334
4115
6263
3376
109
292
9508
3449
8908
7072
2916
3319
2331
1728
2712
4293
6165
790
8438
1166
9476
5985
94
7569
7248
8216
2210
7457
6040
735
4221
7871
2088
8424
425
6152
1457
7015
1047
8436
8781
2009
3267
9714
1555
2230
9852
219
831
1663
4255
7717
975
1680
3682
5058
9800
4088
6216
3496
8356
5296
8565
4636
5202
7680
8218
6482
3095
8458
3823
9064
7038
8170
5877
5372
5345
3055
5031
663
4957
45
3721
2019
9888
4812
6977
9651
681
2071
308
8335
8788
7005
9272
5041
5351
8592
2160
6701
4531
7664
1356
9602
5692
7103
1533
3965
8104
8106
9672
8944
4008
4969
7933
48
3708
7253
1961
4685
6994
6874
238
8452
4419
1120
9844
629
5016
2512
3621
3658
5091
4244
3004
2450
794
2222
8183
1998
1283
1229
8271
4830
5796
2875
5765
3384
9741
3583
6454
9937
2052
6158
2300
381
1065
8380
9627
4930
2883
969
1743
5350
1754
6062
6140
3079
6287
7120
3241
8807
2294
5599
3336
71
1568
2070
6628
897
1262
4949
6296
2719
8740
6680
563
3485
3279
3322
3207
7919
4447
134
1752
9832
1314
2007
9523
2326
6777
7259
2970
3788
2829
7111
1532
2867
3835
3815
8791
9828
7504
5208
1480
5702
2299
5377
720
2736
1579
7047
2097
8791
321
5271
9416
5221
6532
1989
1609
3012
6446
8281
6949
7481
3314
991
3679
633
1315
1238
8295
4712
4753
328
6152
4631
3086
1055
6233
1475
3527
598
1969
412
9009
4600
8277
776
6133
4174
7783
2718
1828
470
2530
7718
7366
722
3069
2774
5073
2103
8949
1222
2487
8984
6935
3382
9349
5470
1112
2019
9880
7122
8191
409
1371
3747
730
3048
5889
3293
357
9930
7346
3199
7602
7929
5654
5265
4379
2367
5753
4358
6191
9553
4458
3650
9061
5047
4460
6704
2674
8915
2905
2483
291
2854
6150
208
9708
4189
4764
2331
8570
2351
2546
4341
1686
4380
4808
151
4755
1709
1893
7816
3230
3816
386
592
5778
7481
1368
8563
1554
2916
6367
3563
4721
1036
1672
8886
5924
9182
3231
5295
8591
2440
2094
865
9299
8934
5736
4704
5500
2311
9917
2474
1044
2639
1494
8789
8944
2211
3682
3948
8924
8687
2773
6586
406
4691
1382
6554
8939
8614
6036
4448
745
3562
232
1604
5503
750
9767
8189
4846
2131
5834
7420
2239
5793
7740
3785
2891
7209
7365
5941
6506
958
6133
7714
425
9999
2160
2936
6089
3132
1122
5846
3366
1070
4638
5576
1442
124
8050
1979
722
1114
769
7471
1651
7571
593
7692
6104
2436
7954
9491
4869
57
3648
5217
2015
7901
4921
9621
8022
8981
706
9340
7863
9533
9797
1976
1575
190
7698
5699
7984
8424
6510
995
198
637
3020
9788
4000
9840
4423
6959
2359
6375
9571
7304
4884
3011
1243
5613
5928
2473
2969
7494
887
7195
858
1869
902
8595
1788
1686
2877
4128
1654
7623
7654
3256
1187
4233
4462
9504
2550
884
5089
3133
1346
1525
2895
1931
2283
4549
4311
1061
7601
9435
8785
9830
9772
8186
2194
4135
4901
7156
9655
5821
2688
7773
6025
6527
5534
5125
3989
6269
1551
2902
802
4697
6236
908
6839
2167
9858
4708
3757
9485
5795
8089
6521
1346
1930
6811
7078
1205
8669
9266
5646
4776
3992
4815
6168
8837
8008
5901
1551
6961
7444
4831
2239
9952
9154
5048
4435
1527
8139
4548
2627
5322
4709
1861
1527
408
2297
2724
7725
8718
2373
8966
1732
8707
9523
2295
3942
6947
980
2707
5814
2085
4144
3126
8225
3384
2064
6253
3100
3179
3643
4397
2593
4519
3007
181
935
4897
961
6627
4074
6735
5114
8231
9092
93
8360
2861
6832
3220
2177
3799
4061
8589
7911
1653
5358
7853
5660
8937
7179
595
778
4759
3096
312
858
6274
3261
6373
5900
5548
4921
8145
1956
5604
2468
5082
244
6566
4554
7307
1439
4600
1587
5410
5671
6143
6319
3509
9377
4685
5176
8145
6304
8010
5208
1538
7168
1619
6721
5609
4672
3924
6832
3128
1156
9565
9666
9044
4491
876
1219
7
1195
5415
2299
703
1154
5283
7102
8872
1381
9959
5290
9422
4871
1164
4998
5412
6805
4259
9231
5366
5495
9146
9687
3007
3562
705
3737
6562
2772
7893
7624
6632
7066
3715
2576
1837
1527
6853
1473
9757
8572
3934
2650
6
3479
4183
1850
6435
8915
7723
91
7625
6169
7698
3909
9167
7671
2323
1888
8667
7417
7132
1740
3645
8951
1853
183
4315
7989
6043
6509
3120
2132
6806
9312
1917
1477
6130
1230
4711
1380
6559
1069
5268
9610
3477
8775
3052
1803
1516
3796
8376
3108
2743
3760
7562
2714
2120
5352
9483
7949
996
5376
434
1973
2572
1490
3628
8876
6247
6376
3175
8042
6344
864
5936
6630
5016
3021
4480
4696
9173
7750
5155
6872
6287
2738
7736
5723
602
2475
1281
2849
3408
9006
7089
1202
3474
7864
2825
5267
8413
1071
365
9795
6446
2331
6488
387
3802
2550
6099
2137
1669
7285
4912
3634
1193
2723
9121
1309
7181
8411
8401
4792
700
4420
2995
9972
5557
1277
1953
5360
1148
7947
7649
7955
7259
5251
7457
1933
7644
5496
3392
3105
1942
4547
5544
3433
6612
3853
6730
9854
2764
1409
1530
3778
2157
3634
6432
7176
5885
4264
1592
1759
7608
7416
6458
3654
4660
1878
1365
9124
4535
3305
1897
3631
8413
6921
4168
5890
2479
2348
1178
4933
6509
6639
7795
3837
4477
294
8514
7666
7005
750
7078
2184
1134
3195
3823
1219
3862
3076
7177
3255
2648
736
5530
5705
3299
5954
8800
8517
9993
9428
1456
1623
5828
1748
5232
5208
1766
5815
7643
7802
804
9898
196
1165
2471
9547
2378
940
17
7724
3079
7965
6480
1405
8265
7285
2611
117
4990
6718
6681
2399
8299
6510
7471
2991
2173
7707
7226
2158
6138
5450
4647
2262
4715
3896
8693
6820
2046
5697
3157
545
9241
6475
6252
5611
9679
603
7841
4809
1960
8244
7475
1877
3590
2145
3669
7410
5085
728
9784
1821
3604
7209
4154
5316
8082
6231
2597
360
6667
6024
486
4272
6740
2666
1282
3600
2180
6626
4280
2357
921
428
7491
6252
7581
5353
4906
2348
5195
9870
4690
8931
2480
5646
4282
6239
9731
5291
1617
7140
4597
3956
8538
254
1411
5542
3837
2296
3779
7829
5467
4789
1216
1262
943
2769
2277
1697
8233
8701
176
1998
2917
7075
808
372
5472
1906
2771
4401
9512
9134
9796
8579
2110
9536
2760
3683
2513
3027
9775
2652
1513
5514
8032
6632
7761
900
8050
2700
1725
439
9684
2951
1765
4234
9457
1421
9184
577
2298
3693
1309
1629
9054
2173
9784
2868
5058
791
8855
2118
1072
3807
775
3187
6377
6460
1439
1745
3651
1396
6166
2312
4287
2606
1485
619
2135
8646
5138
212
2624
3962
2814
8766
7537
5748
2860
7920
6246
4001
9048
1980
9715
7203
7097
616
4327
1330
1185
6947
7888
2320
4451
2146
6532
8730
1424
8068
8144
5097
2385
8470
7280
8351
8329
4146
4926
4598
7514
3753
715
1714
3915
21
2270
3026
3661
1995
865
2487
8078
3148
6858
5974
2185
3005
962
1442
9421
7877
6851
2552
5460
7167
702
2357
1255
5765
2047
2746
4322
4667
7610
8533
1689
8051
903
195
1898
3990
6961
2444
610
1388
576
9907
8766
7653
8559
4290
1334
8510
3226
7070
7153
2274
7621
6590
9625
6622
2560
7410
1508
6347
2526
5873
5241
7334
613
9134
8723
2964
7259
2689
1906
2162
3572
4864
7392
242
3985
4863
7048
7890
7838
675
6819
5004
909
2329
1661
5797
183
8400
1695
6949
1960
5808
4852
764
2002
9008
390
9436
8393
5974
2503
7596
8753
319
6739
4616
6656
1411
9
2794
5777
6893
2065
7955
8188
430
2987
2917
1465
404
2385
3244
2710
2763
5442
9001
1272
2168
8631
8085
6212
1257
4806
7586
4626
27
9278
1556
2440
4532
1069
541
8818
761
1523
654
764
6867
8328
8144
8558
699
3792
12
2478
740
9339
3253
1917
3558
8978
3285
3010
4303
4171
2567
4217
3706
1279
5990
874
9946
4034
1764
485
3274
2077
5096
4694
9965
5361
7732
9218
6984
2696
7880
954
9945
742
3580
5801
5773
5212
1881
301
1539
7822
1833
4466
5352
1717
8095
9027
8493
1805
411
5443
6938
9950
4663
4171
8713
856
5701
1260
1239
8585
5485
1502
1855
6797
5042
2082
8455
2140
9333
8812
6199
4850
9676
9605
4923
8909
9429
7645
8905
7464
5426
8421
2993
1305
2435
3691
1677
1766
2158
5328
4174
289
2851
9474
4143
979
8784
3828
7213
1134
3571
5720
4953
70
6473
9467
1115
9424
5709
1147
6721
3190
7384
4207
4183
1640
1191
1422
2542
5224
4977
444
8008
4887
6927
9441
4067
5255
6494
8630
9157
3507
6682
7415
4047
7391
3144
1173
6896
8084
5118
1479
8142
9655
4627
1505
1989
4708
2325
6435
5657
1919
894
2916
923
486
1593
5190
1232
5147
3173
6908
137
5451
450
9506
7618
5363
6691
8532
8432
3505
2772
4266
4491
8316
3271
763
6624
2514
2471
877
2181
3802
1640
7425
9835
670
3197
1408
362
1901
7134
227
7504
3099
3588
4048
6613
2715
9119
4330
8935
5328
712
1578
6666
9121
1058
807
7040
859
7963
2252
1159
3610
7801
8716
8710
8364
9472
3087
9618
3085
4461
211
1807
6376
1737
7853
8182
2817
1287
5266
4809
1448
2362
7472
9004
8346
3498
8832
9236
9337
978
5597
6760
2572
4968
7132
4706
1975
5082
3352
1196
1994
7324
5774
6180
9006
4693
5868
6283
3673
1823
8101
6737
6323
9163
2451
9873
7988
3877
6557
6858
258
1703
6853
8274
1015
7583
3080
9257
6474
4384
84
7952
3787
1206
9747
8641
2965
1954
7797
2765
703
5442
6885
1364
7126
8398
9006
8307
6370
1563
1297
3377
5262
8941
6717
7338
9445
5088
8107
4221
9545
1440
2070
2325
5493
6587
9478
7027
1250
2713
5335
1826
6730
7402
2355
9612
365
2588
3303
8458
4769
2006
1516
8223
1478
9510
2335
3484
4695
8554
5513
4043
8208
4465
8396
7411
4321
8350
689
5135
7885
323
8304
5555
6449
730
4223
8370
5258
8413
725
9602
9096
8431
193
9563
9824
3296
4526
8588
4862
4052
2509
6364
2195
5830
6285
5891
4888
832
1932
8270
690
5060
6833
5622
4735
7308
6116
6030
364
2254
1413
590
4362
4604
5912
7071
2250
969
1639
2424
8825
962
6366
4788
7801
380
7714
1103
3681
7225
1819
7704
5735
4134
9181
4358
5558
9561
8952
9718
9717
9099
869
936
1300
7603
2859
6383
6177
4586
2928
1568
3961
1982
4420
7195
2351
9882
5566
3194
7365
1265
7337
6210
7345
4450
5595
6443
8611
7687
2024
2529
8385
4729
7670
2505
2510
592
8049
185
1145
7588
9632
6032
3968
3121
2376
2973
4188
7495
253
2975
4476
2772
5535
842
6412
9839
1080
8906
2686
738
7450
7370
2452
761
8524
9510
2459
7274
1332
4353
6627
1430
9441
8177
2726
932
3229
243
7141
8842
3092
6376
3727
6566
1831
1844
2080
8294
8775
3900
3980
5533
1874
7576
4571
8513
4898
4058
1338
9128
2614
6271
5894
8950
9257
9944
1525
2507
3891
318
1604
6477
159
8905
2930
6321
3393
968
1744
7502
6579
4235
6104
2212
1391
757
2877
1775
1933
3372
2893
3713
2949
2059
8783
7145
5201
6705
6294
1025
3020
1562
6223
9880
3974
3965
2848
714
6845
4242
2140
2081
8833
2304
4534
1452
8305
484
3758
8489
6758
4257
9360
1904
679
2112
614
8251
2609
641
4830
206
420
8301
671
2691
735
74
8881
46
562
8115
9940
3573
1872
2847
7699
14
1606
1838
168
759
2950
6951
9307
2346
9748
19
7726
3120
3266
4593
7879
4313
8722
9140
1183
8243
8622
874
1071
2388
8515
6087
1158
7679
157
8496
354
2433
7572
4177
6085
7612
530
8499
8705
2539
6932
3645
7488
7844
8171
986
8058
922
5081
5875
6708
6803
7810
9583
1325
815
284
392
7286
5343
1225
9775
5744
2098
5314
49
3742
3320
7047
1067
6480
2212
4609
9590
1063
9901
7542
7358
2620
921
3335
4578
9989
8331
9373
2859
4500
25
8273
1994
3613
3347
745
4016
673
4627
2315
737
3621
766
5416
7480
655
5492
2447
421
636
6469
5270
1917
8999
5742
4613
59
7566
4178
1919
4158
98
8031
498
600
9221
9262
6374
1983
4895
7264
3347
4576
2773
5305
6080
149
3889
8736
1256
2977
1103
8879
7
2444
6499
130
102
3089
1458
8161
2182
7606
6709
5075
2255
7417
5907
3727
2214
1248
2801
2254
1557
5862
9273
3677
3155
9367
1795
4384
1910
5607
2242
936
9617
1843
1830
2141
6593
4261
3023
8254
7204
6903
1424
3024
9989
2390
4802
2624
4355
46
6195
7924
151
4854
6679
7863
5519
7785
1853
8188
5339
9851
3768
598
2875
909
1885
7605
2022
1817
3559
2133
9384
871
2113
1517
4665
1426
2519
1533
2563
8960
5974
5919
709
8861
2341
8457
5722
399
6180
3675
3623
1528
9193
2754
539
7242
9880
1207
3300
8274
3700
8855
8655
8995
5142
3507
1158
253
2239
7419
8591
925
8759
8421
9328
8385
4635
1298
2763
2866
4306
5994
6126
2416
3054
1990
8125
1882
4758
9857
4025
433
5105
5492
1392
7568
8743
5259
6093
2248
9851
4178
3409
9535
7498
8158
6025
5432
5733
834
4854
426
396
9754
5045
8575
908
1506
9286
5439
4556
4870
5084
5507
2145
4959
3189
3543
3017
811
2784
608
7815
5400
1662
5196
861
1168
5328
3517
6058
9529
7739
8979
1569
1192
953
2029
4882
5287
2433
6421
7490
2554
196
537
1298
2640
3314
6224
1017
281
6289
8952
2382
4377
9980
8972
6611
4033
144
4886
1516
5690
2526
1233
8497
4313
4479
9075
7041
3160
2419
5682
6417
9761
5908
8521
8980
3619
5794
37
2117
4334
40
7947
9743
8557
4217
7050
9926
2192
6209
524
122
92
5077
7784
348
9208
1858
1978
6017
7421
3316
9199
1604
9430
9918
5657
950
4364
1103
1753
4192
9718
301
6995
973
9544
9436
2425
620
8850
2091
2919
5372
5981
475
9898
9840
970
9382
8964
7010
7297
5644
8067
2412
7812
1668
5184
1214
1043
616
6040
1437
951
1708
1462
7079
1413
1608
4293
1458
2219
1961
525
6244
2446
246
2871
8190
6313
1721
5309
5156
8939
4680
1275
1155
8927
4511
9080
4804
9522
8782
9911
8228
3093
647
8217
5641
5164
4233
8661
1531
7674
7277
8842
1055
6589
7905
8206
2938
6956
8057
5023
2159
2657
3833
1845
7556
112
9095
8058
5006
9824
8184
8274
3584
61
188
5642
2491
3187
4486
9427
112
50
7872
6565
6371
4127
7872
8670
1803
701
4266
8080
6290
1229
4043
1778
439
4782
1670
1565
8902
1673
7848
5613
1158
3542
7918
8075
23
3110
8758
67
1111
266
9183
1123
7016
3244
2097
6008
9916
3120
7963
3190
2989
8820
9923
9879
1572
6903
8542
553
4595
6174
4332
7075
2013
8536
7032
4137
576
3945
2659
4716
1390
8096
6705
4221
4378
9053
658
3227
4276
5870
5143
6108
2573
2066
8080
7308
1824
5433
7168
4709
1215
6905
7868
7386
1853
7815
6322
8409
8593
1636
1013
2636
4136
2775
5993
6301
2554
8054
6710
2314
9289
3922
4630
3015
843
1757
6016
5881
9473
3733
9516
2458
6143