10000
558
771
5997
1464
8890
6455
1101
919
9385
7373
2511
2841
3066
9916
1821
509
5576
5308
2232
6243
9117
7640
7444
39
3307
99
5523
8091
5376
2558
564
4299
6519
373
61
2500
5292
5140
4898
9875
2097
7870
8527
9292
726
5928
98
8102
4839
8532
8223
9132
8129
7351
6652
2361
1595
4562
9723
8047
31
4455
7201
9835
5035
9845
2996
6895
8320
9371
5783
4230
2610
1896
5932
7936
562
5777
4562
2345
5737
411
1438
9722
383
8788
1274
5585
4181
5229
1384
5238
4747
384
7999
3045
2354
323
9111
1601
9773
6403
2953
1213
8512
9334
7123
3630
652
5710
1896
6928
935
1141
2240
658
9513
8153
6438
6370
1456
3582
4256
2140
6913
1921
1959
662
3099
8298
6512
3266
3438
8611
4699
281
5767
3263
7207
5387
4918
7093
649
542
384
2430
9246
2593
1144
1225
1915
830
4955
5377
3116
7076
360
225
2719
9960
3637
692
4329
2698
6775
3495
9496
2519
396
1035
631
4693
2644
6415
9550
6274
727
9176
6555
9256
2886
7218
9340
3934
7958
6792
3765
9149
8135
7112
1328
3214
4255
5923
9940
3172
2004
3669
457
1242
1254
8738
1777
1645
5100
8056
1969
6670
7578
3327
4831
2387
6027
2153
533
1197
2123
1056
256
538
9732
6753
702
1554
2525
6694
4527
6578
5020
1330
5331
4159
5568
1198
7140
1583
5546
3200
8682
5902
3242
5565
8536
5111
1069
7170
4717
5900
247
7358
438
1429
6634
5665
9481
9423
8853
8897
288
50
8162
2107
2051
1214
627
1970
8696
6772
917
9240
2336
3142
4538
2535
7610
3025
504
4075
218
184
4107
3626
5954
626
6768
8256
7089
6264
4789
2702
7676
2102
1304
1208
4873
1199
6549
6120
9443
8097
7360
7604
214
6418
3890
5160
3022
5878
7724
4249
1080
9500
9393
2061
1161
2174
7280
1288
4212
377
6401
1472
944
6493
9673
6189
6549
5140
6284
7448
3406
1678
3017
7609
8094
1529
2096
7556
9530
7581
3658
6965
4904
1531
1860
831
6977
4273
1759
9407
7863
7830
902
1159
2592
2826
1579
2499
6154
8459
1157
4031
8401
566
2472
6467
9766
7586
1697
8116
2922
4512
131
3849
556
2811
2859
9609
5350
9280
3013
6845
2465
778
20
2596
1689
5941
684
708
2946
1579
9779
4365
7731
1967
6753
3738
286
4243
1925
6738
4464
7206
3732
1642
7683
5963
1034
6803
6477
9253
3065
8492
2621
1917
3861
6435
7243
7609
5412
3732
819
8234
6369
3999
1262
2787
6110
1331
1034
11
9300
6515
4761
5897
4723
2209
1659
5835
8943
6783
7122
3175
5929
1590
4801
7256
903
9292
372
987
3408
5154
1079
5474
742
7212
4342
1318
2777
1818
3569
2856
402
357
9901
4975
5354
9763
9719
1678
894
3743
6761
9727
6519
2955
2887
7806
4140
3747
445
4468
1529
2590
2440
889
2777
7022
8887
1090
2662
4577
4094
7913
184
8824
6993
5759
1550
9181
6514
2193
2335
9521
4206
8980
1741
72
5397
8973
7713
2197
2314
7838
7536
9863
2714
8154
7953
2409
2294
9794
894
2423
3444
2550
9200
9527
6944
2036
1223
2148
1332
4943
1549
5781
981
700
485
8311
8259
8393
281
7463
4625
576
6723
4831
2664
8716
7356
6628
8524
6503
7357
4975
5412
215
5299
8812
8913
6210
8731
3778
3638
802
6877
7376
5175
9893
5317
7084
2042
9786
1646
3873
2592
6319
8056
8785
2148
7334
9356
4446
9797
8304
71
2517
7340
2126
1926
4528
313
5923
3194
5997
1997
3956
2265
664
5902
1872
5250
2004
4720
188
4441
30
6910
8404
9720
5368
9520
9310
699
3816
6579
898
4582
4909
5067
8361
8129
7719
661
2977
1860
8621
5154
823
4487
3512
7757
8267
6826
2722
1682
7171
8590
500
6528
9866
9114
7798
1146
8801
962
9743
3137
2455
7343
2675
757
3996
3022
6476
6649
6098
9510
6587
9263
4986
3152
2520
4675
1019
4720
9549
7408
8855
5162
5816
9730
7898
86
9958
7425
4964
2553
426
7528
2531
9565
3146
2296
5733
1315
2083
4303
943
1828
2722
9576
6718
3467
254
3299
71
1137
7922
2107
9443
5285
3557
4743
3847
5697
851
2317
269
712
5564
524
5923
6134
7088
1124
2503
3323
2874
7902
95
2027
3890
7067
687
3475
3553
9609
9529
9184
8392
2308
3679
146
38
1899
1532
1002
6285
7183
3271
738
6370
5003
3272
6694
2071
1634
2092
6650
373
5521
5835
1455
3161
1805
9333
4046
7995
9528
7655
1189
1092
7493
4077
2079
4765
4243
8925
4723
5506
6342
3067
1847
2786
1014
6002
9022
6331
1170
58
46
7612
716
1832
6215
5953
8498
5641
8885
7891
1085
5179
7005
6817
1785
4781
706
4295
1387
3704
4806
107
437
9296
2230
6262
3482
1380
1199
7681
7859
8043
6775
9128
840
6994
1633
4492
4808
5903
1755
9060
5019
6989
1852
5940
1172
2161
8478
8374
8421
468
1181
4029
8603
2140
9536
4213
47
1913
9431
4596
5553
5461
1251
5423
7038
1616
3932
4437
7491
9730
336
6053
8638
4900
1245
9498
1824
4214
3455
3801
7007
5204
7451
6335
761
7862
393
8329
2140
8724
7463
7901
2739
581
5173
4045
5940
2918
9639
3796
3485
7273
6824
9386
4730
426
8836
5333
4548
1168
2064
564
7055
1912
9213
3981
2552
6043
5337
724
6677
8177
7168
8000
5315
3897
1386
2967
742
594
3417
5699
4366
1997
6249
3854
5420
6466
3035
4722
4792
2103
5252
2929
6731
7661
8505
3499
7028
4033
9429
8869
9910
792
721
5959
1049
308
24
7206
120
8490
4682
2854
6349
678
2013
5755
5547
1162
1469
5748
8183
9414
5112
1127
766
309
6583
2085
6339
2494
1646
2350
6346
6787
8426
5193
2344
6936
6824
7747
9316
4613
6528
8630
5829
7864
349
4582
969
4038
2667
7160
9444
498
8253
4122
2144
9092
3920
6512
42
5402
2705
3338
5971
4996
5354
7008
4556
9760
354
4308
9057
6665
4037
8748
8298
6961
322
4103
6886
1550
2689
53
6251
1604
5202
699
9330
181
7434
1447
647
49
4475
9970
8109
2264
244
2291
4910
9761
2013
884
3865
2051
8735
6818
9428
6373
1057
6823
1207
5391
4043
7871
5376
9524
1002
4521
2902
3897
3262
1131
4218
1493
4423
9119
4796
4051
6594
7046
8039
4003
6031
4662
9280
2328
1368
3259
2303
3359
7281
3982
5634
329
138
1954
9314
1596
1841
9072
6143
3037
6755
3243
8084
3651
4537
3619
7406
1058
1583
715
7672
8402
2241
7107
1876
3213
9123
1923
1870
2950
9325
8324
2898
4685
1913
8757
4114
1235
1197
3800
6134
7321
2484
2268
358
8211
5176
3354
21
5370
8828
4000
6033
8338
6079
1192
9241
8432
3952
6240
3261
717
7579
1331
3978
9851
6754
7089
1548
6862
8149
2428
8209
630
1463
3353
4874
7401
5074
6943
3292
6002
6711
1040
8900
8042
270
5850
4452
7560
8706
7533
3474
3862
808
444
9195
9693
5722
876
2484
5753
4611
9100
1497
3766
1154
1223
108
9537
4711
3427
8892
1668
7285
1094
5004
7832
3139
8752
2692
9863
997
6701
9686
9039
2290
158
6034
545
1865
9165
742
5723
8093
7784
8921
9
6546
5725
3628
3473
1254
4436
3978
8006
4594
3000
483
3024
1388
9074
1855
7084
9338
5309
945
4535
1997
927
6864
7351
219
6127
2009
2360
6172
5637
6117
4019
7993
7367
1498
8607
3618
4793
2272
7587
6352
3484
573
2247
9005
7497
8086
5118
7007
7267
3705
6402
8870
1943
6760
7531
6723
1050
6612
2878
4793
1323
5286
156
3379
3466
3338
423
1863
5287
5749
9904
5037
1627
690
2987
2813
668
9643
1247
3721
8838
1833
4009
5773
3902
4598
2659
9307
5571
2288
6721
7194
2240
2425
9708
9800
2000
1717
4944
6105
3752
180
1384
4028
7168
3661
7730
776
2280
4720
766
8418
4175
3831
37
5623
3467
7501
6779
5114
9220
4180
2187
4984
7292
3468
8122
5263
525
1072
8736
2068
3988
6815
5376
1465
9426
4180
2275
8148
907
8078
354
6481
9781
5614
4938
1403
4345
9162
2550
506
1107
2074
5347
2606
6893
9231
6081
2528
7262
6023
1682
5532
1300
706
4930
9158
71
7120
5733
3017
3255
5503
847
2508
51
2192
793
7236
668
5985
642
1062
3772
391
8353
1789
4644
472
2887
802
9
5825
6973
654
4187
3463
4483
913
8660
1995
529
1842
909
1034
5551
3088
8955
7067
1906
1767
3614
939
4798
491
6565
964
3904
8179
1198
1739
309
8511
1683
1605
5574
8877
3737
9411
3712
2515
2648
7413
9630
8369
5275
9732
1931
5711
1132
7298
5900
4782
327
787
2316
8349
6727
3034
2465
1942
398
6921
4274
527
5866
7435
7304
20
5919
3901
3677
5117
1834
480
2091
1953
950
457
7146
5399
793
5667
2023
3359
9454
2234
3564
6781
3847
7711
6131
1614
3139
7073
7636
935
2947
6492
9754
3960
9289
1617
5141
2942
5596
4621
9187
315
1266
3088
2517
8076
44
1280
8979
177
8380
6863
4154
8231
5408
9057
1996
8564
734
2592
5720
5811
1204
4898
3830
8948
2831
7185
3022
8343
3978
3448
6601
8470
6604
2992
9058
1656
6109
8964
7100
6288
3224
8970
6623
3280
1240
7457
466
1452
1546
2122
5235
2135
4039
5102
976
528
9799
4570
1934
1210
2142
5208
5010
4263
3309
4867
4716
496
8566
2648
4491
36
4381
1102
4895
7263
9065
6250
5261
5621
9901
877
9819
4415
9971
8049
8722
2611
9415
8757
6194
9557
4828
5558
1175
6684
3690
3357
1591
943
2109
3664
2565
2592
5440
2372
8134
4736
3414
641
3417
5393
4405
4011
5580
8064
2644
8237
5143
1943
7950
7446
1503
6164
7440
2023
6859
2012
4331
7980
4255
5789
3781
759
6053
3504
4267
5690
4121
6698
5022
8787
2508
6234
6852
8783
2782
485
5275
3115
6082
2560
2093
4900
3260
3024
4959
9537
2681
9355
554
5426
1436
1503
1293
87
7455
2380
4690
3904
5874
596
1430
7943
7880
6439
545
7939
8614
5520
4518
4771
6238
6869
8354
1951
6563
8576
7488
5989
2572
657
3642
1722
6018
4850
4700
9668
8127
4427
4818
1972
572
3091
5301
2
9280
9908
5834
2475
4429
9006
3835
2703
8082
5653
895
6597
668
7707
5791
2817
5462
1773
4699
1147
3355
7961
6408
4936
4426
4917
8719
7560
6774
5606
7188
9805
3138
5060
722
9952
6812
3225
4576
8276
169
4211
3696
1718
1756
62
7440
9956
1910
4765
2481
1775
2959
7726
6716
5961
1562
4720
1971
7676
1057
7695
9994
1298
3053
4225
3028
6187
970
6899
5986
3038
8822
6216
3929
131
5710
3417
670
3667
4701
1154
17
7163
4040
249
5500
5763
5288
313
1657
9263
5836
3673
1746
8596
4855
7027
6537
8018
4574
746
4116
400
3683
8173
5816
3994
5339
5850
6065
3161
5479
4205
1845
7434
9962
853
528
921
6359
8227
8051
1377
1544
4296
5584
3235
7685
1462
997
6082
2227
1922
5678
3956
7703
6647
4000
943
7608
3573
6558
6746
9198
8330
4009
8193
3794
5763
229
9272
9925
7832
8477
8550
9993
2314
9776
5840
6770
42
434
3724
2686
4035
2509
1941
9919
6577
172
2413
9183
328
2975
2911
3044
5230
5745
1611
2755
8735
7071
9445
3367
6866
3452
3575
9928
6917
2164
9990
7879
9195
7606
6397
4409
2678
6018
7225
1598
5731
4756
8087
3656
7985
1261
4782
1368
7750
566
5340
6538
9973
1412
3014
148
358
540
5802
7020
976
6795
1134
4551
9872
4011
2268
10
2661
1054
7318
5628
1940
1374
4222
1546
8723
6939
5669
7980
6023
720
3601
6220
582
7043
1735
7046
1709
498
71
6637
9342
1754
2126
1952
4164
2648
6066
7340
2469
3726
7140
2676
8636
690
9777
7530
2848
8968
7976
2777
3015
4420
8864
2577
1967
9022
9233
8611
4382
5589
555
1077
1635
246
461
248
4222
8026
5235
101
2574
1894
1792
3946
2083
9335
284
1527
5424
3112
4288
1738
66
9696
1857
542
3668
3068
8230
8245
7442
2354
4138
4022
2827
8907
3814
148
2259
5073
6553
7228
2668
1908
5467
9497
1376
8219
2295
2067
7966
5798
1829
8612
1345
2231
7097
3058
9983
5564
9939
7125
2786
7754
8730
7167
8195
1186
8958
1215
1632
8537
5054
1820
3344
3555
2547
4393
1211
8669
618
154
8431
262
2461
465
5539
4755
132
6145
1658
6927
4673
6967
7911
8572
1579
822
6694
5646
2847
785
216
9131
6794
6667
8266
1743
2045
9777
9118
1837
3853
3715
3994
400
8226
443
8026
8732
7527
1059
8651
1011
7380
8344
4835
2011
9867
4993
3720
8746
2612
9504
4260
6302
6082
5953
3692
954
388
108
5458
4832
6085
2069
6588
8001
265
3924
5927
4364
6878
3215
4600
8473
419
4059
2261
5092
7349
6618
6658
2065
8941
1336
5614
1003
1024
9095
3407
6335
5867
4843
3421
733
735
6997
6280
1662
5439
7912
279
7813
4029
7726
670
3408
6331
8538
3411
2488
1573
9559
9340
6756
1018
8010
6190
2920
747
4131
415
2615
4187
5068
9029
6892
6705
9986
667
5099
9708
9951
9409
2293
8621
6634
6159
6716
6752
3983
4336
8691
8338
7380
4815
1870
7116
118
732
478
5405
4335
8622
2408
4001
9639
3909
9399
1153
1134
8247
5462
898
5360
1706
6978
1321
6137
7895
7188
6271
5903
2236
4159
1699
7798
2576
7116
2928
6015
9581
834
633
7140
9465
682
7518
5183
2516
3077
570
8550
2282
6709
2557
5538
9470
9779
1044
2131
6383
1509
5800
356
1595
8081
6732
5460
4106
3471
4319
4604
3147
8194
4174
1366
5286
296
5441
2724
2138
1484
4160
6188
6932
689
102
5201
6753
116
3276
7439
8569
3168
4748
9478
6961
1156
5082
4711
103
8114
3484
3642
205
4416
3712
3841
411
6454
2027
9972
2894
2456
7695
6015
6664
1601
3588
6832
1521
3365
6211
1816
6164
9090
6075
412
6796
43
3875
4054
2169
576
8338
8655
2367
3945
3495
11
1158
9488
27
9039
506
7021
5199
5840
1301
8762
7709
6232
6254
1958
4612
1939
4548
5778
8467
1920
6853
5679
6803
4460
6667
7192
5896
5714
1303
1652
8796
5019
1975
2074
8515
9803
3526
486
1718
1483
8198
6614
7339
8055
1812
1515
1492
4187
1094
7627
9704
4997
2943
511
269
1058
6403
507
6121
4201
1514
3909
374
937
7611
4781
6751
2687
569
9660
553
152
8388
259
1991
6412
4653
9165
6432
6325
4074
5837
4978
9494
9250
7402
7240
362
6174
2639
5304
9584
3103
1370
8316
2305
3723
6069
1400
1426
8618
1778
7113
8752
2117
6062
3045
2584
8527
771
4496
1358
9293
7815
2431
8574
5564
6268
1714
4126
4448
8058
5457
5102
1779
5107
8202
2279
5179
8435
8224
3068
4723
3891
1205
5574
1618
9368
2063
4537
2784
3700
8997
8132
3460
7775
3758
400
6189
5756
5932
1034
1685
9125
7690
7306
6078
8784
9399
6485
8838
581
5939
748
8761
6245
7513
4151
2803
2327
786
4638
5149
6828
2591
6281
812
7821
9150
4760
9347
6023
5940
1154
2016
553
523
3290
1828
3717
6759
4705
5234
787
5127
7053
8983
6134
3437
2171
3569
2209
4510
3022
7863
4994
3410
1280
6490
2410
5126
3675
550
415
6030
9794
1562
2169
2653
9002
8771
8268
1701
9191
9658
6909
9322
1747
3703
1273
168
1480
8258
1406
4255
3138
7087
1770
615
3843
2083
1114
8378
789
8137
6556
4292
8108
5659
1698
4649
5393
8396
6763
3895
810
8307
3013
5612
6815
1291
3652
2692
850
434
7429
5677
6206
725
7779
4387
8844
9478
1401
246
1976
6055
808
7069
5260
8864
1982
1716
6725
3338
5034
9578
8438
2136
9967
9578
333
1263
6771
1480
7066
100
5683
9072
9532
596
1293
8706
2541
3156
3087
9470
7506
3851
1035
4500
1801
6634
9901
9240
3345
9061
7650
4928
6799
3002
993
3131
3684
427
93
795
7216
9250
1148
6605
3735
5812
3174
3032
9202
667
8337
2208
7111
1130
3837
4974
750
1957
1311
4476
3371
1094
684
5460
8627
3067
2742
1126
6026
8418
4584
3155
1939
3555
3927
6162
7200
1086
4707
6162
1714
4924
7208
3709
9375
7559
4551
7906
3742
1495
8873
2087
1004
561
8944
7711
2499
2621
1446
7521
2602
6020
2720
7644
4949
3441
4784
1954
7175
6731
1454
2377
5430
1912
4878
4948
8967
6724
7247
3738
7652
3900
371
6916
5447
6966
3203
3702
5003
1175
2915
1995
9192
8531
5708
1599
5198
3012
1292
1145
5903
7581
4938
1436
9861
207
1646
3223
2784
6723
7502
6700
742
1496
8705
2907
302
1557
8508
2020
4116
5766
1936
550
2127
2397
7952
608
1341
5585
1684
9993
1714
5156
964
5210
1447
8683
4613
1557
6581
1262
9627
2055
6512
5825
4675
4177
8622
9498
1419
6732
4739
8797
1788
6600
6583
8578
3672
1286
643
6469
3775
4942
6247
2722
4068
1051
6324
9895
7093
6524
9423
6873
9439
7768
4310
3190
8650
9488
5096
3243
1681
8475
1474
198
9184
6512
9973
9183
3053
6813
2841
1876
3268
9840
8919
1920
7523
7334
7558
5609
9202
3197
8150
8465
1493
3919
8720
8024
1670
2240
2177
848
3319
6137
3079
6345
5959
5746
1334
6380
2244
8622
4601
2773
3760
3177
2454
2762
566
689
2371
4040
1720
2969
5684
5466
6301
3296
1258
2291
1574
6009
92
8741
9094
9628
8010
2833
6296
9944
7471
5165
8898
3629
2286
9349
5654
5307
8434
7009
6707
4310
7682
5389
2233
2960
2716
1217
1431
5254
4822
4401
6869
3473
3464
7871
503
9886
4424
8927
9500
3848
2966
8911
4950
5313
873
2694
17
9540
3442
340
8198
6875
4571
9075
8991
3842
3254
3577
7638
7400
7553
3667
8410
259
9146
4787
7773
6099
9090
8658
9993
5145
6793
8281
5524
953
582
1429
3034
8281
4600
8487
8791
3627
9355
5421
2595
4781
160
1552
9957
5596
8977
9702
4946
6631
78
7183
8184
4023
6790
9726
4552
6165
4616
2308
21
535
5787
7848
7698
4114
661
23
5434
8062
4195
9507
1534
1270
8524
5892
9388
2268
8320
3028
7570
1953
6963
7272
6666
7666
8151
9050
7840
3877
9267
4545
6576
612
7792
693
3210
4263
2602
3571
4893
1930
9265
5633
6647
1751
2293
6808
5662
8096
8962
606
9729
8538
6599
2869
7965
9289
1809
8308
9643
9885
3036
5232
2065
5991
371
3464
2803
3362
7487
6136
4355
775
3354
4542
1126
994
3185
3485
5561
2014
6755
6930
2761
6112
1860
7390
24
4949
7787
7310
9326
3209
2609
9125
9319
8045
3139
3336
3146
682
8466
321
5286
1165
4947
3424
3279
5032
1771
6252
9059
2292
8935
7398
351
722
7852
7085
7829
1727
266
627
6916
3041
1361
6587
998
8087
3726
6700
7714
133
3685
3248
7887
694
5003
1457
4851
684
3625
8272
7636
4369
5211
6626
4077
6911
1309
1035
6795
7727
8664
2042
4789
4905
2605
808
174
2309
3915
6394
3417
3036
150
5955
1092
5206
3092
1493
8850
7716
404
2765
1509
8563
6673
1216
638
5548
6732
1148
9378
9307
3791
9017
7669
47
9112
7809
1431
4071
9649
15
1201
8121
9860
3998
5341
4345
4027
3916
1719
539
1535
1326
2396
7905
9656
1445
3539
7682
9169
2168
1233
9392
6149
1004
8176
6034
9739
1989
857
6071
6569
6061
8214
5985
3679
1306
2582
8772
4004
4468
2250
3739
8074
5611
7983
9218
9107
9576
9720
9001
6978
7212
5056
3616
3172
6664
4046
8933
6656
2260
8819
2033
4471
5022
8416
178
3005
4639
5184
180
6150
1967
7125
1001
3305
106
234
353
2444
4323
8471
2602
7373
6684
9513
4180
6449
8340
5366
5591
2573
1453
3333
3931
8394
9374
884
572
7011
3590
8105
8508
8832
7819
9836
3419
9365
7671
2615
7408
1240
6383
1430
3449
7027
9364
2003
7081
7268
3133
4573
4119
744
6915
2234
4764
1991
5267
2588
9994
3724
582
3956
4724
6258
6504
4536
2268
3396
5685
9015
284
9540
132
5353
9458
7009
1320
1431
1026
6616
4586
7536
6183
3277
4369
9321
1328
5841
5297
5617
3140
1716
869
7936
6360
7880
3403
500
3462
4161
2669
376
9899
4
1928
4893
4873
3389
6990
2664
1288
6866
9918
4164
3633
7281
2367
9901
3126
8536
6821
1641
7652
4553
5309
125
3660
7306
3117
6577
4782
5426
7207
6366
5429
529
4581
9820
2428
8321
3651
7620
4164
2860
8340
7794
1265
5950
2294
5242
1774
1743
868
2990
274
7434
361
3193
6203
5069
6690
5057
4189
4270
6256
5396
2613
402
114
6713
8413
1730
1405
1410
4206
3596
1047
1347
4662
3020
5592
892
4366
2366
457
1574
2385
555
9772
3002
6281
1405
9927
5030
1512
1086
1290
7379
9902
4148
6997
2812
2071
9626
3187
648
9758
7773
137
2860
673
5538
2081
8358
6252
7008
2279
7193
1090
5737
2897
4150
2753
703
2307
710
9532
2349
4927
5421
2316
2137
8459
3248
7281
5789
7535
3455
4650
8245
2469
8264
5240
1096
4410
660
9347
891
7788
4769
4273
7034
4685
5512
5500
9824
9754
6974
7357
6765
9847
2450
5893
9979
5863
2734
5335
5627
3048
3919
2045
7565
1348
5839
8945
3369
8058
2318
1048
4472
9339
1573
1088
1810
2924
1927
2657
1473
2954
8276
9814
4666
1562
1811
4930
7441
8099
1099
6617
4004
3925
7629
591
2443
9294
6215
7009
1032
1340
1047
8088
9598
4047
9995
9781
9055
8228
9738
3383
9134
6264
1422
8059
6925
1183
1130
7516
3991
506
3295
7238
7412
9969
4456
7187
2059
2505
7911
377
1615
2625
4383
4371
7813
5471
7549
469
7221
4045
4026
632
4911
3259
9417
8968
2188
2655
9537
7222
6019
2094
9393
2403
2884
8274
4689
8071
4206
1934
4570
774
421
1431
281
1451
7588
3618
9637
6216
6382
6654
1376
2840
604
6731
3766
8516
2413
5526
9356
6957
1307
6635
4589
7498
5225
4303
5666
2192
4692
2211
2182
1192
1606
7333
8202
5277
7094
482
8469
4731
4385
7936
4337
5010
2168
8690
4948
87
8413
3859
2732
5113
102
1576
9192
9777
5325
6353
3463
5062
7935
2726
4628
949
4327
7200
4659
6682
5888
4502
2463
2815
2390
2604
9736
397
802
7592
7477
7242
3232
8406
9454
1105
2353
6349
5868
1134
4613
5554
115
451
8057
3769
8142
9541
1055
1813
3811
6435
5995
3336
1296
5763
4871
972
365
6050
9089
1107
9301
9872
8767
1668
6367
5370
2163
6835
5168
9181
607
3092
1937
377
8876
7621
1304
8336
345
6470
2409
7416
6370
8314
855
2427
4072
7872
517
7275
3770
8894
7948
3591
7459
7284
1818
2145
5024
5359
7224
7862
5821
1302
1208
8970
8365
5781
3357
6108
8521
4846
4856
2444
123
8299
3831
1836
1094
2055
3225
7628
4053
8748
6065
3106
5061
8961
4575
1144
1665
9005
5605
8526
1626
2575
8939
4758
1429
8960
353
1812
5225
3445
2601
902
7290
3057
811
3203
4806
2328
3028
4460
6077
1533
1420
6077
5098
462
5998
1422
9745
5763
7910
2704
7164
3824
3196
1145
5439
8778
4546
3499
8948
4375
8600
429
7610
1567
268
379
4622
7560
3195
1690
136
701
4128
2034
7178
9463
5099
4743
8309
5606
5178
3794
4892
1418
5229
4247
6381
7153
9459
2175
7646
4259
6231
7999
7748
7571
257
3537
8810
4995
5736
3175
8992
5553
7743
2371
4224
8166
706
6666
1642
501
8020
2604
3347
3471
5029
6749
5485
4136
2046
711
895
6410
5921
530
1296
5716
6723
4119
641
1936
1393
2110
1256
7977
9850
8663
6929
1598
9298
6547
9871
6083
2173
7352
8841
6475
6862
6816
5363
7307
1610
6615
1588
3117
6829
8728
1544
2633
5191
7120
9464
8514
2412
9942
9086
4620
8700
2669
2071
3160
9947
9221
3910
4440
1261
8124
999
6979
3730
6408
8328
2383
5347
7580
4845
3352
9623
9873
399
4170
4618
488
5177
3241
5320
6375
7718
6890
2121
5241
6968
9086
4918
6092
512
2413
4033
2414
9985
7135
4596
1279
6391
2606
7260
3163
186
3380
5392
3952
5006
2625
7996
4034
3759
1910
4293
7675
7626
1555
1373
4643
2255
5671
2435
4046
8902
522
6041
668
2052
4698
2705
9896
177
2124
2014
332
9357
9525
7814
288
6669
6737
4526
7755
6188
8693
6097
8362
672
5683
7298
9317
9106
4810
547
6532
8004
1272
6274
6887
1219
4711
32
2835
1094
2615
9394
3464
192
6485
991
916
9161
7235
7441
743
5071
592
691
8439
3955
7248
314
6805
2011
4002
7719
5255
5358
3615
3298
797
4821
3364
4518
608
3624
3889
8767
1575
6604
4558
3298
7211
2100
6838
640
7809
5243
1897
6769
17
3193
8983
4272
4826
3228
806
6699
173
3740
2949
6341
6757
9050
6903
5611
3069
260
3287
2929
8319
283
8563
1851
6026
3112
6394
5910
95
394
8043
4531
5145
6570
1751
2604
8511
9413
2841
8965
5037
2859
6659
8668
8228
2325
8867
7034
5549
2109
1825
8712
4761
686
7234
9723
2471
3984
4283
9076
8919
1984
4527
2912
5213
6429
9488
3859
4859
3913
1641
4735
4624
1035
8577
9748
1620
9147
6710
8477
9950
2747
9732
6388
9374
1670
3822
4270
989
657
2559
9399
3014
331
2446
5124
9860
4811
1495
7253
1047
1697
6030
5727
4734
7373
1752
8630
5210
108
5175
5590
884
5453
918
8571
5271
6546
2723
1581
8735
8770
5264
1257
5745
752
187
343
4210
686
1828
6034
3350
1047
2123
2399
2194
4049
5676
3940
7458
792
4605
8302
9525
2115
9589
7459
203
7486
5622
6478
2206
8122
2888
5835
5121
4647
7281
938
2723
9948
989
4115
3766
2477
2717
3941
4849
8481
4604
509
1461
5643
5407
8049
8076
2637
8086
5908
9328
2743
9807
5291
7832
3752
2362
4983
6557
3961
3322
4638
2570
2653
1471
3300
618
3669
2361
1051
8804
7787
922
9974
2183
6877
6359
2230
9761
9992
739
9125
2449
28
8169
314
4156
6539
9837
8443
110
3949
732
1283
3030
1323
9437
4971
7953
8988
6745
388
3955
7696
4543
6324
4769
21
6299
9747
6060
712
8318
7441
4001
4219
3658
8116
2430
5378
3455
2762
6014
410
4765
6072
3323
2637
274
8402
3371
7203
1621
5662
8450
6409
1831
6980
9003
3914
9670
5472
2246
4395
819
9073
1374
9656
2055
1234
472
7777
7796
2379
831
5226
6279
1857
9234
7431
1349
2445
2965
2079
2801
3777
7008
1826
2822
6171
9310
713
974
8549
1844
5886
2989
9050
1054
2305
288
3705
4354
3714
3894
9625
9614
8053
8963
8534
4802
9013
3708
3843
9155
692
13
3138
9826
461
9538
6017
292
341
313
6860
2177
6955
7711
3060
9706
5897
7027
8307
1172
94
4764
6411
976
1858
2107
1970
7859
7615
3155
7232
7314
6207
1959
888
8126
6839
5995
3759
5646
6036
3394
7020
8818
756
2628
1913
325
4713
4864
9320
9045
5208
7101
2537
2018
2920
9518
9529
4494
4859
6399
9597
4679
9558
4030
5677
6926
4102
7106
1757
2027
7122
5984
4380
8368
5686
4597
5996
7164
9114
3677
9761
4348
2589
2357
2923
3397
835
1696
4547
4588
374
4907
272
5898
4994
8905
4888
9495
7859
9774
7494
7952
3465
9452
8566
1220
1528
1381
6363
809
7232
6174
8610
2789
9924
2885
2070
1495
2966
879
174
3504
6864
3820
3711
261
73
9324
7412
5672
5108
2894
5258
9350
5470
5228
2401
8791
4991
8271
6412
3707
6057
6209
1895
2789
9061
5802
7911
1788
5534
457
4442
5944
5046
268
2260
7231
5671
1943
873
8002
8085
9029
8314
6788
4088
343
210
7983
5254
4236
4665
6802
349
9384
1609
3794
1543
4668
5188
9932
6989
3876
7972
2091
2564
7826
615
2606
432
2391
6086
2830
7640
9964
1192
8244
9121
202
3368
2261
5656
230
9220
7363
5406
5216
8477
4587
5840
2260
9303
8996
178
7415
4581
381
2902
6515
8591
670
6314
5759
6463
3064
9867
6699
9084
6332
2606
4728
900
573
916
8110
1612
2842
9846
3280
1964
3890
7353
5029
2467
1144
175
2955
6815
8587
3104
1116
1127
9263
4132
8881
3061
7094
9472
9450
2304
1077
973
4991
8880
3975
6540
4496
2950
2552
8368
444
3036
6989
1182
4187
325
8718
8140
5209
4273
4423
6054
83
5505
4724
9698
4197
6756
1566
9175
4881
9056
7142
2881
6574
4888
694
1106
5222
6694
5994
3443
260
4167
2972
9350
4619
5326
1474
1321
1721
6975
481
1563
1089
9676
6940
9370
9747
6078
2459
7536
1642
1581
3830
3075
8981
9695
5519
5659
2567
9740
4532
3624
2485
3797
6401
2501
5970
3358
3803
9187
2865
9216
3752
7456
1021
8397
1524
1130
9174
2146
8466
5589
9286
5551
624
9612
9001
5581
7039
3719
2487
248
2483
2466
9106
4639
5639
2055
8789
9882
4736
2842
4619
6801
8875
4631
3215
7083
5955
5187
3412
6498
4846
6836
7672
1765
1645
8323
6258
1872
2094
187
8465
8122
3261
5150
8315
2602
7298
2511
5611
2715
715
1154
3022
1494
7663
9222
221
734
2352
611
1765
4955
5110
622
2014
593
110
1119
5975
5543
1317
6892
7664
1765
7689
1859
2220
642
1788
1917
8189
7557
2818
9078
9711
3796
1260
7069
6579
5007
3014
4237
6369
2067
1023
1532
7831
302
7731
457
8978
3393
8053
5366
3688
237
1229
6085
5756
4907
3314
8625
4724
5236
9533
6571
1932
1257
1839
2622
504
7911
9335
8988
9424
1123
3685
1081
8773
4275
9774
4874
3386
8182
4989
4064
2129
6036
2293
7409
3924
5824
8788
8999
2629
1697
1218
2444
6985
4620
1509
2799
2195
9805
5665
5558
8729
4142
9680
2169
3252
5477
7229
684
5686
8632
3057
5599
5028
155
8393
5950
4554
2553
1696
788
1310
2463
3951
3277
5007
6132
32
4222
2760
6168
8217
3496
7686
7427
1076
2936
8891
305
7409
4737
5200
519
4220
5055
6412
2556
4447
2373
3848
219
3768
6981
1072
3721
138
1737
4503
6777
7109
7666
6376
370
616
4578
9757
470
2045
2908
6995
1964
3351
2744
4080
2805
1461
8901
1212
7245
15
7882
5300
8223
3306
9182
6983
4006
9590
1033
1272
6273
3467
5294
9811
5358
1124
4981
4008
7037
2243
1310
852
4320
9958
2640
7309
5961
6016
6076
9116
1659
7604
9766
775
1933
1322
1469
7784
9746
9534
4914
9481
8615
3624
50
7364
7515
5413
337
2334
2407
6808
1524
195
820
4005
9531
2703
4737
5691
9675
9033
2810
3280
5859
4971
3761
8164
9296
6975
1406
7374
445
3365
3763
5897
7949
2550
7260
6567
676
2234
5046
2988
9401
3978
29
5214
2440
907
7073
3771
6950
3544
64
1601
77
2645
6542
6892
598
1731
1195
9609
8002
2754
409
4083
252
9786
8445
2306
5486
5724
7700
3509
2178
370
1176
2405
328
941
2417
107
394
4446
6218
3450
8561
4158
7390
7132
229
8442
7046
151
8505
7540
1525
5775
5143
1025
1730
9446
1427
1510
1850
6581
9561
6755
3068
7350
1613
1886
4492
7260
6655
8298
879
5433
9087
2701
2153
6762
7204
2719
8640
5861
8957
5993
6046
9590
4965
9114
1207
3300
1840
39
7708
2525
5415
4195
9631
918
799
5651
215
7134
1000
2560
1541
7711
9967
7067
8183
7457
3008
3843
9695
7157
1362
9209
1643
2398
1759
8897
7775
5503
1696
2907
6999
1598
7759
8508
7144
6928
5703
9751
8008
9879
2245
3909
8052
8938
7287
8882
8799
9144
7737
1400
9046
178
3807
5576
262
4863
1723
4432
3001
645
9279
1771
177
3395
9853
6418
2546
1070
4684
8990
574
1131
9509
1013
8149
4095
3215
9831
1595
2774
9503
335
8965
5701
466
4625
2584
5903
753
8990
8022
9636
645
3886
6432
2995
6346
2179
5125
896
2185
9314
3803
5861
9926
1752
1920
1113
462
7202
130
3092
2261
353
2987
3601
508
5948
9713
1003
4445
6752
1874
9116
2388
9343
6462
2042
8811
3716
3749
6914
421
9501
5095
4524
2012
7685
7342
7018
7823
3885
9466
329
5203
377
3625
2247
1963
1969
8116
1130
2550
9423
5936
7587
7191
5520
9700
4888
1293
5404
718
4270
7689
2850
6125
1370
9523
9585
1974
9020
9096
5601
3406
1276
1682
5772
7425
790
7857
5171
9136
8272
6206
5160
2257
8192
8277
3709
4312
5229
6448
3606
7911
2747
7289
9342
4535
8900
4835
2988
1262
1739
4160
5361
7252
3755
4748
1125
8828
6874
75
1953
6709
8216
4563
5789
6914
1483
4954
9723
9970
2237
2178
1127
2330
6769
1376
3480
3926
642
17
1557
3005
4430
8978
7321
5048
8292
1608
4694
166
7242
1041
3232
2420
5001
8156
5126
2197
5421
1530
520
5084
6110
7767
7221
3322
8167
2644
2597
4951
9458
6838
9259
8435
8217
4517
8466
6795
7529
6395
5040
3346
6046
951
2758
7672
9230
4448
6206
9966
9836
1167
343
9566
3613
4970
8671
900
3412
7103
2399
4225
2611
1228
8194
50
7178
7823
303
9548
6812
2945
6083
8170
4847
8856
5422
7065
1451
600
1279
1666
7509
7570
6269
6524
4221
9700
7623
4652
9155
1306
1424
7100
5012
6037
2451
1007
1714
6488
1020
780
5285
2017
6506
6788
2615
1582
3408
6702
4312
7930
6268
4944
7546
9445
6521
8882
6746
4795
3751
9291
3917
2346
8269
432
4285
6594
5332
5128
719
4188
3329
554
5888
8528
4206
9242
7417
6490
1730
4193
8722
7455
9087
8711
2005
9896
6609
2761
5484
23
5946
190
853
630
7136
9811
6304
9605
2131
3045
9413
2368
5540
3816
7042
9868
3525
696
274
9802
3774
5881
8298
7121
4095
8087
354
4254
4875
3013
5752
4848
1232
6756
3301
2650
2285
9566
3512
8710
9043
505
430
3016
1570
8099
963
2038
8025
3117
4068
5511
2987
4077
1537
9029
7637
7765
1156
6706
5263
5998
6665
2895
9706
1835
6469
5439
1893
8300
9375
16
4252
3921
6578
9748
2620
1362
891
9050
7712
4681
1871
8148
5649
8135
4100
7750
2508
4791
386
6438
7321
2354
2819
7483
6827
3388
8513
1031
339
581
5614
1014
5158
6513
2537
8408
8267
5834
3861
3535
4580
7597
5843
5561
3641
607
994
9240
7942
6871
6969
4266
7883
3137
917
6091
2811
6187
1145
3085
4234
9708
2199
4440
8379
2163
395
924
3691
2486
9620
591
7068
7512
1102
4453
8903
2775
8242
1927
5168
1294
8927
6003
4931
6456
2060
8666
9862
5667
7341
5805
9165
7722
8440
8870
6980
9874
6877
2537
1361
1019
7253
9471
2834
9646
1857
982
1752
5743
7355
8393
1858
3234
8920
775
964
9151
5003
3772
8320
9608
3633
8392
1862
3708
3587
8123
468
5456
6122
9029
2118
2644
1324
6361
3209
4344
8044
8479
5332
8267
6406
8150
2127
220
2562
1023
2394
4029
1207
7981
3279
3686
6732
1676
9115
9943
1769
2946
3112
8152
9674
9501
9635
4532
193
7139
7053
9838
5923
6958
80
6148
1723
7636
2083
7669
7331
9729
7384
5399
7618
6484
1824
5925
761
1485
3318
7442
1512
8239
2854
6785
949
818
7648
906
3246
1846
4133
3945
1935
834
4803
3924
659
5761
4275
580
5346
8731
8011
9081
6061
6937
4714
9469
4477
9731
9695
1494
6221
5834
4084
8067
3539
8703
8261
1950
893
2989
6202
2366
9928
9517
1143
2096
1588
47
474
1838
8906
2097
3640
9626
5528
8386
9155
9811
4052
8871
3532
3354
4786
32
8719
3835
2906
6652
872
1042
1794
1689
1458
5927
2853
1279
6342
2671
1139
3257
1663
2226
9407
9975
9240
323
4351
2346
7110
338
7521
4673
8485
5781
4346
3745
4042
5498
4693
4243
478
8606
8407
7082
89
7803
9374
6615
7702
9161
5279
2314
8043
9328
8424
1376
2612
5963
1885
4484
1448
6782
3104
6219
1045
3043
8609
7901
7632
2362
9180
8826
3224
3807
1444
4147
3183
9060
7261
7650
5358
6588
9914
5522
3494
1397
7714
4760
7156
7305
194
173
9792
2771
3656
3133
4990
8139
9535
9271
7975
1622
5746
1065
6998
7308
5407
5871
2135
3114
1689
7050
5047
393
288
6429
3878
1801
8131
2991
3565
6612
3453
1709
6219
4281
9442
2810
8015
7266
4567
7094
8315
52
2261
7705
838
2971
5827
1090
925
8498
2470
2482
8106
8604
2666
2739
1506
3488
7938
1160
3674
424
1318
2773
1245
2407
9825
4271
2333
6435
3254
3080
29
9544
2922
497
3835
1703
6487
6648
9377
6100
2372
3237
3166
9676
3258
1855
3447
72
2807
5982
9379
8473
8926
5062
7375
595
9891
1538
8529
2083
630
4781
7564
9888
2107
41
690
4832
2194
776
2682
239
486
6379
7226
3570
3148
2564
7674
4739
3049
9177
2638
4772
754
8884
792
2953
1051
4716
7249
461
7208
7764
733
5988
6059
4711
3386
6281
1548
5861
783
6497
6081
9515
120
1748
6136
8896
1378
8572
9155
8547
3779
6522
2300
4249
2433
397
3207
1684
4742
8247
70
8979
4103
2329
3977
1739
600
7618
1405
2304
72
6665
5843
3564
1741
1640
2585
723
3735
7773
716
9663
5965
747
4546
8090
6915
7275
7048
6401
88
6395
2862
2306
8690
1286
4152
7809
7207
7463
2414
6347
6157
2109
1090
5528
3127
7723
2797
8700
371
8120
270
4183
5187
4888
9496
4272
8069
4744
1756
6144
7969
4591
6399
1319
4728
358
5058
6779
7545
399
3479
6703
1094
9317
7780
184
7062
7668
4728
9328
8894
8829
9452
4305
7499
669
5724
6356
8944
1852
5608
3185
357
4031
6378
3754
4434
9388
7038
4733
7696
5284
4526
9012
8923
7126
9282
5616
248
7879
730
1575
7823
5919
7310
8314
4555
5774
53
9291
1804
2767
4293
1427
368
9099
8432
7044
933
8889
613
1070
4888
1400
9279
3072
135
7807
6375
459
9443
1809
5261
1336
430
532
5843
2265
6385
4935
7560
3266
2588
6778
907
9770
8405
4003
4764
8319
9336
6174
942
1271
3637
7847
9711
3921
8890
4895
1703
2194
1471
6104
1037
1436
6434
7242
3371
2753
306
6080
4348
9854
4767
8295
414
3200
480
3371
8598
6098
6744
9221
7825
1362
9604
9692
8823
5211
9653
904
8092
538
1524
8915
6250
4399
2004
4662
1172
5232
9238
8640
5856
7557
9944
1305
733
7244
970
6107
1413
8596
1158
5590
8472
680
199
7960
639
294
2250
2379
237
4059
7628
7130
8435
1361
8062
9293
5156
154
8934
782
4692
7348
7251
3229
1645
7972
8776
2622
8480
956
884
727
4729
3562
9515
731
204
9448
4036
990
3011
1870
5099
1912
606
1474
3666
8301
337
4054
7975
4949
8342
1585
6725
8296
4804
311
1172
6519
3329
8020
6815
7973
5853
5973
6166
9271
6362
2653
6040
4610
3157
6396
397
7618
9571
2499
8175
2888
7444
9554
549
4008
4234
2321
3160
8627
4812
1412
8259
5680
6051
6017
148
7475
5739
1650
4367
6357
3438
6812
1283
9606
7596
605
7267
111
7624
4672
1852
460
9079
1506
899
644
6361
8542
5027
1463
8139
57
2975
2263
6679
6416
1296
44
5693
4868
1166
6270
2323
219
6454
1323
5120
777
607
9529
6392
5154
1403
2459
2483
3612
1645
733
9741
6161
12
6391
1439
2798
3856
6074
124
2071
6032
8836
1658
8761
1981
2027
2161
6403
3009
6365
1927
6504
2595
1979
215
5264
1067
990
9528
122
8237
1661
7645
786
562
3668
7686
6727
2272
6743
8467
2763
5975
2136
1445
8692
2295
2607
348
3055
6072
320
4398
2383
8247
2297
2771
3247
5985
6051
2277
1366
645
2316
7136
2185
4483
351
8352
2255
9651
9862
5898
745
5332
3340
1360
1649
4875
6810
848
2020
7216
35
5238
4632
950
4057
446
9818
517
4445
196
5447
5522
324
3536
7052
2656
1392
4004
5869
5798
9756
9315
6883
1384
971
8489
2390
3638
1086
5876
2069
5544
8564
2877
16
1380
7880
6196
7080
8236
868
1849
1011
1273
9272
3185
9011
1321
9634
9848
1835
7803
2258
4959
57
4001
8669
8416
8989
8099
8932
5903
9990
8290
5770
4839
295
8586
4811
1228
6833
4708
5135
3209
2787
213
7028
6221
4154
7020
7499
8498
7726
1134
4707
1774
4987
8896
9655
278
7289
2294
2584
5192
2868
4678
9403
8829
6087
4451
170
7771
576
9170
4955
3202
8817
6407
191
3808
9957
7200
5300
2753
1662
6855
405
2506
1636
4375
7811
4475
1992
1400
237
1804
8572
8689
9568
7193
8554
3685
783
9083
1193
77
7612
7079
2145
610
1325
2589
828
8523
5700
1731
616
555
4161
3691
4124
6271
2139
2193
8335
7887
4365
6507
6358
2439
1486
9683
2169
1063
9440
2215
1266
7870
5514
5815
7439
5316
2815
5773
6412
6869
2023
3048
3789
1735
6746
124
6270
6866
1220
337
9334
5369
3407
9411
5180
2800
1042
5151
1946
2501
439
2468
5850
6670
8959
6707
4369
4172
1924
4825
2200
106
1629
646
2011
4413
5982
4846
3277
7655
8755
4913
4085
1976
77
8877
5375
5863
3699
8168
3443
8435
6809
6171
8613
2580
594
7236
8687
8107
1277
2232
6151
7003
8086
8645
8339
3756
5652
241
5588
6583
1882
7647
4998
4213
283
1518
2526
1395
4501
2406
8303
7673
3090
676
5691
5381
8184
5062
6691
9201
8377
4274
5923
1094
1768
5806
230
9444
5506
1401
2266
809
8998
6591
2253
4186
9752
7742
3598
1146
4693
1713
8710
1856
2553
4358
7379
2384
4622
6942
5217
4048
549
5490
6104
5122
937
2756
7365
5076
9567
7214
7607
9478
4710
7208
2117
4063
9092
6212
5254
545
2330
1808
7390
5454
4434
6617
3670
1801
7913
9813
9958
386
1079
8666
2666
2741
6208
5844
2745
8768
598
364
7300
9874
431
7909
1398
8842
4270
2157
1089
5322
7814
5818
3155
1314
2246
7878
4256
8293
8417
2482
8838
6016
1990
5930
1277
5129
6088
519
991
4239
2863
6243
6729
2349
8233
3436
216
9126
8905
3514
8850
3796
7755
7051
2585
4027
1010
9589
7442
1280
4384
3933
8633
1570
9581
9345
80
4373
1431
6864
3416
6351
3822
2355
8204
2615
2543
4247
6462
5574
3664
4790
1528
4586
26
7912
8347
4871
1707
4222
6776
9395
6412
7790
9434
509
6116
3088
8600
4543
985
5146
8497
1715
753
6141
968
1146
135
7132
9656
7222
5177
4286
727
9989
5931
986
878
9644
4056
2502
9962
2180
2993
5088
6332
4669
2594
1270
6062
1702
302
269
4174
5313
1357
4381
1186
7631
2902
9057
1547
5935
1582
241
7749
1518
9129
3496
3928
9744
9281
4491
1631
1160
2194
5958
6045
3176
1517
115
5848
41
1142
1776
2780
504
4838
2108
1955
8207
3401
7171
9963
870
6977
5775
828
7127
5626
7304
105
2175
113
193
3343
2622
7205
6251
290
757
6896
8554
3809
1283
9299
6620
8879
5161
4681
5378
6067
8226
997
7719
8823
2325
2515
3948
662
6766
2090
4455
7011
6767
5245
6174
6354
985
4651
920
6868
7742
8706
9318
7182
6368
4004
6392
5890
5535
3104
8500
476
9486
2945
7127
4271
7888
5305
1614
9337
6825
1996
1630
2798
3415
4877
30
6081
2655
2419
5092
4123
4521
8426
3388
5674
7140
1291
94
2233
3475
5516
9580
9058
3003
4393
3687
6850
754
5654
2196
5870
142
9481
4605
4467
384
7944
375
7636
8799
7373
5766
942
7086
9044
8309
377
202
7857
1363
7953
893
4379
7746
8163
1780
66
8644
2103
2485
6458
9052
1742
7083
8265
2112
9565
8773
7659
4080
290
8714
7642
7350
9523
4263
6737
9884
7623
5829
9981
8478
5324
2532
8113
381
2753
2493
2582
9568
6114
1936
8262
425
7053
608
5496
289
3409
4199
426
4582
240
9229
2020
1662
8150
476
4733
2166
2363
6288
4603
2671
8248
8735
6649
8659
260
3809
9677
9753
1053
792
5892
1722
7141
9517
2361
7143
7398
1735
4156
798
8924
8077
9958
2384
108
213
4994
3003
2012
3061
1011
1494
2856
2682
8650
4785
588
841
5898
1589
2401
1883
8446
7690
1504
7973
708
8091
3477
2659
1037
2670
6397
7747
4950
8925
306
790
5446
1268
8145
1305
8071
2683
9672
7605
1515
1983
6710
7914
4765
7643
6183
9785
8219
4100
3792
2127
7508
418
6902
4937
6449
1164
9639
4407
1148
4247
3110
7900
2749
4087
2035
934
8085
4157
8685
7889
6920
8958
2386
3035
1064
2355
6196
222
1782
2204
2900
118
2080
4357
6243
6596
52
6584
8101
8980
5053
4263
60
4524
614
2381
1883
2768
162
2926
1507
2432
6962
3757
9987
4506
242
343
2319
4516
8896
2591
9107
9299
1634
2014
7841
2949
237
9173
5390
524
1062
2296
2148
4785
8711
8095
47
5158
4071
3415
7517
1276
3559
9906
4357
5992
5640
8092
517
1280
3604
3020
6849
5162
188
130
4120
456
1360
2971
2042
5626
3147
766
9225
7328
9908
4200
4123
7355
1934
226
9415
4527
1820
1955
7264
5920
178
2270
4523
7500
4221
8899
5802
3493
7964
5626
820
2866
2056
5810
1061
7320
5942
2273
8912
9169
6890
9144
7555
7831
5448
9828
439
2349
8360
8250
1865
1931
1893
1410
8617
7454
9487
5579
7029
3758
1994
66
1450
5071
6923
6548
1295
2314
6432
9597
7685
157
5533
719
6255
7043
2517
3334
7139
6050
1302
8161
1014
8111
1174
1456
391
6560
5191
2203
8519
1866
4425
6875
5602
6484
7605
9525
9604
2074
3953
1847
9792
8511
3223
2192
8602
4665
5081
4803
2153
1458
7502
6539
2806
7766
4613
2988
6287
7529
312
8937
733
5713
2530
9665
644
7659
6172
8418
4237
4513
2957
1078
22
4202
8847
631
1595
1277
5741
4621
344
5543
2552
4803
1181
3417
7299
9543
2213
8671
8106
4204
2743
9645
4242
6683
24
6443
8967
9615
5907
3990
5792
6759
9248
1113
33
8582
1926
4986
9449
8897
3746
5339
778
2624
2546
1259
3294
980
8469
3903
3338
5763
1638
4451
4302
3587
503
6282
3841
6070
6717
6851
9923
4683
6118
418
367
7931
8761
7576
6278
2840
1081
707
5241
3467
3009
2247
697
109
357
7197
3963
1310
5889
8449
2571
673
6616
8996
1837
1762
5694
347
9625
6366
8130
1662
486
3273
2651
7276
1419
9060
2694
7112
6051
9051
7291
3783
8269
1608
6491
5360
2215
654
5352
5321
2343
2874
6210
927
1047
3378
7111
2029
2605
7962
7785
4453
1450
8541
1072
7074
2414
7587
6703
82
6512
2123
8128
2483
7122
4795
1572
6342
9061
768
670
6277
951
2536
3217
9555
5526
9717
3850
4808
8920
4723
3668
1231
1364
381
1201
862
1927
3082
84
3515
8659
6446
6867
5868
6260
1939
8069
9840
4206
3507
5553
6203
3615
9411
9337
9655
8065
5060
8495
1900
977
4851
4906
2805
7070
9228
9914
61
6052
7617
2036
8598
8808
9584
7326
1763
4262
4405
1767
6697
1628
3438
8956
4744
6222
2352
9587
4373
5731
4708
3329
7422
6301
8415
6710
7278
1375
2092
2702
4225
2151
7906
618
4896
2009
4583
4710
8890
7601
968
1761
586
5730
8921
9533
2449
1464
8700
2296
9685
8785
2219
4789
4708
313
5668
2063
8352
1360
8685
3066
7669
8248
5299
4430
4800
6501
1052
2234
5196
7871
584
4919
8010
733
6570
1779
1852
9925
9356
6334
1631
1764
486
6243
9081
779
1498
7260
5335
71
2522
3121
3922
260
1326
5385
763
350
4084
6185
7837
1785
1305
9737
8307
4050
9564
973
7478
7310
8169
3886
9077
5167
5114
3527
2309
587
9890
1911
363
9290
908
4684
2961
3677
6614
5938
3613
4806
5339
866
5964
2864
4134
9709
873
4601
3797
1007
1986
1673
858
450
2041
6547
5503
3862
2606
4976
556
3394
2860
7847
6630
2041
1206
1887
4743
1859
1466
2632
4728
1960
2398
3604
9172
8872
3476
43
4494
5475
8330
1730
3320
2063
7821
6645
2078
1398
174
9845
2297
717
8942
4993
9044
8088
7068
624
3931
9456
3582
2551
3188
4852
6406
539
9471
7345
9490
2305
2366
4898
376
5776
3321
8080
3783
4937
6286
2755
1660
5132
6871
2344
927
7027
5760
5427
5402
3513
4262
8355
3740
3107
2678
4626
2016
5321
4409
8564
6804
6513
1919
6721
1198
4456
8808
5626
1206
7949
600
8708
2929
9748
2362
3908
589
6212
5406
1896
7510
6532
6003
1493
9634
494
641
7751
2473
7496
1856
3735
7225
2070
5910
2551
8636
1847
9595
678
5884
2629
1287
4192
6291
3871
2574
7729
4222
3548
7641
8406
9452
8004
1288
2349
707
724
9398
396
9152
4500
6009
2916
4304
1569
896
2003
8660
3292
2907
9758
9219
200
4553
6607
3274
3884
408
525
3723
1537
3143
3882
963
6918
2429
487
314
233
8440
8423
962
578
1247
8398
8282
196
8907
4995
4770
5882
3375
4390
8212
3391
4258
7513
7392
204
6175
4011
3819
4190
3618
4174
8223
1840
3609
7699
1873
2504
1052
1860
3254
7862
3812
4098
1146
8013
1321
4999
4140
5201
273
490
2695
3670
1427
5397
5836
3912
7596
5990
2070
1482
9021
3749
2174
6455
1961
176
3319
4213
9856
4883
597
6382
131
1703
6024
4908
7761
4101
391
3038
7510
6207
2562
8463
882
8445
7783
3982
9802
4807
1635
7662
5877
2313
7428
5114
944
6336
2046
9083
189
9685
1235
8512
4040
6212
6111
6725
566
1315
4673
7987
6407
8545
3308
9478
6781
1771
6086
3421
9791
9346
8507
7406
8963
6500
7818
6200
6967
3456
7194
6805
5633
4303
943
8980
8468
3169
7428
819
4177
5354
6270
2082
5694
9508
8802
4385
5997
1873
8357
1445
1970
4579
8741
7975
1307
4331
6392
4305
8310
2122
3505
5799
1887
9239
3628
402
9302
4201
1601
7736
1297
1859
9224
1385
8738
7183
7432
5129
3649
3261
5881
6843
5383
3247
9532
7055
9733
6296
5415
826
3432
5150
4096
3224
7355
9156
7954
7744
1520
5933
314
7843
7331
3398
1253
2626
777
5742
5958
9623
6970
6291
1934
759
2031
6946
2598
3837
2093
7041
828
2280
2657
6984
9370
515
1467
1187
9035
3865
3052
3851
6397
1926
9798
9466
2060
425
2767
7128
6743
7283
3132
3788
3462
2224
236
9502
796
9017
4486
912
6098
5848
3721
2611
5338
5070
4678
6617
1198
3971
6470
6747
4428
7820
1700
6488
3340
6210
9222
3828
9439
3490
5870
8272
9404
2621
1273
6369
1506
2028
9580
9181
5601
8288
1772
4784
3608
5794
6779
3664
5217
8392
3441
5648
5670
9326
4284
7814
4916
4842
379
4410
2073
7901
9947
3655
7913
3995
1054
7997
6021
3808
5526
7279
2928
1481
6590
5119
5849
328
4731
4700
3854
2577
8581
5975
364
1750
8144
3725
4145
5218
1111
7987
5501
8910
8378
9085
819
5197
4591
3695
153
1258
1498
335
3655
9653
2602
2996
9336
5045
7601
4567
9089
1550
1149
8150
8204
3587
3807
6968
2058
2441
5389
4212
3411
3644
7971
9554
4707
2972
2616
542
859
15
3236
3173
7037
470
1636
1113
1402
599
9941
5035
1034
6544
5040
5910
5095
3158
3913
6136
1671
8419
136
1596
9551
7966
3789
8069
2612
1955
4957
1700
2384
5534
1962
9237
4314
5627
2937
9935
523
8061
7325
2032
2871
2828
8787
6302
6397
1971
6580
606
2450
184
6912
8105
6046
9244
1919
6248
1241
6359
1626
2561
1805
925
7151
9981
5945
258
384
1560
2466
8326
1895
5639
8688
6330
1106
9688
9215
3043
5410
5594
304
5425
1918
8875
7846
6354
2243
953
2061
8289
7270
2915
7343
3568
388
5474
8833
9073
9723
3078
5829
5478
5729
3953
6248
2562
5349
1432
1804
8125
6114
1562
3130
1416
3220
1273
9967
1362
5666
3199
214
2202
1177
324
4510
2356
3195
8252
6327
1904
9658
4897
4813
7880
3019
912
843
7692
6737
1291
9701
475
9884
7582
5271
7775
7379
5975
3024
614
8577
5389
58
7669
7271
2889
1647
4911
891
5011
3766
3701
753
3509
6449
9859
3435
5696
1439
4701
673
8482
6822
2085
3394
744
290
7558
1741
9743
465
4730
3930
5167
711
2160
2431
9256
2699
4822
5361
2145
2932
7308
986
406
3372
7248
7671
1642
8991
2772
7195
3852
7142
910
5426
6745
8190
7854
9371
7113
4110
1985
5703
4334
2194
5489
2630
6925
4440
2728
3973
203
7596
2375
199
5933
8276
4614
220
3470
5359
2353
983
6013
238
4726
4702
3759
968
9186
5205
8701
299
468
586
8845
6516
2594
1252
8397
9249
9685
2345
9433
2434
4757
3962
8209
9457
5258
1051
3916
9931
98
4124
9665
5745
8959
2054
1340
9832
1659
4358
5669
6514
7005
146
9899
2134
7987
6317
5029
9566
3801
5435
7014
9649
4347
1395
1438
5273
6761
6704
7098
5770
2237
8887
1737
4447
3313
8251
1514
4128
3263
1041
2489
7529
1619
3120
4538
3945
2392
6030
3174
659
1917
911
4279
2353
1697
4570
7590
2455
9895
1971
1294
2386
7352
1097
6325
1643
4537
631
464
6271
4343
2418
1405
3719
1375
7584
7813
1612
561
3231
5274
8942
9609
3007
5030
8409
9709
2972
7496
564
9710
5438
18
1274
4688
7840
6984
1006
7034
324
4072
9579
362
7519
746
3832
6532
2638
6164
1238
5142
2628
9854
5348
8419
4210
7227
6591
3640
722
4214
9220
2762
8403
5403
3150
295
2531
6125
9040
2255
3945
5147
1048
1905
2787
2155
3906
4401
89
2958
2605
3903
1884
438
6412
4163
8032
2988
3200
2174
1036
2427
881
6025
4272
4823
5172
3657
3220
3928
2312
7612
9132
655
7972
7446
6527
7815
5581
5482
1085
1259
251
2505
4982
3863
7042
1394
1780
9668
2670
804
2856
4590
9141
6299
9160
7033
948
3837
3685
9429
8529
4798
7318
7260
3008
2270
2
7683
3329
1782
7797
1060
2391
8954
1632
5823
6663
3400
8241
470
9734
7373
4218
6473
2118
6342
5753
7721
6069
2249
1252
3895
9921
1467
961
5784
1886
2321
9108
3339
7224
9586
7878
6511
9226
840
3410
4241
5848
4973
4001
9376
7263
5931
6112
1615
3530
7650
2215
5042
2575
3737
8974
2989
7087
6778
3541
2289
2923
5894
6070
1367
7399
5600
2776
1461
4634
6410
6531
1436
7998
9641
2208
6215
110
1789
8622
5181
2698
3224
506
8537
4494
9955
1773
4602
3460
8629
6792
8680
4742
9176
4377
1659
6820
6349
7734
9455
4478
6265
1848
6413
3805
6899
5952
3283
2348
6466
9244
7338
4545
2030
3608
218
9527
7677
1976
2711
5304
880
3473
4876
9636
703
1071
7425
9598
1552
708
5428
6610
1667
3165
5349
5104
3285
7660
9805
38
5515
2883
1567
4055
7308
5533
3479
1823
1570
1008
4606
4484
7208
138
9407
6349
4130
3376
5187
4361
9660
8986
6782
9789
5140
615
9419
3792
8533
8013
1935
143
696
1851
1887
6271
8266
1312
4188
5829
1417
1560
5347
2928
1716
1593
507
1151
5464
5925
9236
5337
3406
8116
2305
4757
961
48
341
1826
6653
5944
7208
1615
7802
331
8405
7382
8387
7000
2369
8585
6583
4335
8850
5392
8
9210
8873
5673
8602
7991
2722
5133
7023
1894
6026
1475
1896
9187
5915
9533
7618
6951
1178
2622
3293
9912
4541
867
4347
6910
4971
205
7096
8530
4033
7778
1969
7075
3823
9079
9791
6256
6563
6412
5171
7912
589
9120
6918
4849
1715
78
2911
2016
777
7780
8745
2370
8712
5802
9869
1915
1417
6157
5332
2438
5894
7737
676
3065
9911
6978
3169
9267
2222
1899
9555
7560
1106
547
1808
2344
4939
6679
5515
8686
9871
3692
5315
1341
8194
4101
1871
5603
9738
2219
8787
7303
5519
6833
3482
1626
3082
1424
2453
5756
7241
9918
618
4935
9618
595
5777
538
2245
8163
1612
9992
6479
3406
2051
2333
805
6049
1546
897
444
2297
7307
696
6221
1149
6476
7142
8973
9229
4792
9089
9711
7174
7533
702
5097
3320
4849
6790
1917
1726
7197
2758
3863
6414
8663
6576
2130
6447
8823
8975
965
5055
5859
5909
2942
683
1710
8878
156
2570
1374
7275
1033
426
8212
9321
666
1998
2934
2014
7237
6312
1464
4832
3897
1429
6128
4396
9384
1245
9596
6496
8431
8377
7301
5332
5620
9951
8285
3267
3351
9464
1275
5729
3149
3722
2073
7965
9148
807
9065
2846
3117
4781
9564
2316
3698
9148
1626
757
2013
6447
1264
9455
8591
3822
9612
1537
3053
9074
8494
6079
529
520
7009
7278
1315
5030
4496
370
299
4225
4626
7789
9466
55
3705
5107
1769
6719
1914
6348
5541
8124
8271
9332
2432
4933
7578
6186
1805
3774
6137
1339
9494
1104
2352
3844
1331
9602
680
1297
795
4863
8888
7216
6736
655
4821
4127
6309
4958
1644
2638
1582
3488
2719
1401
2323
1701
9417
9443
1759
9829
9290
6863
6072
1345
7285
3073
2309
5526
706
3761
9786
7322
3477
7220
4237
9621
2587
1320
2448
2216
5044
2365
6746
9810
3750
9185
8651
6106
5700
2252
6105
1398
6451
8725
7467
9499
8598
1707
6673
9260
4472
4571
2267
8189
5136
222
9044
3911
9867
4112
9470
4975
7006
4587
6503
4425
2018
7238
2103
1031
9344
4048
5810
2694
3167
1250
586
8588
8200
1125
163
7326
612
8789
8470
7726
5728
1592
1553
542
9348
9270
9131
7247
2000
5778
4090
266
8594
3904
6915
4116
8389
3367
693
766
949
2555
3719
5302
1435
8431
3515
6301
6494
5275
2788
8182
2238
5797
5466
6589
6907
1810
4571
9489
2385
9816
8830
8643
1604
8553
5945
2221
8765
6151
8343
5489
8353
4556
398
1095
4908
7054
6325
3912
5452
1139
2078
2713
4001
259
5033
276
2698
2232
1401
3065
103
7992
5046
5384
672
8808
6202
8649
8751
5755
9667
5118
1590
7422
5542
1092
1435
7832
1500
5170
5095
4514
4588
4772
8241
7033
5042
1569
2840
7599
2158
9635
3296
3465
5915
4689
8619
3317
2711
381
8978
171
6110
7963
3917
2346
3766
9636
3406
1784
9716
694
1767
7332
8262
8719
7307
7276
9138
7125
2187
3234
766
8996
1375
9569
5158
9130
2545
1750
6335
1924
737
2027
2431
2396
7325
8770
9386
7518
8333
1796
4967
3929
549
9775
5203
5357
350
5093
3196
5345
9869
1019
6390
2931
9953
1515
9809
3030
5509
7572
3185
1463
2126
4136
2245
7934
5315
2709
5332
286
8849
8164
1786
6697
5253
3052
9979
250
5499
9229
1945
5776
983
5549
6808
7981
5910
4684
7444
1853
7622
2505
753
856
4679
1176
5854
1384
118
2882
2546
9932
9934
8594
3562
2565
1202
2164
8550
5406
9377
297
6198
797
4897
7989
5043
8822
5102
6334
3410
6668
6643
2061
9000
2264
9506
2464
3501
5152
7159
122
3354
9356
4464
2660
1454
1789
5221
7594
6571
6510
7586
4631
6227
75
1408
7751
5497
4888
190
3898
7449
5831
2924
7237
2048
3206
71
7497
2111
4479
1685
740
7011
6214
430
114
1623
1912
101
9165
2166
4006
9758
2122
9473
4420
126
8048
2277
2058
8956
6677
5995
6074
7236
2825
942
8734
493
3185
3012
7435
2134
3760
9700
151
947
5349
7397
538
139
6640
2076
4780
3422
8380
63
1936
6628
7569
6413
2657
7077
1385
2648
1415
4630
7411
6429
348
7246
5529
2529
466
8448
5857
4533
1714
5935
7396
4336