5000
9594
8035
2972
8159
1139
7487
2968
3106
9967
2427
2610
9040
691
1866
8872
6016
2257
6448
7708
6755
1170
620
178
7877
558
9626
5323
6595
595
1150
9594
862
4055
1163
3132
4143
5268
1060
7182
2810
9019
85
6198
550
7196
8432
4572
6249
680
6733
8655
7452
2712
64
2442
3668
6790
2197
1433
7672
4227
5470
9081
7495
4920
6904
3828
8330
5362
7776
9916
1403
2526
8249
6642
4193
5349
377
3178
6184
6900
1236
3038
1746
3439
4319
3164
9857
6197
2127
4326
741
2102
8709
6873
8963
9266
3903
3466
920
707
6892
520
3485
414
9796
1823
61
6919
3352
381
6944
196
8629
862
2273
257
3635
2567
597
7291
8705
7092
6405
7223
1132
9291
3409
260
9175
9188
8674
5829
2418
1775
2759
1463
4890
8355
8187
5062
7771
8676
9835
2072
4273
9177
7154
1457
7473
2137
1905
808
1286
2644
752
1211
2215
8863
8069
8832
5341
2418
3842
1099
9270
7728
5874
6683
4839
4361
713
8175
4950
9538
801
5662
5275
8231
9991
3342
4517
9568
5523
6342
4819
1542
892
8153
655
2152
4823
2005
2308
7764
9691
2124
4353
1406
1350
1482
5470
6697
5259
3269
966
5703
423
1872
7114
2546
6494
8058
2663
2131
2291
6800
7092
1396
4959
6298
4364
3610
5727
1794
1129
1349
519
1445
9328
9867
5116
723
6526
8185
475
2596
5568
572
2236
9374
876
9834
5083
224
3483
4987
455
92
3177
8549
4885
6360
473
1128
4708
1845
7374
3565
7183
2984
1220
8062
4966
898
9496
8692
8801
2564
7722
8208
3327
5701
4930
7634
7976
1381
537
2878
2902
5747
4836
856
852
442
2556
1087
8642
803
7760
773
3258
5907
4583
6065
4422
9041
7015
8508
8162
967
8384
3939
9279
8924
6022
3899
1183
2773
9374
8435
2700
5531
2805
9355
4067
342
3407
8845
734
627
6291
5297
1652
764
3189
1839
554
9957
4549
4974
5819
3611
2184
6525
4771
7660
3731
863
3427
9799
3676
2183
2011
2833
1736
2142
2304
4788
2262
9340
7135
2130
5346
6509
7983
7802
4483
153
6160
7306
393
4161
1746
7689
2967
2623
9119
3836
464
9493
2767
2018
195
1452
8722
3268
6341
3270
505
9436
348
7085
8641
1126
133
2515
1669
1429
5129
9212
5903
9748
2904
880
2478
1778
9340
148
1822
2694
1460
2265
2744
1453
8274
7007
4274
6854
1393
5530
1263
9642
2566
31
7912
6742
5922
1843
8688
5748
1005
4030
1856
2028
6043
5900
39
5237
8040
8767
7015
7245
2019
4845
3467
7059
7558
6421
8601
3064
39
3218
9880
4916
1346
5701
560
1419
6356
5612
4964
1792
9978
280
7959
2202
2142
4272
3013
3272
3337
2182
6245
9358
1357
9947
526
1946
1367
5157
735
227
5485
9365
7144
1696
4481
6745
1293
8137
2369
5362
1296
292
822
8756
8335
8871
8052
2553
1012
784
3171
6441
155
8672
436
6252
3304
8923
2236
9341
1573
2754
9310
1282
5947
6120
7292
930
5000
5966
493
9683
2882
3362
9836
7061
4514
1178
1770
490
6357
5145
1933
1033
5109
5369
1363
6715
2211
2187
9148
6364
7736
61
385
6696
1895
8482
4321
1145
1211
4513
5638
7584
2572
5591
4226
6231
7123
4347
8577
9335
709
2344
1541
5017
6569
8484
6306
4714
3139
3941
302
2594
7715
2102
408
388
4386
1547
3780
5397
4091
1158
2773
5124
3153
5722
3184
9652
9741
1378
2136
7394
3977
3607
2045
5351
7407
2056
263
3446
4086
5009
8655
1205
1866
3230
4997
5868
6617
6692
3099
6818
5215
2137
6925
4325
1209
2195
2350
286
7816
1351
6162
619
7099
1548
5486
5794
675
3431
6605
9299
220
5911
8069
7720
724
4484
1514
2617
37
537
8927
885
6343
8683
8726
1487
1577
4838
6578
1760
4203
6661
9977
4781
2035
1251
3120
6314
5749
1589
3225
172
1589
4093
8852
1098
9465
1302
5695
4386
1573
1088
9900
5424
5555
3663
7181
8872
1203
8720
2712
50
9168
1933
5734
1617
1769
9183
8190
913
7730
2192
9154
2693
8179
6703
8841
4332
676
6892
6110
3666
266
1589
5557
1701
3886
4934
8583
7479
1429
3065
1271
6250
2075
8959
8415
1599
310
4285
7616
7028
3587
5299
3491
7771
6547
2274
9547
6620
1579
2234
4156
8909
7863
1131
2967
553
7007
903
2058
2584
5704
1255
1989
6579
778
8990
8607
3931
2689
6879
4762
1674
7696
5973
3701
9507
4267
9033
6159
3969
6807
9932
6836
2846
7140
4043
7331
2400
5231
1599
7874
9882
8507
3598
3818
9602
6688
2133
6956
2098
9420
9761
4980
4214
6302
8130
1773
6278
4400
7685
1393
7504
5634
4823
3983
4170
207
1585
1383
3864
6277
9281
821
7663
9793
5646
4927
4549
1397
9033
6940
2774
3129
2653
5611
7447
5830
3456
837
5197
9343
315
8868
6244
9198
597
5489
5854
6342
1940
4300
2833
2506
5067
1287
4635
544
1563
2702
7453
6676
883
3180
2457
9147
6660
4899
979
7346
4181
1313
2112
4204
8707
6966
1555
4362
1486
9620
4060
9705
1910
6162
6173
3686
5069
809
1012
1078
7982
974
2245
3394
4955
2045
2520
3833
8133
3077
9533
6550
8618
4766
8833
657
6032
7740
2696
4313
2263
4706
2001
7167
9078
7353
2013
4224
7030
5437
8516
1654
2925
20
741
5371
6297
6592
9698
111
4805
2363
8499
9328
2854
50
6993
8628
3475
2462
5733
2419
3789
1903
6080
6621
9642
6389
1914
3166
3690
4058
7603
9095
6881
2105
7110
5524
6038
8851
8380
6385
4109
5882
73
659
4598
1622
8642
1841
830
1619
2938
9458
4693
743
6982
2527
6727
9313
9789
2511
3876
9469
7464
1253
7268
8711
5100
6949
5850
7543
7229
2088
404
8744
9882
8472
1020
3999
113
2269
7594
2146
617
848
6919
8046
4122
2056
5928
306
1902
582
4185
3449
1567
9769
5661
4996
4661
7382
7948
5902
9185
3215
4979
8051
366
2570
915
2841
3695
143
192
8505
5739
3871
5722
9008
2881
1716
6998
1072
2404
5881
68
4457
3802
8998
560
876
7011
1971
7859
5540
7613
1244
3280
4575
1850
7388
8079
8327
5961
5025
1973
7752
395
1535
6902
8884
2917
727
3844
6996
569
4324
1978
5476
5106
9863
2938
9938
9570
7724
4424
8126
2922
5906
3219
1080
2554
7545
7935
1783
9444
1967
5989
15
6252
401
2343
5758
2623
416
2847
2678
5250
6462
6451
5088
7924
4308
5153
2223
9339
1840
9796
934
4258
9041
9640
4001
7505
9526
8134
1820
8187
1494
9446
6320
2872
9981
4468
6090
6354
9279
7310
4703
8732
7485
3339
250
7893
5302
2031
5293
2896
6146
3903
1294
3960
2430
8771
1763
2395
1
5181
5426
7734
6247
6479
6918
477
9970
703
6401
5517
5152
1928
565
7338
2765
261
5206
2156
4067
9785
7621
3023
9888
2753
458
1415
1645
9310
2009
8029
271
6126
9646
9597
4345
922
1272
553
3616
2870
3269
1938
6890
3860
5283
8052
6769
3693
9805
9360
2850
4329
6892
9309
1403
2896
5877
4743
8828
4111
6054
7571
3509
8560
7132
4020
2160
6305
8060
795
5430
7793
7191
7262
4377
7197
4783
5750
4147
5112
6727
9661
463
1270
12
6467
7521
4199
4464
804
1603
8497
9974
9299
5841
615
591
8295
2632
2005
5184
8471
710
2837
7637
6329
2975
185
4206
2117
9726
2080
4253
6407
8429
7605
328
7099
8632
7068
419
9643
5844
6408
6291
6613
9715
9279
8335
141
6953
952
4214
5975
3244
1450
768
2712
4615
3538
3453
2268
4663
2698
725
9993
4839
5572
8720
3383
8071
2453
5231
3904
3995
7024
1200
5263
3306
9313
4280
4317
4568
6374
8710
3589
3149
396
29
1489
9479
6587
6099
5357
3062
1155
87
6780
6035
8793
1431
936
1046
159
4305
3875
9520
3681
5656
1662
6652
6019
2398
1554
1489
2290
4222
1174
3492
4206
8926
9246
1548
3905
2166
6743
3669
2178
1886
9090
4927
590
2230
6635
2942
4989
336
6894
1370
3872
4288
9028
4432
782
5039
1311
6436
1324
7200
6481
9206
731
2116
1306
280
4218
3663
8590
7096
5498
2959
9066
4362
5667
1335
6336
1014
7834
1621
9037
7827
4787
3714
1245
1506
2758
9068
7328
243
8576
6085
2386
2638
3898
1537
4493
1701
3183
1815
8186
6907
2472
1285
6503
2069
3974
2637
2702
2695
2895
9286
2340
9890
6090
9769
4544
9056
9961
2497
6537
6449
3302
1305
4110
3539
5412
7504
8827
91
3381
1524
707
8533
2225
9363
1012
175
2387
4787
3515
7287
2146
7293
346
2350
3286
1962
277
6764
5403
6166
2920
2392
4454
4190
1997
3532
288
394
8604
3525
7096
2448
9221
2047
9968
837
5398
1226
3623
2882
1679
4275
874
2433
876
1022
9889
9017
2145
3404
954
8207
6418
889
5144
832
4281
4418
9625
640
9627
5560
768
7922
836
4924
5914
2181
6744
9395
3957
1236
7988
2237
448
7097
2171
5516
806
1652
4513
2388
707
668
2941
9639
5409
3767
1547
9867
6752
2594
3664
3547
531
7728
3317
2058
9128
4386
5327
3739
5503
7834
2816
2703
12
6510
9523
928
7864
9794
1324
82
3159
7340
5444
740
7758
1976
6726
3730
9397
5125
3983
8633
3910
9175
5096
2974
6450
5134
1240
6019
79
2655
7198
1844
4791
8729
6957
8912
2593
7050
1639
6405
1804
3165
2848
5621
3312
6430
646
1724
7513
2706
5366
220
3669
7705
8638
1839
802
6621
2228
7339
6426
434
8979
7695
7784
4641
7233
9384
3450
6243
9642
2544
678
3138
35
9513
1207
4544
6479
9747
9912
5408
8554
3186
6729
6293
9845
3001
5645
6647
8627
8740
2986
1265
6662
8476
8072
735
1847
509
3049
2183
7410
3235
5445
633
8938
356
9191
2952
5293
8337
5947
3367
3024
7294
6938
6043
1425
2674
4989
8614
5653
601
5129
6
1105
7042
5279
3560
1028
7015
9242
6125
6595
3399
1226
6311
7453
2652
4712
4730
3273
9898
5512
2320
5301
6704
2301
8362
3975
1713
6152
3214
3882
1553
2382
6270
1053
889
9571
8040
6511
9118
2959
8543
6742
8136
4767
6435
2211
4703
2146
2176
3414
7015
9045
8061
2333
455
522
2790
8757
1149
2540
2282
1540
4023
3967
576
7601
4920
7198
6388
1542
3598
8678
3585
2516
1643
589
102
1348
4750
2795
9571
4913
6912
5839
7535
8114
294
9001
3624
3843
3886
9782
4943
1132
3150
6039
9887
1426
8678
2184
9189
8094
2714
3955
157
8161
1067
6521
4777
8963
5913
434
4875
1006
4222
186
4971
2604
1767
9302
1609
5190
5775
5143
8696
3897
3409
8906
3157
9405
9117
4631
7090
1340
9751
4352
3611
1355
9882
6481
2450
6209
8479
7448
5260
8360
8217
2463
7429
7268
1442
9908
3934
1110
1769
6420
1101
5352
299
5349
4095
2456
599
5190
9110
9038
7335
4051
5746
3810
4516
6614
9021
196
4847
5925
9891
3224
2809
6359
348
2306
4141
9007
9777
7803
4224
1960
2546
1435
2029
2302
1774
2154
9352
5050
1559
6600
8027
2473
349
3446
8801
7462
2141
1229
2894
422
1606
4191
2087
3339
6449
3881
1253
1712
4764
3822
2910
647
1797
673
3377
857
5567
2429
9017
8714
6347
3715
956
7651
4880
4987
8442
1797
602
2205
4295
9648
7999
3293
9239
8173
6832
7977
6874
4520
3732
5607
2235
4680
7675
6474
2915
4576
2981
2327
644
6772
988
1575
6274
92
1559
1053
3779
1245
8800
899
6206
3706
4802
9366
7634
1724
2655
8227
4442
9173
740
1952
1245
9573
9067
2068
4695
3951
1823
6017
9918
4810
8598
7338
5160
9997
6280
3836
8105
5205
8422
447
2349
705
8042
9140
822
5390
3449
5315
2875
8796
3520
3998
9165
4152
3229
6641
9338
3627
5261
2789
7167
7271
4040
9669
7042
8959
1386
8967
1039
6388
6755
1637
1927
4597
1884
1693
8674
8345
6035
8655
7657
8984
4562
776
7092
7783
3022
3666
175
7950
6767
1508
5668
6371
1636
1510
2375
8264
3973
1655
7921
820
3918
9534
6254
7349
8019
3993
6791
8616
2837
3630
4212
6719
34
6441
6299
379
5822
7030
7101
5421
713
7248
2254
408
4681
3449
951
3357
7589
6682
3191
608
5632
708
1041
9541
9046
8130
7093
2002
4651
2668
2844
8679
859
7496
9929
7931
155
443
1040
1471
689
6345
2251
2679
388
1442
9729
4924
9453
5043
8693
7318
7679
4922
9646
1454
2319
5774
4456
4842
6793
1391
3796
1244
6093
5563
5763
4207
7372
806
6705
6770
9503
8570
82
5340
6030
6320
5008
5035
1544
4533
3687
9687
4216
8988
2602
5834
6097
6484
1164
2335
2950
9696
6648
7719
5098
158
4534
9055
6118
6527
8753
7831
1951
3273
7576
3857
8940
1508
4109
9920
2287
843
2066
1452
9455
2910
9772
4046
6169
7712
5824
7446
2413
7907
921
26
5363
373
6071
2870
6180
7521
6722
6411
9273
3236
8437
1471
2054
8077
5377
8275
3781
9239
7907
4116
446
6511
9279
9923
9229
6487
2771
3686
4534
8932
1015
867
9138
5964
7612
6584
7406
9664
84
8421
6386
2506
2086
1959
6679
4151
2641
5727
2885
8425
1612
814
9836
4495
267
4227
3958
7732
5431
3420
1494
8876
1270
6018
2349
3495
6578
4444
9704
343
2111
6699
2963
4108
4269
7959
8643
9355
9064
4828
2903
1137
9304
2450
336
6926
2901
1874
5480
8716
187
1241
3850
9805
2591
2041
8449
2961
2255
6783
4128
8443
5409
3785
2355
2332
918
7107
4918
3741
525
9517
6356
6318
6206
470
3028
8748
8375
252
913
1832
2513
3369
9445
838
1367
4107
9027
1167
1340
8932
9018
1593
9757
3601
2670
7669
2596
8666
2535
9947
9463
1746
2212
6946
489
9632
9055
7495
8905
8134
1044
4590
8068
3797
1730
7050
3322
4319
7658
5579
2396
5079
8320
3379
4268
5313
149
4650
54
1355
8585
8265
3804
9306
8653
9434
6650
8012
2392
1124
4961
6765
1422
9623
7149
7057
9751
2260
9664
7246
7134
6014
6940
7182
6038
1668
1850
6699
1334
4011
3135
8292
1308
6032
809
2464
312
7001
7682
4223
2616
1867
3577
8770
5727
7455
7460
3768
5392
1785
9854
1620
9465
7408
5584
513
7322
5830
5353
780
3671
521
4636
7597
6225
6552
3220
3953
6573
3531
131
2964
4906
3464
43
6479
714
5417
5804
5089
593
2452
2689
321
5876
7046
1893
3656
4609
5660
6961
4731
3823
2385
3677
699
4468
4632
2035
5121
503
8024
724
3934
8959
76
5127
4688
5724
1503
7476
2724
2897
4282
6904
8705
1268
108
1298
8508
3170
771
2658
9887
441
4615
7873
2343
2765
3816
7586
7015
8838
9064
9138
8460
8389
8453
1711
6808
404
6055
1328
4458
5451
7113
3349
9055
2530
4117
3868
1970
6646
3967
8363
7280
5850
2886
1167
7816
7908
9153
149
7611
8618
351
1379
97
4098
5769
5383
1494
8072
7309
6388
8621
1462
8433
5576
5038
2995
4494
7084
5335
8743
2332
9336
4869
4363
5221
4907
8488
9518
4429
9332
7353
5016
6247
3630
1254
2590
703
2757
3239
1265
5849
4642
1313
9737
5552
3712
5563
759
6234
5835
2130
5995
8911
1859
314
9510
4764
625
3503
2822
2161
5772
5300
7960
699
6715
7654
3201
3439
4242
96
1735
1836
1625
4716
1919
8970
3358
924
2046
4999
9649
9190
7766
5486
7694
5428
5727
7010
1719
8086
5873
3604
2813
5753
1059
5537
1638
7250
871
5669
1271
413
4911
1638
8597
7100
2477
3466
6688
8341
612
6024
2693
9439
1799
887
2404
6185
4975
8114
8996
2463
2330
4291
5911
4397
7132
2177
5727
2392
5053
2276
6301
556
979
5658
8687
1735
8715
9782
1354
4737
1118
2441
9313
3571
5891
7135
8113
3796
5666
1040
7905
1259
8683
2943
3229
3845
3763
2691
2035
3201
1893
2422
7271
1045
6572
4963
2431
5200
6309
167
1574
6731
5753
9725
2955
1133
675
4989
6887
861
9882
6643
4072
8554
8711
5335
9500
1952
9435
8733
8252
7568
4823
4001
1459
2097
4769
2967
2233
2934
5454
8373
9821
2328
4840
8477
12
9444
2383
9481
130
9675
4470
6442
4992
7288
4566
432
2166
2416
1852
9848
1166
9470
4563
6416
4393
2547
7863
979
3449
8145
7487
4121
6822
9231
6231
9960
8747
3597
4538
1613
267
6695
7174
8760
5570
3710
6773
8702
8004
4175
3473
704
515
6198
8523
5032
7084
2011
141
7110
533
1813
6581
8633
7095
2073
8682
9470
2063
309
4579
3885
2437
843
3272
7044
5348
1841
377
2126
2050
3097
7663
8311
677
5582
3087
9493
7111
407
9557
140
8116
1000
4193
1870
6186
5182
5709
2970
5812
1296
4462
310
8343
9655
8945
5402
8508
1787
8793
4185
7587
6432
9775
7579
5124
8767
1324
5406
304
3977
6060
9506
5473
8855
158
5294
663
9817
4501
4309
2173
4361
1746
3632
6258
5914
2363
4749
2184
1426
5502
1556
4468
1132
1608
221
5825
4670
8053
7110
9059
9265
3269
3144
9284
6298
9909
9107
5347
5852
1465
4148
9047
5075
2364
9788
4391
9324
910
9433
9833
7489
2352
5191
8025
9387
9717
6925
1074
1063
2009
5997
5714
829
6792
732
8098
4789
6173
5016
1628
3941
7767
3808
663
7868
2307
4539
7517
979
8417
614
639
1710
1255
7549
7390
6464
8794
6876
3801
3488
6441
1107
7485
1838
4227
5987
645
4645
46
7918
6373
584
2705
9733
4196
2169
4857
6831
4210
1668
5163
107
107
1905
9725
1512
9941
2866
1060
5461
2662
3571
2976
4069
8756
3475
1302
519
7522
8412
2687
2533
7477
7518
336
7943
1465
3487
4442
7122
8521
4654
3412
9310
3925
6432
2565
2550
6859
1568
2406
7647
5405
7940
8840
9709
3251
5538
4047
1055
2278
263
857
3998
9402
7872
3935
2351
6154
3422
1089
4603
8301
1812
4647
7514
733
9735
8493
9327
343
8617
7946
6293
4423
2078
5780
8813
5715
7522
9396
6673
7559
4911
6919
1732
2088
4470
3221
9217
4901
5799
9345
2742
9650
7486
6794
9126
9951
4030
7974
3701
3617
845
2008
3835
2284
2009
2228
6446
9147
5851
3502
4344
3420
2071
525
3886
9273
9832
1590
5468
3437
6069
2132
5427
2467
2952
4228
908
2271
4842
5391
117
8161
923
8137
3372
3425
4298
5591
1950
4801
6647
4500
3385
7324
312
9699
119
176
5099
2736
7604
7676
4686
741
6370
442
3637
3311
1964
1932
1013
2413
6216
6478
2310
6325
352
2467
1599
7194
5087
3265
7419
4206
1008
4148
1517
2530
6051
3354
9418
5718
7251
8171
958
8214
2471
9978
7442
6848
7609
1670
1926
6312
5601
4864
1534
5778
2574
8663
1562
5651
9898
5069
8144
6419
4001
7861
2570
2704
1583
5616
556
7123
1151
112
1961
8737
4909
4047
3651
6866
1651
5004
277
7193
8924
7870
365
2152
2955
3142
693
718
1930
2851
2957
1389
9816
8157
1980
2285
9803
9253
1515
7213
3939
6097
5318
2098
8056
6639
1249
4604
6871
3948
9303
7990
2801
6613
4730
5858
2305
7204
8811
6670
9920
1960
8462
1348
2712
1056
3256
2308
855
355
3915
8238
7058
3368
7505
5372
561
3
6146
522
89
2381
1101
4472
2583
2150
3025
8213
6556
9568
7966
3388
2430
1540
9878
9436
382
8297
3222
6042
840
4341
4618
8894
5384
2115
2771
4011
2579
178
3955
5979
8785
1593
7220
8006
2354
417
2263
2522
1217
815
1834
1892
8437
4529
7665
6323
95
7950
2013
2957
1826
3807
9096
4323
602
3310
3131
3525
7456
1460
4441
2640
5565
1971
6382
2795
3249
4517
1922
1305
9685
8934
7400
4953
8428
9348
3668
3580
4243
1033
3078
9212
5699
683
8069
1654
598
1965
5005
2256
5590
1939
7070
298
2606
6853
6765
5867
6823
9664
1184
3529
485
9330
3886
6485
9939
8216
9431
7537
3110
7660
3181
2713
4770
5151
3635
4462
1755
3871
4264
6919
3340
728
2695
738
2751
4216
5401
9858
1681
6555
7841
150
4484
9271
2132
3234
8153
4370
6198
8203
3785
3672
4083
8050
5622
1189
7595
8311
9431
546
8410
1521
5799
9650
4634
502
1195
6675
9868
4692
9617
4137
4930
3026
446
8977
7983
2004
8075
2077
6597
4800
9562
1230
9173
1563
806
1030
1449
9668
8563
2601
9943
1208
9570
5413
5911
4264
2706
4256
1054
1437
6706
695
2414
1545
2251
4995
8910
5205
674
6623
5726
8538
7774
5449
4070
7964
7147
699
851
9760
3667
3600
7448
5648
9987
1888
929
1459
8261
1621
390
1219
7756
4454
1640
8770
3362
9592
4613
848
2880
1551
2840
4305
6414
3315
8789
4798
7436
8933
5614
6257
2689
8974
53
2884
1122
7826
1022
738
102
843
2620
7999
6311
8519
3656
4213
5129
4136
3645
4231
8673
6968
6892
8971
5825
9216
2804
5210
5971
6579
8020
6049
3157
8796
2967
3785
1321
9150
9992
1653
3901
5863
3031
5796
4649
394
9206
2139
6797
172
2332
1800
8000
8465
995
5858
4242
9416
9985
2407
5781
7192
7279
2469
7718
543
9173
4828
4896
1118
5801
8518
455
3575
2995
2547
2097
5230
3196
493
4417
1112
313
4516
9537
5426
5184
7501
9477
5896
3662
5197
1405
898
3987
841
6912
6334
4969
9775
2122
7240
565
4866
135
9965
1652
7931
2859
5349
2997
3661
4702
551
6083
7259
700
5489
9197
2884
7
4192
8788
5222
6114
3298
6750
2931
8084
1239
9961
3535
3095
2054
1640
670
1208
1206
1460
2779
9276
2411
4594
794
9485
6722
7594
9423
3177
2858
2472
2974
1113
8336
863
6951
1917
9335
7248
6955
4785
6654
1531
8305
8329
3888
7769
2352
7057
8102
8184
7975
5794
6326
6446
1941
181
9726
4426
6008
4626
4448
3056
5189
1513
8685
3154
7688
2325
1122
7945
344
4602
4155
8683
4657
2620
9326
1854
8323
647
6103
8138
7239
9450
8032
3937
7455
1634
2615
9468
387
1435
6511
7012
3389
6730
3004
5014
340
4046
8418
9917
2515
5785
2727
2656
450
6723
3208
2033
3439
8375
8063
3716
2663
475
6717
2151
279
2727
7536
7844
5989
7042
8011
9018
6196
2951
2011
1881
7868
6375
8154
1170
9333
8933
3225
767
1917
5673
6932
604
1770
3447
4250
7855
856
605
8137
4784
6428
3005
6820
6301
6309
5308
7249
678
5905
1484
2748
8649
4387
6260
3826
4948
3110
2537
6680
3650
8123
470
7387
1250
6607
9727
6796
8492
2344
310
6300
3547
51
7132
204
2127
3214
1598
8006
1607
1256
441
2440
7383
5750
4924
2727
343
5371
1895
8767
5251
966
6386
793
123
4914
7892
8015
7962
4942
1569
697
8763
7281
4897
6524
384
8628
8325
7860
4495
208
1371
8490
2375
1733
5099
7627
7225
9632
1280
9797
59
5171
1892
542
3074
1185
4821
4861
829
9296
7863
2926
3229
6245
5661
7567
4988
81
1097
9871
43
8248
5400
7401
1231
2167
8248
5099
8541
313
689
7491
332
8298
2503
7674
113
5274
1429
6152
512
1656
3098
7296
3893
5967
6681
9759
4854
704
1484
3666
7564
6227
1547
5854
412
4173
9030
9961
2476
2132
4637
1435
4415
3510
6927
401
8172
111
6521
3662
8200
1101
999
1914
7406
3006
3105
1393
4984
8145
875
2665
1617
2524
1177
2397
1379
8791
1923
3603
4142
2400
6133
6942
9507
6796
5382
3499
8348
6754
6799
8257
8398
9540
4023
3135
1802
4822
2428
942
3691
6742
3852
227
8142
6421
779
8530
8907
4348
7366
2894
2810
1501
1619
2877
2266
6982
2358
2767
4200
1025
1309
3760
8923
4490
5053
1114
3129
866
1727
8746
9831
2577
6506
9052
2781
4733
9189
2083
1084
2001
1766
8499
221
719
7115
3828
8203
5724
2769
7802
6219
9644
4219
3085
8133
6295
9558
7026
3278
7029
1509
5330
2803
106
889
2863
8101
5176
8680
6600
2083
5739
3031
9336
6727
559
2079
6250
6145
7506
1349
912
9051
4096
4819
2103
472
5359
661
304
9378
1198
9090
8623
8087
6616
6099
863
3598
7456
2787
4731
1074
698
3352
891
7925
3510
9997
1239
8230
2420
8794
968
7042
2307
1975
3004
5382
7691
1303
4171
2721
2155
2451
2884
1710
4999
4432
1593
8468
7722
4021
9299
3315
6528
879
1356
3568
5740
5025
7296
1599
6155
8994
7866
5923
1423
7989
6478
1163
7672
389
2877
5978
8990
1917
863
7466
8204
2458
6305
519
4114
8929
2228
7375
1257
9727
5494
334
2630
6437
338
9472
1692
5660
2529
9436
7803
1969
6767
9425
1429
15
8923
2606
8922
2939
8863
8007
4785
9939
50
5572
8445
1953
3934
2367
2970
1062
9090
4601
1552
3084
914
1160
7614
5691
6901
7168
4258
6456
1064
4012
1778
2099
5838
9134
1161
3313
1687
3755
6126
3688
1667
835
4516
5422
5617
7944
8125
2011
6184
1363
3550
4481
1445
6511
879
7496
1182
3947
38
8029
1201
389
8822
1751
943
105
6900
8729
456
1217
6441
6480
5481
3212
2575
1247
6970
7074
473
8435
1838
6396
1658
2493
74
376
2959
989
6591
8755
6385
3929
6420
1794
9955
8357
2582
8672
5469
7227
3705
7440
5549
2596
2385
3767
4856
6455
6784
8808
2135
4934
7679
1321
8125
4104
4038
9229
9245
2048
8148
7505
3757
9286
7830
322
9257
7268
7355
3234
9268
1966
149
7246
558
2281
8749
488
7268
1514
1258
7199
2521
3153
820
224
8877
8648
5215
4549
9646
827
1894
3037
9058
6042
6721
7524
2555
2570
2886
800
3289
3995
3141
4308
2489
58
7515
3837
4940
8148
4001
5153
4960
5159
6624
1353
4598
580
5665
6667
9672
675
2123
5116
8409
6799
9022
9350
4048
2626
591
3623
5594
6717
674
74
4111
9182
9874
5657
2214
1523
3261
3348
7296
69
7020
2652
6874
5016
9310
3686
437
4757
4153
3209
1605
6507
2530
6750
769
4532
141
5339
5151
3109
2605
2073
9340
8878
5271
266
8192
9148
1925
8547
2976
189
4965
1765
2053
3882
261
4251
8654
3891
9870
939
5970
5238
762
9527
8123
1350
2233
2058
7372
9583
4517
8379
4922
9870
9717
3362
7339
6429
289
5284
1051
2106
8892
7721
2926
6993
4487
5861
8331
5944
3871
4396
9734
8186
792
9715
6033
7648
8583
1272
9658
2131
8319
2065
432
4393
1935
347
4420
5574
8828
4176
630
1141
6576
9248
1503
9286
916
3790
1844
7516
4544
8290
3115
2892
2645
975
25
9499
4709
172
8628
4635
8868
3371
5508
6185
2755
6317
5103
2229
1575
3613
6425
8577
5730
2003
3468
8046
2027
1080
1631
6713
6848
9795
5545
7560
3754
4737
6769
1714
4377
2877
7343
555
123
9226
5390
2179
5719
529
9816
1616
3826
838
8752
2749
6176
1337
9262
1224
8794
5169
2963
4835
8450
3018
134
7203
6195
2975
7453
5061
2379
3206
8084
4015
1759
956
920
3582
8163
1935
9891
1307
7200
8097
2444
7950
3217
3992
5776
6343
1288
187
2253
7458
815
1760
4748
4724
3907
6517
1641
7363
7300
1906
2350
8715
7009
2116
5770
3111
5677
3647
1419
5079
732
947
9019
4443
410
1950
6344
3282
9758
7428
7663
1666
1970
1210
8159
3689
1012
1194
8951
9632
439
1107
5310
3478
7602
7885
904
6673
7647
5702
6935
5203
3630
6572
4517
6764
7876
8574
3517
2579
3553
417
1271
3274
9885
9027
6670
1699
6268
1688
1841
7161
5201
5410
9666
561
8818
8447
1200
4454
4480
609
8192
2925
1432
8843
7805
958
1223
1391
1833
9892
4971
8762
2440
1294
4639
4256
7483
7020
5847
4912
3906
1202
7704
6346
6255
712
4432
67
8823
5373
7611
9489
620
6299
8169
8800
6127
3488
2619
5934
9507
4919
8178
2617
6141
4556
9019
8409
9793
5808
7784
9406
6034
4515
631
2370
3440
6427
1772
6779
6003
9856
6724
1479
7173
8500
4199
6941
6786
639
2490
6352
3971
6331
7523
5442
174
2310
9610
9930
9237
1026
299
1483
9171
8596
2146
3326
488
4241
6663
1479
6112
4293
2532
1554
8945
7823
57
5389
2686
7431
2284
3724
1871
9605
6449
1247
5168
855
6790
8645
3444
3530
9016
3536
5412
6447
4209
9837
1428
8577
1253
4827
2581
9350
2309
2706
4555
3225
3690
4039
9564
9304
1701
1596
1842
2570
8579
121
7358
2456
6420
2394
3713
2067
5891
5730
4136
9802
2577
2833
3961
6209
5098
8029
8903
8888
6042
6538
3528
7700
2141
6100
5988
1520
7008
7672
6196
6488
7720
2698
3038
881
927
2088
6104
503
1370
1547
3098
9135
5714
4021
7777
1804
7939
8376
6944
3815
3058
4354
7375
447
5405
5322
587
2530
2729
6584
6460
9427
4001
4609
6874
3092
8219
9421
4812
6741
2223
549
113
6421
1426
6498
9012
2374
1382
6470
1403
8230
8162
9927
9597
1928
5344
1540
3131
7835
8861
9890
3379
4579
505
8659
824
8643
2774
4704
4330
7662
5404
4528
8598
9601
8539
7515
248
5598
4443
7913
4263
3283
4414
2874
4597
1584
4002
2360
685
3361
4749
6078
6911
5793
4951
4334
7987
4735
4546
7943
56
6952
2504
9676
2031
3666
5821
9565
8824
3190
6317
7165
1430
544
6982
822
1539
5661
2518
1472
5911
2076
754
6105
3465
6501
9700
2750
5985
2850
60
6076
9374
3417
5295
7183
2262
4024
6919
6527
214
297
2528
1997
6093
1403
8202
5556
3259
2755
7753
7565
7077
145
7178
9541
1435
5253
1750
2792
808
3201
1321
2965
6118
986
7416
1553
8432
3137
8190
9207
2962
1644
1549
2408
1505
4900
2521
3020
4583
4896
2896
3730
9738
3551
9207
8428
120
8493
1050
2202
4051
283
1359
2173
564
8704
4375