5000
5900
3210
4939
1473
1633
103
9416
2933
2082
2011
933
2997
9067
8535
87
203
5844
2086
5155
4650
1909
5533
9249
1587
1978
789
1452
6199
1885
4988
9097
1692
4924
2900
9587
2664
9914
7313
1649
5766
8759
8884
5528
7329
423
3732
4204
8510
2469
3631
7499
4651
2520
4418
1557
2269
1489
7852
606
4838
9139
7112
9641
1263
582
2243
4936
2176
2558
691
7624
7372
5855
3213
5607
6115
8946
4146
6368
392
768
1870
7976
6703
2086
3398
1007
7550
806
6860
6960
494
7201
4020
9771
273
5502
456
4901
2003
1778
4552
6446
2492
1797
4531
9076
1665
4821
9104
7383
543
7621
990
7760
2709
9721
6096
2154
7503
2362
2073
4836
8998
3993
9046
4901
4049
5268
8380
3456
8412
8044
7368
8120
9298
6880
7371
7756
3333
4797
410
5585
8779
6230
7405
3625
7761
22
3061
3227
92
8773
1068
5242
2149
6776
2456
7971
1354
1789
4634
2949
5325
8392
1769
1870
7233
3270
9580
757
899
8333
9559
7438
38
2749
1931
7949
5692
4150
4544
7214
85
65
1963
931
1560
5525
1441
59
8839
9920
1144
246
9251
2569
80
8905
4710
8852
2319
5561
3960
8686
9438
1399
4376
743
380
5944
1835
4290
7719
779
2917
900
1730
3031
6498
4004
2891
4227
7197
3622
3152
6128
7123
2428
7098
1342
4181
5067
61
4171
5306
2907
5402
682
1428
101
1880
106
5803
884
6693
7028
9142
6122
2344
8274
508
2550
5082
5526
549
9798
3670
5896
149
9764
6236
1595
1532
1850
7820
2504
6464
6297
6960
9402
7034
3663
1642
6850
403
5391
2497
3831
8893
9673
1863
679
1409
1434
1533
2684
5367
4454
4566
3223
8272
2940
6147
4670
6683
2688
3928
995
3235
2415
3323
8126
8300
1682
2648
4337
9944
303
3090
5501
5736
2904
6113
8181
215
267
1602
6412
475
9316
2708
4613
2946
4109
4097
1419
2990
2337
7253
3995
157
1382
7857
4945
2994
6274
1195
7416
246
1899
590
25
7271
7343
7010
464
9443
9684
5433
1102
2584
2438
3820
9402
1580
8139
9822
8049
6158
3562
9980
7602
7730
4346
857
1629
9544
9740
6890
9910
3089
1944
2353
7378
4536
6391
7009
5581
352
3033
9014
5898
760
9278
1396
9758
3097
9234
2761
2763
4240
394
4836
6288
7963
5164
5085
3618
421
704
9885
2330
4531
8769
7122
9527
8144
855
1877
9962
1240
5765
802
855
1955
5481
5014
680
7922
7081
961
5744
3182
3188
632
2899
4368
7032
4693
3888
8749
9054
3645
9704
6595
8959
570
9337
3831
8952
697
1786
833
6047
8950
3552
2703
1329
9254
5539
2445
5160
485
3628
4050
2483
6719
7566
1965
1399
3528
9085
11
5465
2176
2665
5580
121
5292
4437
5222
770
3092
5913
9359
3067
3003
2475
4657
1739
7550
4996
7332
5206
6010
9490
7487
6225
223
3257
8966
735
2366
2304
346
9101
5568
7444
980
886
3587
8897
1065
6571
9229
8954
1330
5352
2198
5325
2905
9040
6650
5316
6444
2749
1912
5629
4803
1457
7122
1311
5088
8537
1682
8624
9930
2685
1685
3108
3790
910
4680
3236
6911
1262
2588
1436
7212
1369
2703
4564
6568
7431
8299
8363
689
1570
2264
3555
6880
945
1168
355
7099
9326
566
9574
2379
7429
4471
8780
2060
874
4723
9960
1751
4385
2731
8400
6214
1691
385
3556
5435
1288
332
6066
6937
9247
2527
6768
5268
3780
9422
161
2187
3105
6118
5898
3649
876
5644
1961
4255
2481
6796
5251
4149
123
1451
3266
1819
4061
5267
7653
1639
2398
6662
5952
8024
1612
3401
6900
8321
9233
2265
7792
1815
1983
4056
7556
4823
744
3006
2980
3121
8460
8136
48
564
5607
7710
2282
3473
1104
1529
1426
5207
1645
6208
8380
6606
5518
6972
5887
5057
6758
613
5913
3413
783
5334
956
6560
9393
2130
9454
7368
2565
8451
8964
9800
7069
9927
4526
9358
8152
1363
5888
2974
92
6740
6544
2988
1616
5026
9336
9615
2133
8698
19
1459
8120
2297
1721
183
6593
215
150
2754
6798
1604
5833
8560
8147
2606
1911
1934
1564
31
1274
5206
8984
1030
9236
7294
1580
734
6531
8482
6858
1297
1206
851
867
4214
7461
2132
9522
1146
1119
5455
6962
8385
931
3118
7120
792
1951
6851
4263
3582
4258
4522
8663
3476
5311
2843
2565
5277
1515
496
1531
9267
635
6307
2458
2825
9464
1201
4456
8750
6786
8700
2652
9285
2065
414
2447
1157
2218
6811
4655
3907
6279
5889
6880
704
9224
7228
1066
8454
4773
2384
6929
1240
2294
2967
9039
8483
8234
8530
3391
3540
1641
1681
8945
8950
2404
4194
7223
9830
5890
478
4942
8135
9678
9392
8795
5427
8264
1237
3515
9759
6012
5996
5698
1929
1318
249
3326
9556
718
383
4651
425
8540
2322
1944
8954
2648
1639
6415
9028
1745
2478
5578
7557
8782
241
6978
6439
2550
2705
5682
5618
1383
8301
665
3819
4588
3531
1825
255
1396
6453
6739
6544
4865
5597
4316
572
2711
9508
5167
9819
5851
4487
812
7617
4367
1532
5866
309
574
8203
4363
2153
9024
5849
9293
5480
2900
8014
3756
27
2879
474
8341
7892
1908
4132
4211
4773
642
2452
3263
5502
2650
4147
3146
3457
1965
3174
7307
6914
5347
4724
4604
6869
7977
5848
3687
3253
7111
3780
4904
5254
2537
1295
7237
1006
5479
372
3576
1145
4791
1927
5127
1003
2185
602
8877
2692
8012
1277
3330
6678
1024
1849
2478
9747
7587
631
587
2335
5368
3497
9308
3698
8645
3975
8618
193
9766
2722
2606
7286
4411
5596
5361
3474
9016
6190
2558
1549
934
5988
5057
6108
9048
2355
2308
7693
2557
9334
6916
2921
9733
256
7574
5594
9779
2065
7856
1386
9014
8325
5296
6638
742
7929
436
1697
1625
299
5303
8726
2830
8118
6566
2252
2012
7750
4986
1767
7894
1760
1466
4063
6785
4197
245
5332
2647
8091
9417
2751
8613
5833
3893
7883
4243
1287
4232
2223
3004
1051
8170
7078
6101
827
8258
9928
9789
1053
9656
2731
6737
5601
434
9813
1479
1425
2745
7002
5943
1389
723
1304
5700
2627
7208
3862
1818
7608
2498
2147
4523
2530
4324
9157
5738
2392
9028
2815
5093
4013
6486
5503
9753
5356
202
3079
1597
4006
438
1621
7581
6410
3829
4607
1328
7597
3995
4340
6814
2268
6703
4646
3155
330
2412
1674
9804
6215
1326
5127
1776
9887
6667
4698
8517
3417
6246
7308
7757
1056
2483
4361
4691
2732
9891
7991
3839
5599
7885
1555
1801
217
4644
671
3158
1546
4876
3808
4496
819
553
8853
5437
671
2418
4633
6588
2838
1453
3723
636
427
1834
2867
848
7820
3016
8416
7176
2989
2450
6357
4102
1527
1528
7252
7167
2011
9639
8895
7996
4299
2292
2068
2825
7087
6975
3779
6743
708
1660
2398
4823
3160
9698
3397
6072
1492
1948
2296
8116
7635
5055
2070
1947
5848
5510
1970
5106
6294
8422
1659
7707
961
2907
8926
6286
1372
1836
4765
977
4781
6260
8408
3889
4577
1080
221
2375
8682
71
3217
6266
3366
9635
6169
5552
9035
3845
5709
815
7696
9509
4830
245
6374
2801
3044
5458
4492
2286
2688
4957
701
370
2915
5316
1505
3689
6223
980
3906
8176
1451
6836
8289
2835
8604
1581
3752
1197
9903
9876
3799
3898
2532
8672
2312
5928
5204
8351
3379
7409
4034
6341
919
970
3163
9419
6732
120
6757
9559
7884
1697
4436
7865
9245
5091
708
8683
5009
6866
9296
1796
5372
6378
3037
2501
4584
6426
1192
266
4786
1773
3297
9231
8549
5225
4167
1032
1787
134
1336
2233
5371
703
9072
228
6269
3411
6282
9186
1253
338
9174
7818
7465
5538
7093
5996
5206
3069
4560
4874
3113
3737
8046
2491
6285
2166
8714
1673
5240
2830
3626
5103
9014
2674
1114
4853
9213
4738
517
4630
7735
5732
8138
5882
1094
5445
2374
7103
229
4813
7720
8681
9810
9914
3862
340
252
5462
1218
1838
8859
8330
5306
3495
9352
5270
6853
3821
8355
8127
8299
1317
372
9037
8100
8438
4318
6736
3480
210
3594
9710
6395
1024
5064
716
481
2846
613
6193
1090
1482
3146
9469
3901
3633
6504
2478
5902
6496
1017
8114
4216
3681
1885
6424
4287
774
8391
8296
6398
7233
2678
8764
1308
6839
5022
7572
1797
2667
963
5618
6599
9531
2878
8418
9402
2044
8476
6777
8410
5076
486
7486
7009
3685
8431
5928
6924
9316
3304
7268
2358
5456
3352
2076
4808
8356
2882
2943
8630
9987
1706
6864
8244
6062
1568
8371
8732
618
8399
1430
7843
131
8784
2827
5122
9740
2975
8539
7866
5014
3322
7359
3972
2459
461
9924
1476
8945
5032
4765
7044
8671
6679
7698
8148
3980
5923
5234
5738
1544
1752
964
978
2293
9441
7288
1152
3930
1913
4343
6736
9958
1447
529
6322
6726
8429
7231
1973
9268
6598
317
1716
4567
9297
3296
6206
6248
5239
4251
1196
687
1904
6233
5133
7795
7491
3957
4624
328
1221
3604
930
3531
3871
6990
5879
8731
1260
6324
3047
5590
9753
5127
7019
2740
2556
9012
5627
4208
3692
1690
39
4814
1804
2730
8171
2932
1160
8034
7536
2222
9222
8455
9467
3486
9381
753
8809
8164
6390
6943
1989
9774
9863
207
7029
1933
8422
9301
161
6485
8047
3756
9667
3767
5062
1668
1269
2370
8494
4656
3269
9346
2136
1213
6371
7638
4411
9618
981
8389
834
7923
1087
6521
3800
362
7206
2874
7361
6025
2413
2855
8266
4309
4416
5518
4870
588
1684
8066
7963
8297
7673
656
8526
8828
8975
6634
9672
6873
5185
7530
9497
8279
7028
7815
9939
9738
8249
2738
6041
1226
4448
377
270
1603
9996
7257
5078
7209
4448
7578
2312
8916
5215
4317
7623
122
701
6722
7383
6827
2834
7385
6866
7209
8730
9559
2625
9646
2248
688
708
1585
2727
1717
9801
8773
4597
8162
6345
6664
7904
6839
3020
3037
8373
7716
8232
6865
9964
9754
5727
357
6116
8969
5316
3005
8421
2173
475
3510
984
9560
5501
2881
8710
9598
3024
1667
3330
6629
9995
3179
939
1842
302
5434
8239
1914
1512
9926
6813
4869
4390
6589
3069
2515
2344
1370
7186
1680
8071
7458
7629
4182
4136
6615
9945
7891
378
7151
5465
1954
9699
6702
1293
5868
3109
9137
5605
2729
2050
3127
6293
9580
4568
137
4196
7471
566
8186
3881
2476
1504
4190
3367
5823
8221
6155
1747
7753
3812
5892
9972
966
4248
3509
8937
6114
4667
974
3731
9656
8473
2154
6762
4235
3417
7718
9701
2503
2178
1207
5133
9017
2823
4657
7993
4972
7257
9508
1061
5945
8465
2351
9976
4169
7554
2828
2698
7068
6939
8788
4492
1406
72
4561
9893
9235
2373
3221
8404
9951
5581
2819
9195
3050
1132
3606
1006
1334
322
9319
4285
2059
6525
927
1073
1282
8651
8521
1942
8817
5079
8686
5005
8676
4024
3628
671
3363
8833
2641
1592
4144
441
5594
9322
235
1493
1264
8826
1060
1612
8415
9449
5746
602
899
3014
8471
8921
9096
2123
1513
1292
563
1002
5842
4320
8956
4623
8226
8934
229
3022
1399
7084
6741
4850
3523
2164
7196
4808
9515
449
4260
2352
7804
5895
1487
2479
6662
7637
4922
920
3676
971
8109
682
9265
5608
3102
7819
2724
314
8486
5068
6163
3731
8106
2890
1466
3992
911
1999
4059
6812
1730
2104
6320
5255
1248
3075
4910
6424
2093
4872
3890
9332
7730
1945
1752
2118
3260
5186
4130
4889
940
9800
3187
8179
8947
6632
5448
8248
1248
379
2947
4721
2021
1132
4980
8582
1448
5338
2576
2024
258
6598
3568
2014
2395
6848
2556
8740
5718
3876
2548
4999
4911
6218
897
3348
388
2586
9685
7706
8074
8539
1971
1627
7600
9630
305
8966
9920
6730
9920
9072
330
3721
2500
6157
6095
8832
8459
2717
2490
2670
6455
31
8745
3019
8619
47
6504
2256
1226
6648
3969
5855
5050
7329
7258
9423
4417
9319
2754
7184
3652
9012
4007
9944
533
412
1079
9351
1609
865
7456
5348
6076
8104
6271
5829
8756
4206
3240
8775
5487
5319
3617
318
3639
1210
4422
1792
6726
203
2601
5247
8008
3948
8706
9517
7574
2160
3386
1246
4449
6209
6365
1777
5551
537
653
4430
9069
1335
1178
3050
2410
1013
7188
6843
5634
6079
2702
2413
562
1997
2053
4708
5360
1107
3717
7228
1907
7521
7312
1510
330
3039
7915
5133
9080
8459
7766
8303
2080
4832
1081
3753
3076
8672
330
50
2608
1559
3117
9193
996
5504
5812
740
5608
2833
2964
6722
4644
6892
947
2381
1816
9076
2674
9138
925
3429
55
3857
9525
449
2807
1187
8627
5832
802
4251
891
703
5780
1669
1475
1346
4061
8215
9556
1052
3325
3873
9728
3861
633
7481
693
4394
8619
5283
3719
4049
8211
1656
6819
7368
9167
653
5812
3221
9073
5148
7719
7828
6533
1600
6593
3337
779
6163
2769
8350
773
6182
1166
6293
6508
134
731
4184
5593
3914
2927
4886
3957
1964
4134
6039
4842
767
1435
299
6638
913
7858
6233
4766
9604
9917
6798
2654
8853
1712
4122
5919
8920
1334
8017
4192
5043
2147
8758
6394
3149
4075
9244
2805
7516
2543
343
4690
3457
7903
805
4325
3870
6976
6017
8366
6844
8931
3014
8483
9170
384
3968
2330
7901
5443
9912
8642
2159
1605
8009
5684
9962
8292
1931
8523
6889
653
6512
2667
3963
3229
1673
2907
506
2731
5175
4316
5019
1179
317
2547
9698
6454
7521
5436
2253
8761
508
7526
8355
2211
5262
2765
3556
2308
6489
5903
3901
7973
8669
5678
8070
5482
4111
9718
5316
1994
1279
4237
4690
7034
231
150
9947
1272
5081
5307
9956
4934
919
2308
9122
1834
3420
4349
1987
143
7969
761
6527
3229
517
2502
2104
5565
8062
5892
5868
5314
2563
9930
8640
2476
8559
7616
1899
6482
2066
2195
1224
4891
2689
1016
2420
2016
507
7329
6627
6959
155
9935
5212
9906
876
9320
1246
9982
4978
5272
7742
7999
9610
5067
5743
3541
4299
2302
6148
1868
701
8216
2351
7940
1635
4391
8678
6288
6894
7693
3847
5213
2795
1291
9014
2393
6459
4186
2904
8070
5043
1036
7904
1804
5357
3496
3724
4641
3490
2579
5760
6423
6644
2901
175
3447
9536
6969
6941
1854
849
8840
1644
2959
2685
6485
9464
4295
9103
8104
6117
4767
1635
1848
5791
2153
3397
3707
2538
7476
914
7850
728
3907
679
414
3160
9150
2454
7080
8722
678
8526
4349
244
3854
2586
2662
2247
3977
2990
3944
4922
5072
721
163
9451
9235
4134
8827
8225
2122
4540
8538
7971
1749
7617
5103
6458
79
5180
8536
9693
8399
120
9666
1501
1619
1222
754
8288
3478
4652
1989
9437
6813
5921
6693
4948
9682
1406
9393
139
1481
9387
6091
1341
6596
1254
3184
2388
9635
8472
1718
2452
7102
4797
4878
2268
5573
1594
2724
4359
1282
1286
7155
330
6195
5130
5943
4187
6574
5855
7810
944
8520
6440
5753
6069
4314
9415
5508
2729
1283
4594
5256
9294
3629
2992
3020
5480
7869
5437
1555
2471
635
9664
9004
4343
6711
7750
671
7085
2205
8791
6662
1079
1807
5416
5478
8172
9983
7821
5881
8111
6856
85
6035
2219
1271
1342
8996
4619
720
5996
1255
6020
5683
4453
4502
5997
227
1919
202
4946
8085
1098
5945
4293
8283
311
2557
6741
2361
7313
7206
2484
2710
1907
7507
1834
6990
7750
6809
6476
7481
2475
9628
3643
8105
2668
797
354
1438
4506
3800
3229
7718
1552
4749
3193
6636
1082
2535
6105
4961
3850
9791
334
6343
6842
1377
1220
2511
9097
8953
8386
8801
8357
4419
2593
7712
6442
1363
1329
5104
1121
5609
2636
2735
1280
7889
2614
9471
6425
9208
4751
4974
1285
1361
6691
8084
4865
7599
3156
3230
9069
7019
999
8155
7548
1020
9819
9071
5804
5397
608
1585
6102
9713
2482
7840
2070
6505
9016
9452
6539
172
866
1578
7505
4271
9901
5553
4684
9927
4579
6533
6472
4466
1045
7395
6542
9221
1973
5970
3130
3963
422
4070
842
3991
93
330
2520
1916
1091
2075
5902
4041
9561
396
6605
8291
8849
285
2056
5910
9351
6252
5235
475
7486
8432
2258
927
5402
5869
373
2764
1855
4127
9921
2888
5869
571
1887
5623
6383
5665
9412
457
7338
6269
2255
7830
1278
5561
5931
8576
8265
8206
4404
6095
910
6010
3116
6285
2298
990
5694
2140
8221
7837
3888
789
994
4292
6237
5452
2981
4153
6245
7312
5934
483
476
4705
7154
8578
3995
4750
1809
9118
920
1473
2447
3243
1818
3706
5635
4453
1288
5385
4461
9657
5877
6957
2492
7524
7842
2182
2285
4299
7084
6299
1248
6312
724
5370
8078
1054
981
9509
1860
471
8528
2475
8227
7766
1485
5388
7004
4144
7241
4889
3285
9646
3906
7826
5403
4431
5780
1228
9009
2924
1345
128
561
3476
6486
3692
647
5845
2043
4498
8303
191
4410
9608
6006
1130
5057
1786
7692
1618
1534
3221
718
5152
5810
9167
608
6703
4248
2646
2870
7993
7179
9766
1937
8141
1920
5402
7538
333
9384
6842
4101
2653
2554
9707
1313
9399
1442
9920
5915
3193
4492
2047
3327
4668
8160
5004
9771
6938
5338
3900
5206
9219
8703
7203
6515
5689
3526
6415
1979
8580
1172
7463
224
9759
380
8095
216
7019
5505
9523
9588
8858
1567
1529
992
1203
720
383
4858
9721
717
9865
5130
3002
9852
998
7903
6263
5698
7282
7732
858
7078
5534
4571
6006
2117
9197
7641
1261
3623
6891
5240
5053
554
2610
6906
1684
7528
4147
1390
8852
2716
4513
9525
7487
2211
2415
2177
908
2410
3195
7421
9663
5512
4025
3658
1729
9885
4844
743
2228
9218
9346
183
201
4372
1956
4804
7556
4132
622
730
4580
6016
7535
6901
4736
4414
9288
4029
9884
1068
9524
1437
3700
6387
4157
9238
9856
927
1506
5529
85
594
9691
7572
4714
6603
3644
8964
5865
2042
697
9480
6367
418
4952
768
1329
6600
478
621
2673
3114
738
7941
5588
2809
3719
4453
3617
7600
3064
8553
6140
1413
69
263
7138
7635
847
2521
2033
7045
3516
2863
2894
5301
8504
7945
9448
2103
3093
3271
3511
654
7026
3954
778
7705
3212
7684
7144
1847
809
2450
1764
5760
8100
3578
3549
5747
4144
833
5995
8122
6477
1336
2060
707
3489
1344
2422
5759
5268
2996
4769
912
2134
7036
2009
4422
2471
8697
9329
9040
7896
4857
5613
9228
2433
4228
6467
7111
7073
3662
1609
8530
3544
6745
5436
1798
6466
1640
2550
6687
8934
7740
6348
693
5529
5290
393
585
4043
1419
2739
1359
7665
9492
7491
8915
2737
8622
2089
4707
6720
226
7243
261
4160
635
6583
6086
4781
2826
1596
9964
4275
2377
6281
235
8546
133
2646
5324
7043
2239
9155
1648
5323
3392
33
5111
2480
97
1369
7716
8668
1366
6875
4041
4338
4247
8278
3433
1501
4977
3066
9407
2495
8706
2903
6582
7160
6292
5544
3735
8838
7252
2351
2328
6253
1359
3160
696
3381
6144
1708
6587
7595
2928
2852
2105
5570
2982
2516
1590
4330
398
8840
7563
8599
2685
5451
1901
296
6269
5924
9645
590
1165
6999
3711
7712
9824
7942
3431
8182
6726
9724
7975
2819
2382
7581
5420
3146
6396
4964
3431
5614
8562
863
4030
3071
2739
2382
1789
3205
1420
8993
1164
1712
3925
2535
8460
4362
1908
5506
895
3424
8735
2938
5339
6607
6656
3532
3690
3378
6515
3280
6950
9563
5630
2218
1600
2961
1453
1365
3112
4088
872
2794
5131
2646
6864
7608
9901
1047
666
9812
6631
1125
7676
9171
32
327
9847
1546
8122
3602
2294
1566
9719
3343
9387
7738
1796
3572
8336
9289
1709
3017
7064
8198
4353
7623
1018
4545
5395
8936
5842
4879
5690
9872
9835
7152
1297
2751
2739
5296
8663
9407
6841
8683
9973
5982
8163
6173
7651
1232
2600
9491
1914
243
2980
1681
3141
9134
4342
7659
8507
7695
1581
8643
9084
3736
4575
4822
5185
66
512
8516
1219
181
196
1628
8296
1152
830
6332
6473
3294
382
64
9807
7882
7686
4232
7311
7917
4498
7708
6839
540
4251
787
2104
3349
9267
9339
1182
3094
6119
543
1517
6330
4865
4921
7620
5472
2341
4311
1535
904
9203
7230
5509
5465
8019
3534
8647
4050
3300
4669
4199
3640
9079
2135
6003
372
5440
9854
8348
2839
284
6313
5706
9288
4744
3993
1543
4662
2653
125
9299
7918
1830
1979
4254
7157
4133
1783
5977
322
9490
7735
8430
575
1836
3577
3543
9172
6009
6417
8099
9401
5355
828
1441
8742
3424
9028
467
1849
7803
1076
8825
306
2411
4510
9172
7305
9488
9549
8552
6087
8741
2544
5265
6791
8828
1602
8989
689
1901
6608
2508
3062
5913
1914
5111
5402
1425
6662
8229
4797
2690
71
9587
6741
7565
1472
8514
9352
866
1922
9901
6182
9192
6723
1104
2374
2456
9987
2573
2422
9885
6143
5999
1512
5391
5777
157
6542
8966
9970
2703
4226
1665
73
2570
2471
5298
8727
108
2467
8354
678
5058
9239
7598
1574
9149
7589
110
6429
6029
1815
1974
8265
5346
1537
537
8679
435
2153
4881
1251
739
7177
7934
9651
7490
5445
3313
8589
5214
9368
4275
9338
5022
7685
3184
7612
498
7342
8042
3139
9828
5646
7104
9893
7987
2877
327
9717
6853
1557
6014
4785
7677
876
794
205
1116
2958
6242
5355
9130
8500
8115
9801
2296
2201
4874
119
4137
1175
275
703
5949
8949
2830
7163
5393
9909
8134
3587
3515
6790
597
5760
5068
2725
4535
1507
634
554
1187
6998
591
2946
8821
2335
8119
1718
207
5272
5862
6040
2456
9766
5103
2239
4717
5427
8013
8878
2334
5047
6024
9225
3788
6892
6808
9226
2305
7847
4737
2030
1092
3478
674
4882
6966
8955
8009
8965
4730
1242
2131
6300
6918
6579
9508
8136
9715
9255
7561
8980
7384
4457
4267
2947
445
4575
9144
4291
9481
4661
6398
4978
6913
1202
2810
2212
5352
5596
7902
468
2611
5413
1749
5414
397
222
4576
9205
1705
6890
6413
5739
5514
7779
4089
8603
2353
1645
3443
2009
3068
7445
7323
787
994
1336
5552
1933
1178
8250
787
8228
483
8846
4188
2563
4623
5374
2764
7345
4260
1336
4837
397
2266
1036
74
7870
5453
156
8963
8339
611
4526
2411
3555
2603
3179
2571
8451
1100
2969
1153
5278
6366
7361
2952
3254
2955
4009
2496
9938
7888
2041
2678
3297
9267
3082
8308
7902
5386
6922
4543
6650
197
9832
3608
6719
3482
787
5428
814
6174
4179
3915
3983
750
452
2210
5946
8210
9243
3701
5390
23
2130
7674
4960
8686
1145
848
2423
4720
9659
6910
7720
456
126
8824
6425
6755
4663
5266
1020
9683
6368
1036
6650
1053
6828
4022
3736
7604
1482
7814
1445
9479
2255
7142
547
466
2512
9561
636
2952
8073
5143
1423
6102
2226
7478
930
8018
7300
3889
4618
996
9624
5983
2152
8849
7191
26
1588
578
9501
6692
3013
3089
3975
1832
7085
627
7303
3973
3853
6504
8314
8982
3356
9622
8556
7721
5655
1482
4863
9907
8429
2793
6867
2646
386
2641
8683
6981
7420
2660
2144
4781
7117
6298
8063
6528
4556
8509
8467
7881
557
1500
5751
7746
8212
6814
9915
6440
8135
9366
5504
2595
51
1069
3850
1964
2273
3399
2125
9537
5472
5463
1078
6951
6257
7019
7281
9450
4805
3993
4558
9363
5793
5447
7737
3104
868
2333
4387
4799
4155
2509
1054
6347
2808
6817
1926
3608
4215
3481
3095
1924
8482
8368
3575
2347
3961
4554
839
8397
7090
7499
6959
9687
8406
8323
2534
7386
8063
3059
5660
4382
4982
4216
870
5135
4661
2661
9737
8758
4724
7715
3616
9031
2739
1303
9741
3307
322
3444
4388
9059
2535
5536
2659
1631
5491
7034
5928
2503
3950
1962
7484
9367
1222
1949
9670
824
5439
6218
7072
9015
2252
2314
4931
5330
4712
275
5283
4760
913
6842
8342
2244
5216
2380
5930
6701
5168
2643
1844
1025
90
865
4751
8808
6188
2872
2480
3169
2382
1198
3780
8569
1816
3188
4726
3180
3826
4608
5966
6516
9562
377
4018
8341
1077
8392
9424
3459
6581
3138
4503
2333
2681
1046
9644
4352
9763
8300
5221
8732
5680
4615
2539
2035
9456
5948
2675
64
5828
8624
389
8201
9436
3828
4719
8402
7928
1708
1392
8112
9897
8979
6260
9238
5334
2643
7176
837
85
6482
8578
7513
9077
8490
8860
5528
6698
363
9357
3042
6646
8273
2751
5408
6409
9449
196
3055
9304
9313
7374
6689
6310
4785
1461
1363
6296
4648
7964
4606
1850
904
6910
6313
2043
3697
3856
9446
4402
3126
111
9834
6847
4504
2856
2463
2923
877
4957
821
7837
3198
8513
1184
8034
9326
6435
8988
8454
5508
997
742
9702
8124
3793
2600
5911
4422
1471
150
6138
630
2260
517
7181
1580
568
5198
2445
1448
4416
5341
793
1435
1557
9549
5540
1076
1190
1977
2105
2530
7011
3056
391
5485
2017
6189
6654
2625
8480
9959
4816
6197
1263
280
4718
9846
8578
953
3923
1427
5973
5378
8393
5409
6080
6792
5862
8203
4947
851
4952
6330
660
9641
3374
1716
821
2017
3201
805
7264
8250
6056
4534
7336
6664
5028
194
5186
257
2871
8004
6247
9270
9956
7049
1721
1109
1519
267
8918
2942
6570
8070
6654
1783
4680
9700
1431
7370
800
319
7487
356
2045
8360
9914
5105
2
1282
1520
691
3057
5300
5528
3252
4979
6054
9260
4973
1593
2062
7989
9015
9483
2223
2539
5040
8588
4792
1520
4654
7654
292
9962
347
5991
6236
4877
3385
1712
7854
4308
5798
2044
7132
6097
1444
4827
980
1228
6822
651
7001
6262
6643
2543
8260
5917
941
402
6503
746
6938
3834
3166
2792
6571
3817
1967
7321
7178
4100
7969
7572
7857
104
1477
2224
320
1047
3693
4067
9373
4282
965
9828
1289
321
55
5538
8056
6448
1273
6902
6870
6818
1924
5220
570
6323
3512
1559
1738
4059
228
3704
653
9618
3235
1849
5930
7050
8291
1512
8532
4642
6764
1223
9078
6487
6477
7439
8154
4079
8007
8081
9446
4270
5630
8238
5387
1477
5758
2807
2978
348
6541
7929
2245
5682
9779
9362
7759
6432
3269
5669
7256
2141
1363
2199
174
2121
6940
6032
1736
4442
4232
3282
7554
173
1125
9528
1121
6587
521
9356
9164
3594
9365
8303
8347
7182
4327
1141
4872
7427
9348
8706
1693
2668
1427
8185
5400
5711
6942
247
808
4165
9939
6259
1976
4235
1329
8515
5513
7212
9313
4856
8141
148
1699
8484
4490
6801
876
5547
1450
2904
6109
2852
2270
8681
3319
9367
704
3157
2521
5697
1654
3673
4820
1673
296
5263
6936
2999
6130
2708
7808
4946
8411
2685
2622
2190
2169
5476
4810
1852
4026
374
902
4247
8146
3662
2017
9608
4379
9451
3031
9747
3752
7185
7181
8940
765
2243
4724
9152
6499
7909
8602
23
3604
4061
4530
5971
4384
2395
2900
1310
2568
299
7159
784
4448
2116
511
7528
9840
5314
8367
8135
858
4402
3341
1158
9524
8797
2012
438
6114
1450
6764
8617
6922
4543
4818
1980
2874
543
9928
1623
1078
6694
6087
4266
577
9572
7634
2650
5626
7786
1737
9426
2687
8819
5461
3405
3980
3190
9432
380
8742
2984
5976
6790
2233
6264
9737
742
879
3927
6520
8023
6991
2070
4976
8248
4669
4271
234
9258
8161
6864
9662
7793
464
2189
3715
9980
3287
1095
8162
6414
6890
5964
5163
1504
5753
4309
3309
4530
2063
7581
1314
8333
4554
8031
4428
198
826
9331
9308
2540
682
4409
6437
7465
6920
5594
6890
8857
7861
2820
9917
499
4566
2094
7405
7254
6049
89
8410
2303
5452
7562
4331
3448
8670
825
46
7644
195
587
4477
5211
2627
2465
5207
5503
7977
65
6245
7226
8785
6089
5272
2963
1745
8559
9937
3896
6807
7964
146
1996
7722
950
2523
5165
6597
2418
6288
948
9889
2117
3367
893
1930
4942
4122
7344
9378
5962
9966
7034
9489
3260
9796
4197
9905
1885
2469
4357
9604
6938
5250
8231
7055
307
2539
1730
7939
8331
8154
528
217
4575
7764
7964
1042
389
185
8483
7287
6361
7624
3906
4067
4101
5151
2966
9265
9616
8861
9697
1142
7877
8224
2922
5909
304
5186
8914
2964
4269
1190
5177
1298
2405
3610
8480
8137
307
8170
4476
2145
6446
1260
9910
646
3021
6303
2549
1544
2013
9906
2966
4922
4603
6887
808
2708
8323
969
3398
4290
8884
7018
6523
6453
9990
9315
3712
368
5292
6166
4794
3127
1340
2614
6335
3561
1837
3225
146
4426
8671
3324
3657
658
2803
6825
2236
7381
2771
4548
1076
4111
7158
2269
6250
3277
1056
1907
4147
8918
3353
2802
656
915
2730
2040
9223
3955
4232
7512
241
2646
4667
9301
6022
2095
2802
2482
381
8590
8619
3057
7057
5286
1480
5194
7188
8097
347
3652
9490
1182
2676
2792
1653
2156
560
7904
5526
858
6844
5762
2925
4129
8875
6643
5219
3642
2336
8843
1252
966
781
7782
5673
3023
9960
6277
3915
438
8090
974
5894
5813
546
1394
2980
5000
1337
4418
4178
5654
5405
3427
8345
8306
1192
6620
5621
7602
9323
8664
915
8953
1817
4169
467
7648
1496
7625
4921
6868
1083
9994
8723
7673
7197
7176
9891
9106
7052
3802
3335
7617
8600
960
5027
3346
2537
7436
6362
311
8003
789
9355
7421
5916
133
1431
4613
705
9120
5989
2695
4370
995
5336
1203