1631499
1750920
1752955
1791374
1715572
1675253
1570724
1671421
1744199
1734783
1507924
1640965
1793387
1661654
1861109
1650650
1622505
1555385
1684498
1813697
1542596
1735404
1657117
1766898
1515239
1545002
1641628
1735589
1693270
1694244
1487102
1599772
1617935
1654942
1700808
1795214
1611529
1577563
1695092
1593147
1581385
1684999
1606020
1639778
1593284
1502573
1621610
1547825
1560179
1742142
1637797
1649640
1586278
1631546
1766330
1473496
1622901
1650712
1630223
1791525
1648818
1549221
1690939
1588757
1686560
1476751
1527978
1716708
1786035
1639055
1657555
1501894
1778784
1757278
1484609
1678592
1720358
1739730
1580141
1718214
1644556
1665421
1502156
1516902
1743624
1800534
1515991
1706758
1467148
1730020
1660441
1738988
1668383
1619182
1534722
1768014
1769793
1836868
1691154
1586554