1586352
1671653
1526810
1711941
1597478
1666173
1670578
1654512
1672731
1679270
1514895
1579355
1693933
1525383
1747902
1613644
1742377
1574767
1577768
1743985
1590862
1753993
1796565
1603476
1572037
1693465
1585344
1438309
1841185
1792350
1676254
1501603
1573323
1662095
1747512
1742103
1568328
1682912
1455550
1525603
1744152
1643936
1565554
1617501
1677486
1611521
1641291
1544883
1537673
1617983
1568843
1808418
1513255
1776283
1540202
1539435
1566213
1641026
1643684
1694799
1644962
1699447
1552635
1632626
1700714
1421701
1786980
1619113
1540082
1636500
1534167
1632419
1529504
1631207
1581914
1608481
1464820
1789637
1680360
1522915
1668980
1707866
1639798
1538462
1664917
1619686
1641998
1693718
1699277
1593775
1830553
1559030
1775790
1681119
1573664
1629197
1769884
1603783
1708690
1635853