1557714
1610696
1711424
1498121
1494854
1734738
1670062
1594606
1707470
1632237
1599948
1556204
1563246
1625419
1720097
1669669
1833498
1732147
1613349
1712612
1727686
1583958
1717312
1723488
1629564
1556593
1669639
1592014
1573422
1770567
1700587
1665404
1555428
1583250
1830250
1814416
1713798
1636875
1655549
1580886
1591596
1548399
1611810
1766916
1725875
1629821
1776722
1698779
1567023
1626607
1821203
1504277
1526675
1586035
1615578
1703135
1650646
1545952
1573659
1585045
1569788
1551070
1784419
1716305
1663230
1505579
1667872
1662569
1665754
1615510
1498840
1512453
1634439
1618623
1735164
1795699
1604616
1456246
1625113
1828315
1704525
1551726
1714069
1727883
1549152
1548897
1501692
1577917
1894972
1442582
1686468
1673633
1543380
1562174
1757288
1620862
1551400
1703320
1582697
1761416