1785254
1415125
1585419
1641218
1618040
1611743
1816932
1656799
1735889
1533747
1715586
1618600
1773036
1656268
1556002
1657052
1755652
1597103
1537791
1594093
1692236
1607631
1605334
1647704
1753873
1573421
1562459
1661863
1667975
1784259
1678670
1450567
1553902
1541521
1525870
1699005
1546105
1730436
1633145
1686135
1613935
1559733
1700901
1725957
1676289
1461501
1665836
1676502
1650796
1665901
1684559
1578856
1732350
1660418
1592909
1640762
1623000
1811892
1512160
1630407
1695302
1711736
1734333
1712010
1599618
1634130
1788323
1708539
1787847
1700419
1635921
1675169
1662036
1600568
1786506
1522418
1556836
1723705
1642240
1589603
1707303
1536062
1644398
1547119
1446133
1727300
1487510
1658028
1710312
1670977
1774120
1483637
1682509
1570877
1508088
1735000
1592680
1559852
1846443
1667795