1639756
1497927
1728948
1625868
1510307
1615776
1667994
1682697
1551544
1542412
1645255
1594649
1794156
1468501
1805507
1664407
1608131
1608006
1657343
1521574
1619649
1690254
1531383
1613700
1499218
1467872
1646367
1551481
1649279
1617921
1797903
1763521
1549372
1595568
1505834
1644945
1673106
1518254
1669109
1572637
1571183
1592227
1731305
1709232
1624531
1604700
1499261
1396865
1553339
1628309
1749309
1532874
1809707
1578753
1687697
1604291
1595154
1689951
1588486
1604794
1662320
1809518
1761290
1428434
1578826
1578976
1617450
1705306
1513104
1826436
1717977
1524101
1824822
1764876
1463429
1528719
1639504
1728301
1731783
1706425
1322443
1713578
1650687
1568059
1610402
1527872
1628606
1606229
1629154
1722540
1896557
1640509
1662320
1512353
1738141
1554740
1627734
1577194
1602997
1706606