1733931
1657190
1675415
1675852
1776786
1645515
1602975
1775357
1582333
1654977
1592973
1585044
1400551
1499544
1571163
1575607
1680854
1548933
1556234
1520173
1613887
1630907
1676166
1493693
1539993
1571971
1562074
1561617
1622120
1836314
1675264
1632493
1600045
1379502
1455865
1539856
1625937
1662596
1567414
1550129
1559904
1687767
1553971
1625349
1739979
1717480
1625970
1570651
1523998
1521388
1398643
1804249
1534145
1637917
1612326
1604431
1805632
1621180
1625738
1616242
1606417
1695753
1529503
1672437
1681841
1626172
1703789
1432473
1715100
1486981
1589460
1578534
1785418
1875765
1703399
1669190
1565249
1504637
1557654
1728709
1647342
1542046
1576419
1739092
1660631
1729739
1474000
1787570
1728381
1709899
1712964
1689747
1534281
1369166
1685584
1628615
1780681
1543188
1696231
1646582