1582466
1670928
1573868
1624207
1567192
1556284
1798035
1562892
1522727
1612186
1618763
1613880
1663847
1832416
1651606
1579850
1462680
1660627
1826794
1819267
1631151
1481245
1536717
1558815
1647035
1554580
1585590
1695059
1572514
1836508
1453345
1697895
1579118
1667268
1638537
1560202
1767449
1655545
1708653
1519363
1790355
1859905
1659973
1582086
1688554
1542997
1409682
1573580
1677577
1645551
1762505
1448876
1574395
1755327
1641838
1735092
1501874
1598115
1612277
1516366
1643049
1479988
1733347
1563027
1503849
1550150
1674152
1661143
1633374
1653379
1712857
1710143
1739790
1641397
1671628
1575461
1493112
1684108
1686811
1563561
1688451
1597904
1668149
1848598
1641036
1713972
1610138
1833374
1627312
1616760
1673921
1836934
1689018
1667673
1777713
1505293
1715048
1743503
1678684
1728355