1717670
1577198
1529104
1705294
1726709
1624848
1731978
1601293
1688542
1663454
1671048
1557956
1664234
1637541
1754880
1570339
1553794
1785235
1501923
1722356
1767987
1507822
1621308
1678822
1770097
1581548
1506051
1619389
1599672
1716430
1543210
1435701
1528452
1588430
1590198
1829125
1618007
1740577
1482668
1541870
1637801
1633296
1771772
1698733
1507568
1561292
1610653
1858558
1772467
1818006
1621650
1537937
1653343
1630630
1651679
1636654
1684612
1568579
1640563
1701523
1731720
1528214
1702994
1613939
1761274
1699563
1522288
1639054
1726288
1697916
1775824
1721248
1680895
1694337
1693813
1566055
1567368
1580089
1467712
1475740
1756776
1671133
1644112
1513724
1689115
1610411
1568139
1455428
1593628
1498334
1660914
1787698
1718761
1647022
1699203
1726338
1660413
1744740
1716536
1657311