1774952
1633590
1618647
1641422
1505984
1618794
1765778
1655560
1520754
1593680
1533708
1735337
1728998
1634075
1679406
1622127
1699248
1699858
1725688
1621267
1625397
1716817
1615969
1602642
1687813
1855290
1665134
1737962
1676436
1661683
1592860
1632399
1597019
1746110
1686873
1782797
1753040
1439439
1574191
1660688
1779073
1726062
1449878
1629276
1541854
1655770
1831302
1780139
1549927
1735232
1575681
1687476
1692054
1519582
1599232
1636926
1581285
1431040
1649530
1626109
1587150
1464526
1796472
1544884
1443034
1597333
1727728
1683219
1802610
1772675
1617107
1764580
1634851
1555678
1518380
1322710
1844833
1525980
1512691
1684141
1652904
1721278
1397274
1757477
1724020
1653694
1521062
1785333
1660999
1636881
1654172
1656798
1659289
1557248
1692396
1808541
1638624
1545660
1640845
1733870