1627375
1582500
1535575
1513673
1588836
1672227
1636776
1665783
1676688
1617976
1619474
1795189
1727468
1528849
1823371
1627394
1662468
1692912
1845530
1582935
1504070
1610529
1703604
1712420
1785388
1583567
1557324
1680188
1567810
1650487
1462771
1567054
1734139
1733796
1585309
1624593
1531598
1787449
1724474
1701707
1537340
1682238
1625299
1686963
1741501
1746419
1584483
1819913
1530835
1536917
1680350
1757184
1769459
1690718
1559875
1768539
1636771
1778564
1601945
1508056
1625688
1697601
1655761
1603379
1560211
1655006
1843689
1542177
1660353
1463442
1561814
1654631
1641081
1507735
1724577
1720761
1547800
1647140
1733695
1543889
1641771
1526653
1690030
1720701
1564466
1707483
1525225
1527648
1631910
1684605
1607917
1657158
1638647
1672600
1580470
1546982
1693358
1475178
1686074
1657598