100 100
13656 26668 22937 25354 31551 27636 10502 21166 18382 5142 26228 23336 17743 19203 22174 25113 26482 2042 23767 8791 3907 13099 24221 20789 11096 5405 1392 10500 10319 21837 21221 31961 17784 19480 15094 14737 8654 11226 14492 30739 5420 17752 4256 1237 10685 27483 13997 162 18869 14750 2219 32410 30014 17130 21576 17274 5301 27264 23255 2589 15127 27831 18270 28995 27830 23270 19178 30354 15921 3716 21286 8922 24482 22414 3884 19357 26649 27177 13979 3535 30026 20361 18154 26074 29570 24081 11004 2277 8672 31932 244 25430 9921 13755 29258 24725 18556 23648 21023 24595
7760 19002 30157 31628 19866 30594 31683 649 10059 29365 29840 20264 14746 31619 8765 22559 10742 17640 16864 9215 27455 8857 4974 438 9269 9633 5073 10840 23089 27724 7482 12319 13331 10564 25017 24240 27003 9722 29707 28831 12860 17479 21171 15926 18957 17236 10572 18802 23682 19383 15389 19279 27963 1758 12782 9797 4188 17841 12314 25107 1852 31347 31974 5307 5474 2537 7185 23758 8621 14271 6572 20713 30674 12839 30508 2176 15884 195 28350 8666 29454 23237 218 26973 2109 10325 27 1548 27676 13107 3918 20302 6407 19101 17865 12273 31781 24179 28158 14958
18584 21913 4687 21103 2806 9117 19492 3982 4349 24985 2363 15712 31106 28251 15168 7346 171 22980 9630 18962 23646 8046 15764 28050 15609 29841 20619 6088 17988 11560 25767 28697 5284 31823 1948 6200 8849 5104 32707 26857 8777 26526 4973 27659 8134 5825 23159 14293 32494 16884 19998 3936 10763 20395 2837 27749 1146 25625 31189 22089 30119 4177 20789 10838 8249 31915 10042 14668 6537 4713 1072 24088 13657 26778 11257 29155 14787 30783 4518 16718 3951 23469 10564 26364 16905 7474 3064 12114 25842 22779 8783 27002 12342 13877 18639 18862 27071 31603 8914 16563
28360 16976 3988 27811 29076 3669 30090 1776 16223 19229 22517 29606 8853 30134 27320 22000 13634 30027 6246 19934 14281 26368 11936 17253 16346 24862 9374 25256 21406 29040 12299 11637 17716 23277 7190 17939 25185 22166 5830 22331 19587 23458 26765 15716 3271 13017 18977 21828 14492 22846 19591 5011 14952 30192 1904 18962 4729 26450 457 15820 9278 11114 2190 29339 25527 10119 26591 20463 30506 4903 14933 715 8472 2583 17046 16656 1647 2524 807 20990 9473 24146 2178 32760 3637 16787 6505 22407 14844 13082 16761 22434 1543 18985 27138 30509 13624 1895 29974 9151
854 27086 3808 7592 8452 19140 10551 21811 11252 17800 21875 11560 30552 11728 28800 18069 14489 22961 21809 14798 27724 17086 2262 24755 1890 17012 5648 5681 18590 28118 2532 3852 15949 21588 18191 12251 21553 9713 9113 1108 32190 1189 1197 15305 20617 1280 27816 20211 8957 8721 12144 13039 847 10374 16647 15750 6837 23828 21088 7857 20691 25114 12401 4956 17270 8321 6537 13675 26245 14310 31972 3323 24629 14843 22653 18154 30075 13610 10531 13465 6855 21116 8399 30960 31983 2746 5941 1699 5737 14034 26777 21428 9406 32635 14052 26170 4667 28700 16631 7776
10218 12522 17471 25008 7105 11345 7305 2962 20248 9110 5656 18191 20833 30394 9717 13787 31507 9121 31879 2195 13543 16500 9827 27715 16199 30019 12133 28971 3587 14575 31744 20163 3143 21831 19666 10492 23754 30321 8316 15049 27207 18828 26544 2526 23601 28307 16268 1975 17315 16772 9766 17373 5270 16066 23912 4965 16214 1720 28702 20921 32311 17600 3405 7835 11139 32067 11718 15718 13240 1825 14332 31127 30704 13395 5651 13453 13473 28111 29241 141 16518 18091 3385 27913 14301 19078 25421 26658 26579 2852 4916 22891 3645 12632 15237 23024 16776 5415 16963 11639
5363 8490 15025 24837 19707 1332 23912 12964 14359 31797 18086 9828 32678 10590 28393 27808 1318 20614 4541 32130 8102 28109 30418 3529 19838 28799 20817 16586 11837 7483 10608 15285 22755 23380 1093 32282 25169 29047 15831 9132 10237 30094 18811 29508 13034 29669 19550 24361 18136 4491 18014 23182 29112 11772 15646 10332 12130 18428 7513 1842 30090 10694 18038 24234 15344 8294 29789 20959 21720 16996 31626 23340 10682 2466 2911 21814 12346 17543 27327 5420 11098 8797 25304 31309 3311 24312 19520 5803 2898 20889 29252 21807 16215 25362 16509 16606 24195 12074 28324 20826
25977 21826 7846 24748 18102 15417 8443 11840 29054 19854 21300 4913 17686 27588 19668 19400 17460 10251 20065 31295 7348 31516 9915 18122 22412 1381 684 16600 17666 6758 23231 26005 31005 7003 29526 28596 27737 25883 8951 21613 5278 21824 21223 4545 2675 10888 28154 12805 3696 17531 12713 10398 753 1614 5477 27658 11794 24840 15403 28960 22487 18659 9305 27544 6314 6645 2496 30669 27659 12303 11770 4546 23427 13798 31485 32099 21977 28528 13297 1038 1673 913 10303 11090 16754 2295 7403 18679 22223 23107 24611 6206 25448 30057 15128 13417 28938 27225 13836 7294
31540 7391 25260 9289 11283 24007 8353 30368 26032 8006 4194 3307 27497 18581 10316 16355 16286 27871 8180 21913 2476 26973 9660 12474 6175 11968 4772 1298 21283 14799 4195 13648 13116 32593 26039 15881 4151 20269 23801 20991 23649 29392 30964 2978 8182 2767 27639 22487 18652 28621 1321 32249 8849 6816 2077 26909 2659 22447 8870 5787 13279 18846 29933 19914 4491 32558 24512 1290 13784 8286 3373 6152 16466 30423 26448 13117 11034 21894 29033 6328 3222 9099 14129 8734 8551 3666 18031 9199 12955 9983 26310 5642 11300 28432 977 9588 30601 6205 32114 4949
28380 31651 21094 1347 31724 3106 22813 10947 14267 18436 31433 23565 7731 28127 9398 5648 10772 30908 25561 30646 27953 10104 24235 9321 30940 4971 8504 12246 10911 6728 28530 30449 12589 8004 4556 2617 23959 26491 20484 3389 5315 5519 3648 12127 29979 2194 16477 8664 1154 8742 10116 12028 31372 14306 3582 22207 31470 13304 30025 5241 21555 10517 27243 12774 5809 23945 29830 19313 6076 4520 20909 27058 13593 1392 30198 21557 27829 364 208 381 7319 26327 7319 18504 32532 2821 31846 13845 14146 25087 27693 12004 431 15470 9987 14909 23890 7354 26557 8563
16577 26482 26559 17194 12197 29423 16402 16407 17515 14900 24759 25863 573 14105 4667 30243 817 10153 13708 16242 22208 17096 13835 3743 9337 8217 25058 31229 26358 22302 7320 6344 21264 6561 8163 4270 16207 19795 16061 7309 8100 26804 24249 28799 26971 5938 7064 7956 29515 26773 18711 25566 9808 3994 18188 30515 4603 29662 23473 20270 14727 6910 2112 29175 11535 11517 3008 15684 17151 6118 2078 18208 1481 5810 32127 15340 10713 8043 4053 23971 8138 31890 19120 2146 5850 5567 22360 24615 923 11143 22808 3032 32492 2722 25564 8584 4392 31309 16639 10231
15773 27118 30302 20823 25152 8695 17329 21334 16286 31756 2587 88 15638 26216 20991 1540 15686 13949 25366 29955 5827 3802 8894 30212 1293 23634 11413 20484 9666 11867 22855 9164 22033 28340 10148 187 1138 15435 15350 14021 19092 27997 27025 2492 25495 31967 31403 10702 21116 26397 10862 5456 19674 14753 1356 18362 15826 23126 9107 23026 30020 18925 29249 30669 22339 25984 32281 20179 8135 27509 29942 23106 3746 18342 20832 12374 4022 27326 25693 13512 13156 12518 12681 21652 2888 7074 20841 12032 16163 25333 19965 20442 28184 8652 11668 24321 12316 8602 8164 26919
19368 2367 346 9684 29616 29486 10415 24238 8665 11983 12988 23545 24807 12578 16527 31322 7028 30886 23486 19936 17128 26745 29947 30276 25253 24256 12521 2160 29570 2633 30511 12607 891 17263 30666 30084 1447 27710 6823 13133 24170 7128 3441 18537 32747 6423 25512 551 10952 26740 31987 14945 9993 28968 9655 17849 2387 32145 9704 5923 22622 6870 12831 15524 9897 7118 29421 6489 29805 17182 5744 186 28111 22690 8227 5920 22873 11791 27386 7045 19115 22230 4527 32395 28014 5963 12630 27328 31882 20230 14904 8737 14745 25225 17118 21725 30875 26660 4460 21851
5099 7190 20273 19837 23666 24565 6779 22823 23066 18768 27312 10747 28805 914 31386 6247 15360 2345 11523 17890 15026 30696 8066 13426 5657 1194 24468 30578 8376 21049 30190 24978 23561 12142 15378 21535 6841 153 12321 4997 4884 22562 15088 17682 30143 625 7261 31228 23717 2316 29156 27558 9779 28927 2925 19743 4296 14465 616 21995 10855 22484 18204 27143 26800 18797 6204 807 32014 23893 6332 16194 14641 23503 30690 14416 6079 15163 24480 2387 15686 27962 7457 9364 1398 1811 14242 24367 28813 18774 27011 21969 1298 19135 12190 3777 31174 19036 25303 32029
15320 27890 4084 18791 9560 27038 432 832 30702 27064 12554 8306 28620 8188 4067 27956 737 23276 25032 20906 8271 5744 5901 4268 1056 20672 24091 25544 29492 9859 24330 6282 29566 31289 21875 4858 21617 10966 31871 22887 7092 7599 324 3427 10781 8090 28498 30223 11485 24913 19336 32665 12024 4888 20781 21506 24313 25504 1340 28965 23779 26154 5118 24565 9322 9199 11486 28934 26467 23744 20602 8783 27770 15082 17654 4654 17955 32348 9365 9132 30163 25356 14986 14339 20335 18070 8715 8541 12549 20774 23464 13023 25274 9625 19675 4582 13059 23775 24032 11408
8984 20644 10694 31103 14246 31023 29895 25817 16836 25226 23765 3731 13353 31971 30837 15856 22684 19506 22480 11844 31147 15132 7175 6398 21664 5399 6344 8421 26545 27600 13343 674 28791 27594 30862 11903 11938 25671 3423 12142 16106 1643 2361 845 8777 8095 21234 18536 17767 21300 1188 25664 7254 5960 1283 1931 9855 30958 19181 13179 28380 27529 32579 9283 23656 10105 28920 17624 26324 23546 3943 4084 892 14408 24298 609 24217 4104 7080 628 13496 7907 32430 24792 24683 12148 22850 22156 28734 10596 31347 9263 22764 19155 4853 13948 6099 4346 2860 29713
22950 5135 32647 6260 31074 23145 22287 16471 27523 26341 10304 2843 26999 1672 24599 30100 29011 8550 24428 21004 28101 4802 642 394 6729 19574 18141 21076 30624 18838 851 10162 25727 5200 26214 20213 11908 25366 11985 9656 12141 4352 21089 30054 19084 30059 1798 10236 24182 24295 25130 14864 32508 13648 577 3603 2908 1850 30370 1235 29880 1682 22933 32579 18630 14467 20653 11647 21706 23703 26456 20235 29889 20255 30644 18523 25311 27348 5540 12697 6972 11710 12324 17058 10187 9557 23769 16466 26763 26087 492 20225 11265 4409 21017 20045 11237 12401 20227 8730
16924 25907 17867 3288 27110 13835 31200 32517 24921 31243 29209 32754 32526 10165 7169 5065 4122 2843 14706 17103 21055 10052 19557 9703 24164 18130 29960 7256 5955 32738 30225 3791 28770 12084 21330 25512 8516 11916 16014 2153 6368 19031 18060 13455 17746 14994 31849 18830 977 8936 818 29715 19681 24090 15795 29324 28873 6308 3721 9450 30792 32414 24191 18853 32132 224 23831 3073 4419 30057 12134 18321 93 5890 293 9465 3442 10270 11270 29687 29400 15621 26948 26277 16599 28977 16766 4600 27673 3064 11973 22413 8284 22636 9460 7333 11114 13440 29759 29294
5195 7020 14863 4996 12985 12114 21518 23223 23252 1569 2429 5903 28951 15802 24270 24845 31371 6993 18287 21812 32058 14870 10724 22472 17639 3349 27160 17878 24572 14427 28149 14196 26820 1371 20530 14154 28378 30352 13676 4945 5346 15971 30585 10971 13942 7502 6905 24020 10851 27458 17197 327 29974 20550 6157 32035 32593 28770 21140 30528 9507 3771 25439 12189 12566 27647 26486 29164 6058 25603 24426 16464 1794 3755 23712 7013 7902 26635 6380 2945 25801 17355 11361 20281 18580 4048 21864 21287 19714 10776 1808 22251 10437 19942 12709 25456 29609 23584 31108 30321
13328 757 20525 1851 24734 2242 9114 18612 10805 15927 6096 19612 8740 23478 32435 27667 4251 19963 542 6491 3939 13826 13363 32480 15563 8229 31216 3957 6886 13958 1027 27617 28403 29356 18912 16794 13597 4721 15120 1744 31845 21531 6860 14253 16092 15817 14794 30940 2581 29713 599 17224 3034 25575 2726 32038 22302 17344 8552 9269 30003 12280 2204 27972 5949 26225 21161 31990 31719 25982 5546 7618 23892 29183 26889 5949 31577 18637 24911 2716 5609 32600 32314 30836 27600 22414 16145 21445 4516 2815 20788 17975 13561 20799 3319 2467 8149 9612 13488 31445
4196 4017 10767 18833 14572 29738 3502 27091 31746 12169 31977 10843 14591 281 25072 5225 15534 2240 2586 30918 10823 23594 30333 19971 28833 30499 6843 17413 8099 2885 32286 12482 12796 29396 29416 14917 7955 19174 22500 25080 18753 30919 6209 21794 7231 7835 23968 9903 28634 17221 10348 22064 750 12680 17002 18466 8849 21100 16273 4979 20879 1764 283 18498 1047 17581 28380 5095 17331 31353 23251 26163 20349 32589 17151 31736 3217 4392 25971 29388 23230 9957 23213 18955 8577 6498 10788 29979 10547 26594 3360 25332 5249 7088 21454 7903 3613 3846 8340 28285
32435 6956 28066 4364 24351 29156 4298 998 31453 9734 12689 28746 14016 10088 25990 9823 12263 13824 26322 18806 18158 4173 6417 4496 27489 24818 20576 17952 15222 12197 3767 22034 19451 22855 11130 12555 11405 21332 6474 17907 31755 15998 15905 19121 8522 3221 4510 12597 31754 15786 30109 28092 8745 30836 32011 29263 32023 499 5369 909 23434 22610 17390 19115 19315 29970 29570 18617 20528 31333 30760 3879 18691 20440 19276 24967 7107 29237 11166 9364 30673 31400 6061 15988 17742 8480 22199 19514 5259 15864 959 20655 8641 3799 20193 16466 16643 17109 26851 3741
18032 4575 19724 8330 16045 25436 23865 18518 2963 18448 1069 11909 14628 19265 21033 19494 7876 24345 18364 23128 8358 26700 17117 23309 9604 11515 16951 7950 5267 10967 29380 27968 28598 6281 15261 12069 24049 5714 15377 18085 14881 20974 28660 28943 31211 8639 28217 23387 243 23335 30148 19378 13390 26678 15481 1072 25145 24709 13465 17128 21003 10593 15438 808 4200 24876 27524 25599 19384 6657 29691 22525 21719 10135 18330 570 6158 1128 30983 25753 8771 4626 2676 17230 1644 14589 7868 24990 14154 11070 16558 31718 10579 20155 13480 8927 20720 4752 2153 23584
20712 13234 21792 11237 27932 13522 26568 27662 5494 3461 17336 5227 7452 21665 13174 22582 29161 27114 23501 15585 26653 25326 1311 3603 28243 16173 3836 21229 15796 10109 16882 10385 23147 15533 29607 9701 30808 14697 12582 11412 6153 27485 25463 19286 28646 18334 8818 5490 30123 7749 10708 4993 7196 12637 9363 12660 6388 13055 17007 19928 18206 28347 19402 20057 31015 8762 10169 23941 20468 18722 2139 13779 27056 24634 12650 7652 32009 25551 3343 31240 13468 3414 763 5892 24237 5202 17843 4627 17692 30328 2603 554 16788 2833 23959 18048 25094 26017 3454 7758
12630 19398 22032 28115 30804 16994 19129 21660 2797 30204 11510 30978 30115 612 9576 11508 7994 23958 4903 20471 12980 27105 25944 4714 25984 29513 13058 32271 28143 7209 1309 26567 15847 32029 1772 11933 21979 31774 4237 27654 17402 7919 16335 31079 9127 23737 4931 28376 12586 13042 15254 32552 17829 386 5917 21793 20297 29225 2994 22029 6601 28443 12991 28025 31503 27886 2968 17976 14383 2998 10254 5291 13977 21359 1857 22080 19858 3995 4789 10809 19429 3627 29096 10159 1493 17827 9891 21718 32599 9850 11088 9090 1662 7103 32395 5866 21047 32515 22715 30380
31030 882 31331 13074 21808 23619 18676 24212 9803 8787 11750 24734 2771 15628 27654 17811 7982 21132 24338 20497 23058 771 22915 12151 30965 29533 5290 32676 4293 27426 26366 30210 5850 2458 13493 24516 30249 22068 20113 21867 1210 12328 13053 18319 27996 24924 25944 18652 24983 22661 20369 14683 10210 20110 25076 14066 23062 23357 25923 30511 26659 15636 13065 28225 13057 22645 18475 26439 21482 12810 26048 29134 25543 26724 13346 18580 22248 28898 7237 5522 16631 7125 19272 14138 5423 9185 5194 27390 14025 19623 9343 273 28087 21664 15747 32113 5013 15948 27118 18981
3293 13453 24616 24259 25178 3661 1919 310 3807 13671 21366 958 21816 29893 26976 9272 12897 29126 17454 28832 16374 21730 19078 21716 6891 26000 2837 13723 8829 7527 4901 15589 9064 30340 4978 15189 17243 31021 18233 17148 16553 19635 20883 24424 23105 20381 1281 3805 29664 31490 18760 24802 19077 5431 4991 24063 19750 30635 9318 7366 28065 27662 249 10256 32245 25785 22853 6793 28082 5194 20859 4975 31662 10382 24899 26774 12282 11429 15698 14768 12820 22112 32575 18635 20318 17134 32658 15387 17871 26296 5663 11514 9961 13449 13458 10285 26347 16370 3914 873
27719 24301 18539 11285 13142 3776 20782 21330 23115 8228 30076 6969 10598 28327 17852 10595 27498 10063 21225 17071 10832 25216 28903 21567 9277 5407 29463 3524 3250 7416 5929 28924 28162 27741 4657 31353 16138 6416 29693 18339 284 21092 21670 24064 31292 670 102 30643 24463 8097 5545 31043 1040 28363 18791 29854 24453 16410 17840 23902 434 25747 22153 21066 17868 25572 22774 8224 23088 13640 8280 24978 28757 32683 17913 24718 10495 9487 5862 7362 4278 7470 5117 7008 16503 25440 14406 25630 30377 31680 31111 20354 15442 21386 14098 2652 27275 200 2786 29332
9266 9518 12518 12581 6110 30786 30877 13674 7704 15552 29923 30105 1992 9532 24075 6285 12525 27657 23085 27848 11153 8794 8129 20664 5885 31399 9837 28729 30505 4690 23068 31580 8310 32395 1104 14950 2975 8305 24505 8988 9709 1145 2566 21310 29099 20756 18427 5202 2778 2188 20420 19618 25638 8751 3465 392 20504 16048 5698 20201 10892 31690 15565 30720 13926 11046 32061 30045 897 28799 12918 9261 28904 2820 18935 31419 8009 19966 27126 26167 26534 3250 15794 13751 10830 32137 23557 13947 2572 22638 31800 25973 26526 13432 27932 23048 12648 26825 598 19985
23402 29878 27643 26404 4976 13096 11357 9496 1416 23873 8228 6597 17593 8259 19616 19980 11250 19118 26717 30744 19265 21673 20984 26340 13637 18339 26930 18173 16614 18746 32323 9354 4931 19804 19313 20105 1516 13228 11488 32603 15698 21543 2732 28291 892 16135 10549 12203 15099 13287 21434 743 32287 5161 5418 31294 15979 21653 29494 6247 30791 12866 24491 19664 20213 11962 21503 28901 9414 5977 19241 10894 910 7158 3510 22521 26965 14534 1050 26779 19791 30588 836 18289 28943 19381 18293 14988 20983 3732 4433 23500 20211 23977 6455 3820 22119 24856 19662 6334
12389 15607 2784 15288 14628 12791 20844 32176 8109 12615 4598 31460 31960 26549 8226 27197 22135 1047 28289 14037 25297 15593 3499 21174 8274 22839 8590 9957 5504 16574 16645 17567 19761 22350 29613 15330 25339 10098 16884 15151 13293 8275 2930 23695 1916 27354 6013 17364 17600 6677 5111 29217 2017 15068 30315 29356 11212 1716 29528 17603 7210 15859 32717 9997 914 27941 4406 10259 10749 8623 3958 8190 6011 20914 11574 30626 20261 31538 6780 24764 13907 15992 17791 25464 31759 30644 7610 25911 5321 7143 3391 3214 7756 23808 7246 9874 16368 22853 29478 29011
23313 23029 11803 28582 8129 25900 14313 10792 22970 9990 7752 383 2454 30215 5312 30179 7747 30395 6591 2014 25265 8857 29161 5711 29645 13869 28079 23989 21171 19063 11555 31914 26399 7566 22026 8622 1573 20104 28723 17958 20771 4254 23560 6820 243 6540 5987 2153 29029 20279 17571 27689 236 30866 10238 28174 6295 30146 3865 6911 28739 17281 22229 8993 25360 19904 876 24990 26641 21904 7870 4518 840 28226 20709 21684 17105 21965 26383 28179 7261 11377 15501 22432 16098 20378 14887 5073 11409 23559 24499 24822 12553 6955 3046 12735 1994 24532 30313 3839
18156 5642 4143 18095 25105 2618 15879 3126 22936 11156 8557 28136 27155 19889 25510 17356 20475 11641 14092 31650 29603 15684 678 26148 4459 31807 27643 27021 12854 23826 13096 15704 2078 32703 5425 4938 870 17101 10389 20914 13231 28583 26661 17136 18799 1599 24597 24116 19360 27638 12628 3464 21941 448 24345 5393 29138 25987 6847 32657 25404 25281 466 13361 29967 22135 618 6526 8495 2629 22967 27057 9088 19150 24798 7219 19802 15714 7171 2144 11575 14555 16295 9612 24239 9668 8245 3139 5799 10689 16343 7381 16325 8746 28302 28434 15143 12794 12418 28499
6484 26344 24215 19642 24434 14803 13632 7354 11450 28259 17816 22489 21546 5614 31919 5044 15993 14744 13601 7748 10320 28607 1774 24161 4279 24726 18821 7556 27598 32271 31778 7889 28093 29439 2138 10069 493 3453 4853 23436 17017 10378 20219 5670 991 22776 1809 7178 18684 24964 20742 20892 13111 12870 8106 21819 17148 30539 9951 8974 31852 31360 17906 9729 17490 23761 27691 23050 2393 27283 11170 25521 3453 3871 28245 16591 25536 11200 376 30358 30238 21968 27404 24785 10178 16413 15795 1645 26490 21394 24259 5945 18025 15123 29337 30442 26364 26280 25392 31074
22559 18910 13554 13362 12464 22890 7629 2397 32563 3088 4746 20319 25032 25283 15962 14957 23131 15374 6322 27391 13083 30386 3417 17804 1837 10129 27328 30612 17313 26314 2705 19940 13477 30758 26762 16406 29432 21171 7052 21847 17826 19374 25839 18029 19427 26790 18969 248 873 7391 27727 28663 32453 30197 4810 11663 24608 31681 6926 520 27690 18304 17271 21529 18772 5682 1045 28261 16191 23105 27066 15941 2676 4195 10064 28616 6229 23489 20848 2808 16212 11609 30769 30303 18274 31393 4926 714 22186 18285 29740 25677 5760 1810 13066 15495 9364 6348 18745 6695
9324 25437 20094 4527 1297 21495 3157 21369 20232 17500 23432 25335 3715 3140 1 21310 11737 16895 30428 11462 21556 28251 27329 24683 7305 14280 17009 27576 14542 18618 32158 4709 21863 30031 21504 20766 20705 25650 19109 28039 7138 16063 13193 18300 21856 11368 19302 20381 30482 7511 27085 18186 9764 10324 30582 11371 31791 32746 7893 31284 23656 17093 27373 6695 10520 11103 18537 12826 27980 25308 7401 11770 20173 31538 26778 11024 23634 21644 9737 10371 3061 29169 23609 8478 32228 288 5875 29268 22361 6591 14685 13441 18892 30645 24270 26739 6759 13525 15841 7721
15802 17852 16840 30938 23472 15868 19939 13370 20417 8058 24465 3832 31082 14612 583 16011 28890 22663 18911 20526 29679 21392 18226 6953 8032 11346 10984 10323 18492 21752 2703 13013 2451 22171 31723 9776 23154 24422 31373 15746 16405 31736 19367 10245 28761 9 21535 22232 30832 25169 5346 22530 15320 4005 16763 25268 24462 31076 9444 30926 30079 25361 18588 16805 31807 13121 4601 515 1789 19384 18880 21872 8631 11471 16883 3248 17834 26649 3562 21901 29197 9797 165 4055 15614 17478 25953 29608 28861 19378 9833 27884 2328 19048 22063 20513 9510 19830 20123 19548
16696 826 23203 16013 19725 18631 7708 18947 29253 9865 12240 23091 7960 45 6608 29109 10568 31675 13324 27279 7508 25605 3360 2998 3567 2629 21873 6098 30640 27394 121 14658 3339 6707 4191 28512 32384 15015 16331 24838 4882 1188 32248 14417 9467 8143 28939 27556 22174 21579 29347 6128 5053 22309 15025 20531 13036 13808 11402 1599 19270 9644 31290 28861 4702 14573 4635 4721 22137 16697 2727 18112 26874 24497 139 30575 3357 2291 6908 24493 16104 64 10830 84 26207 3546 5315 10604 19192 29872 1441 15601 23374 27453 4743 3797 7449 7086 19200 1609
22878 28483 26201 25657 22755 10487 944 21269 17638 4963 12366 9175 14 17888 10295 23618 2978 17644 1278 31335 19705 463 20190 4462 18226 32126 9223 9107 7461 4799 27190 23919 28568 11150 16008 5753 27575 26047 6032 15052 7614 27366 19879 555 23545 32628 32131 6210 24046 3362 30988 6702 21465 11411 14954 3392 4696 29236 3427 13054 9832 616 25316 24171 26000 12514 733 11913 20060 12113 4178 21019 19725 3907 5040 14511 14479 6979 32605 21724 7083 19269 25234 21449 7806 22597 15981 28142 9258 13098 12610 13599 28875 25328 27699 966 27565 3590 9984 29040
20924 13045 1568 28811 27707 21571 10000 31085 8121 7063 18155 26265 26433 14365 14139 26174 4050 31788 5390 9473 18446 32295 30285 5628 22582 16545 330 31751 5718 9668 8856 6198 27325 12787 21791 8611 30896 25006 12399 27245 16224 5814 12629 22016 18201 24690 28844 1175 11963 9106 15478 22528 11630 25842 18220 13727 23698 15297 24914 10678 24053 12002 29005 20452 12873 402 7545 9451 21461 13132 23671 9654 26986 14057 24516 24474 9625 9484 3216 21980 9763 28093 30413 24691 26545 19796 4742 26640 8645 2201 3954 9052 7921 13353 4809 14720 25927 2844 17238 28139
17168 6372 23502 14671 5057 14968 14176 29677 20778 15027 3213 29971 17649 3574 19002 19427 28223 28949 19203 30037 28601 28529 21203 13184 6578 5217 2737 27157 25758 19415 28381 9260 28618 13888 25372 10051 22603 29611 24912 14211 31797 10798 30283 28998 32269 19333 229 23511 7296 24061 26444 6520 12884 19601 13980 22698 29344 594 24752 27304 13624 21772 3127 9013 26476 806 11018 26007 29938 18634 19133 740 15648 20550 21363 19836 26718 434 10487 1495 12764 30163 25097 1153 31104 4160 2550 17762 12835 1219 8300 14403 32764 19458 19339 31374 7004 19295 28735 24149
19356 13340 9422 25238 3668 24003 12717 190 16078 8133 5272 29547 20923 28257 14817 23158 31012 16071 24585 24625 17571 30334 22925 17389 4562 27139 8450 28096 24836 11955 29540 28549 25139 17386 25772 5923 20026 22381 8864 30227 24644 10501 23023 540 901 20845 29053 13153 2344 28782 4092 17310 31368 1609 8124 29359 23458 31829 17604 29778 29131 8425 31009 27437 25246 6780 17278 5395 16185 5643 15349 3203 20393 13500 21285 17265 12962 31936 3973 6985 9587 20861 13559 15922 2106 14061 2721 7568 29268 25665 13048 14796 27416 27083 18973 5975 6853 28186 15981 1260
1976 18023 5972 5910 13283 28208 7777 31987 11898 8738 7840 4663 28143 8764 11812 21107 1569 24370 13795 4504 3793 5903 11207 7607 20053 9503 13057 11786 31888 2316 5793 17208 12833 26951 21091 23765 22491 5289 7628 10280 10869 18267 11638 3122 9859 14067 7849 14059 28837 10719 16682 4047 3583 7687 13144 13209 233 17070 1140 23887 7655 18841 20801 24702 11483 21364 3789 6343 10873 31601 30606 29338 15868 17970 20144 28994 14103 30697 28078 22050 10287 5566 20512 19774 28871 5745 4564 17149 19516 1600 4895 18221 14514 8715 14197 8519 19022 11702 29240 31220
16038 2511 5582 15825 25717 19568 6390 7535 11156 24935 18012 20127 28965 30101 2667 29420 23569 12692 21346 18280 23990 1949 14250 428 10969 6312 22119 32282 16610 29908 9805 9061 19272 15114 9908 8020 32074 23517 9967 24770 13280 949 6106 29418 29681 28717 7091 7649 6342 13497 18475 28772 18111 12940 20156 5844 30276 18361 32572 9087 11007 31128 22707 11297 11080 7787 7274 24747 19425 19009 5956 32578 9188 795 5457 18827 15609 78 13217 24358 5068 31016 1110 8568 31935 18134 14589 1198 16604 23941 18207 29182 1805 24776 15122 7984 23951 22330 11541 32606
30628 16740 3229 12536 29576 6113 13801 3338 15527 29887 1500 15298 24077 27689 24588 29229 22814 22595 23319 15681 21639 7254 1846 32288 14196 9005 788 31643 1284 7359 21216 11509 3065 16142 11680 8682 16053 3662 13513 11248 18274 28746 18957 11453 11376 3844 30581 11785 6468 20123 7599 9877 7982 23154 23721 4204 668 3471 27231 13417 26766 14913 19441 20217 30794 5382 9464 29218 17745 18091 4378 18629 5521 27061 15324 7968 22492 30464 10936 21654 24217 26022 28016 6835 12986 546 10401 9579 4846 16566 11931 12450 29463 3850 6768 32498 4094 26901 8523 13736
27461 13632 3587 14863 17310 11209 6896 29682 23867 19814 7678 6492 11910 11564 15103 26530 17681 4526 4166 28067 30416 12649 4465 19279 13190 3680 1158 2662 2685 13571 21826 29826 14458 25173 12973 2648 20976 21838 10994 59 23924 20350 14702 25570 29297 2292 31495 20330 12317 7006 31935 19870 8363 10354 22664 21367 23747 16268 5211 29407 815 18072 30596 10938 22743 27186 19008 30759 9455 22796 13193 3331 7535 20112 10545 20400 30659 12487 9774 2068 29124 17786 6965 24036 26344 17047 19850 3106 17845 15829 6166 28132 31100 16283 17082 18520 7235 32031 25571 30213
1283 32203 94 22355 1556 12260 23918 11342 28645 12397 14620 15271 11248 19017 23759 27387 1005 28833 15900 11352 26950 14469 8671 25854 20684 5590 30091 12642 30376 24419 21182 10873 7828 24146 24857 4146 9291 27842 2638 32069 28733 26542 13434 2091 9352 30740 30390 30061 5668 30551 31720 24354 26205 29411 2016 30131 20615 4879 21152 15842 32749 26951 11770 28683 522 26986 10593 23721 10492 4721 10233 31259 29237 2642 7408 32681 17780 12579 25105 12738 8179 28547 23702 17287 32738 17462 25662 29070 9237 21775 8352 14815 29690 1811 20671 21827 9165 25051 12510 21951
26895 16954 29334 3675 21300 8224 31525 10279 7324 27582 23561 2176 1988 17899 14798 27792 7358 6087 5412 24084 23262 19870 10804 25954 12983 14607 23092 7338 23621 24173 21305 2172 23916 12645 27213 22922 21665 1249 23490 31664 23528 12845 26054 5681 6142 15192 28983 24900 18391 27870 15544 29903 26699 17027 15876 29810 16396 4994 11650 15559 26587 18919 28698 30184 8955 10554 21320 12082 7142 26717 20334 26697 22848 8887 17519 11100 32521 25747 25721 7339 12310 22210 16674 9030 9154 19848 11959 3863 17377 16054 29136 24610 26357 25363 27432 4876 31397 1792 13740 5850
12906 20060 27346 20476 3724 28582 300 19594 20301 10849 31037 3533 10339 31933 19595 2817 18604 23667 21237 20825 2590 30449 4679 25924 24061 15543 11276 18671 18768 15361 23972 19467 1429 3750 18070 2256 6580 24384 26919 12866 32562 18829 6443 6067 10151 6677 19739 393 30322 12557 1384 19265 683 3196 15887 24244 13657 15772 7790 29849 6117 19843 23381 15948 26319 21762 32609 23758 15520 19406 3461 18700 26912 21213 12778 4452 18632 32275 29945 4197 12410 24862 9398 214 16752 25503 26703 4858 14707 8330 12788 26387 4941 21711 746 4389 2944 8506 13787 2556
23864 9111 17265 12656 19327 11035 13603 17896 19120 3071 14926 29981 24110 22126 4999 27169 32341 29857 18480 31903 6833 29769 23113 25956 3182 32557 27785 7198 3344 18196 3757 16996 1381 26853 9233 16375 18615 2829 6269 29768 4165 15137 22337 8506 19189 20164 14468 29480 5443 19404 22745 18986 28029 7072 3859 10388 30770 3556 29787 27328 26856 28249 12927 11278 25357 12798 3213 32040 26416 32636 21921 20363 8305 5824 18939 14915 9782 23530 32340 31733 1568 2406 22898 24099 10814 19800 19451 23980 28544 22078 14983 15506 110 4817 19960 24832 18457 10539 7694 9612
4434 26927 27190 32441 9755 15910 21667 6592 859 25510 21408 22672 29910 25016 19749 20243 11611 5177 4264 9651 12095 16769 9013 1309 6411 1091 4545 28484 10866 3252 15804 10665 5510 31984 22501 7387 28715 25753 32098 19769 22987 8129 11024 20735 10571 7434 31512 26497 14142 20235 24771 5553 6233 19702 22159 27623 23591 26232 12930 22754 9214 12001 5310 11786 9778 17285 9302 14583 29064 20834 3680 5687 1262 7683 31563 8524 3945 6052 28275 9717 27726 12438 17395 13999 12213 2533 16570 19578 22315 12601 26850 5088 29351 30202 4157 2868 22976 6583 22832 22040
16668 24521 5572 27201 17452 16435 16122 31103 14102 16845 30303 15607 21747 16290 17889 1459 7739 7574 4577 13918 31613 12364 29065 2632 30804 23622 24928 19889 10902 12366 1051 27459 6606 32533 26039 29408 15085 15387 29892 32158 21564 8142 9732 4880 23957 22262 30260 29640 12499 16720 15914 27929 7815 889 3360 6690 15085 28686 32080 13831 30494 3090 14017 25474 23174 12944 5216 3483 28825 7041 8018 17843 16066 18927 21641 17095 22172 9563 26773 26099 22629 16989 32189 26677 31152 7818 79 5492 25689 21402 7476 14529 446 1483 1735 7644 1580 4480 31720 19450
20632 15406 17739 24005 29328 27768 7446 6821 29809 11673 13484 13630 10713 515 19651 21306 10847 18757 5053 16968 17026 15666 15925 32356 28896 19008 3544 27994 17321 18222 14966 29573 10834 20458 29016 17885 3982 18353 24277 7473 20346 18040 30240 11952 24087 30091 27492 3502 12798 8052 5139 23205 18255 30494 8571 25466 20203 23098 27034 6402 24035 4834 12851 32197 12592 23676 12833 29186 22948 12258 15596 243 25632 6848 19610 4945 21000 9789 24007 11035 30196 4317 20984 3220 2216 24485 19501 30859 2631 2689 15285 23518 17347 18404 2374 6209 31896 15278 6733 19004
14522 3410 7811 12403 4811 10552 23489 6186 1682 12640 27669 29448 16297 24905 8725 31259 16501 26897 1907 541 30043 989 10706 25846 2097 19835 10712 9345 2035 6982 16517 10899 14520 23626 11971 19002 8164 17577 19262 26178 8350 18494 8821 24830 15493 10367 23826 14661 19614 6568 24694 30906 18065 17174 23961 22352 25110 7920 16913 14350 12970 32013 16240 25360 2438 11538 23763 8399 13265 5083 18104 6818 26901 12317 20752 9348 32240 21065 24470 21527 12044 2995 10334 2281 6224 6387 1201 18934 11352 19339 17432 7279 16419 14027 13751 14266 32524 9202 23516 15034
23292 4502 32216 18000 19677 16966 3086 8482 31058 7789 2633 18587 3493 28025 29779 4915 26881 10813 20675 18416 26081 30356 26134 20268 22472 29256 17921 24730 4403 31026 8966 21124 1483 3234 9286 28246 23776 27649 11158 28256 2067 8372 16852 2264 12882 324 7548 11294 6922 28604 30582 20548 12695 22355 8754 462 1280 11595 5879 2486 23521 31001 28024 22196 2216 10182 29097 3004 19972 11925 19408 22471 26523 16614 28383 31446 2812 7514 16641 7220 29908 13880 12915 22012 22116 14608 13973 6620 14130 14750 21313 21272 7935 1008 14939 27090 7162 22987 8617 2952
31027 8012 19685 23774 14674 15051 32273 30878 10633 11268 16395 24573 8391 7801 16225 16416 16175 31506 9574 12510 16840 15623 10630 20680 15990 3583 19670 25190 23593 28026 29679 20164 23380 26476 21245 12589 673 7722 24595 20535 17379 11146 16322 10240 11595 7494 24553 27062 31456 4258 13518 5213 23593 12623 19566 2764 16940 8078 11282 19193 18845 409 11299 10871 5455 17470 17983 15421 11502 20173 2444 17321 13296 11828 10573 22725 3273 31593 22963 8648 15454 264 28405 17888 8637 25662 29347 32046 22027 21733 9015 25106 18621 2288 4589 26538 27660 1802 21204 6549
1442 1146 29477 2301 30618 23114 10708 2772 5543 21928 30310 11101 23187 26508 8706 31471 4588 30619 22218 6134 18938 24140 16748 6714 8691 19017 28915 17252 18546 5400 26852 6334 15910 19194 6534 19002 12487 27155 12929 2742 591 7372 938 15742 20582 29558 24606 7442 4126 24880 14222 16170 4576 10 23001 6648 423 24682 6368 28333 14187 26543 15510 15678 27617 533 32086 9576 9569 11224 30842 22770 28967 5533 21289 818 15551 26637 32624 18898 25531 27331 22420 19156 17831 4712 935 15316 30783 14876 23898 3725 27103 3096 17938 16031 2106 23954 9022 11408
16207 481 29927 10768 25753 22754 14984 7041 25222 7322 6689 21174 14379 12829 32135 1787 8502 430 6654 3670 31268 6695 5641 15373 13492 9116 16769 2152 28827 25915 5093 26040 3193 25206 25841 26264 17164 21349 4978 6515 10403 31845 3672 15687 7382 10502 29709 13224 1141 20004 15365 21511 24510 5971 7831 1076 4307 25473 12043 14882 26219 29910 23540 19179 16071 22495 18880 11027 22248 17900 15245 1041 6655 1718 32318 17163 1317 5445 2510 1250 29516 3089 19685 878 25973 7272 22185 26635 6948 5391 21207 10068 3857 15404 3090 18990 11297 99 26747 18441
20116 17728 5249 22114 25984 20181 20475 20876 18558 4260 4468 8881 5539 25535 29637 18196 11186 26669 8682 23704 5263 5520 13582 22406 29687 16133 14568 17803 20079 3660 19018 16896 15482 14889 1015 32622 24079 31753 11702 2642 8778 2281 24996 10525 14178 4468 7118 32127 14043 3435 26623 19173 25085 22090 8663 1601 644 21801 31517 4873 17305 18400 15446 20866 5889 24942 29591 25150 31381 18844 1431 17123 12786 16349 21768 10287 18545 25977 29736 14649 28506 29418 5267 4090 3156 23686 10587 8971 3104 10847 28506 31920 19847 1896 20423 25366 14481 19417 20744 21977
22008 1748 2503 1225 31452 19272 19016 9198 23736 17430 28666 16586 8597 21362 5964 31965 16510 16780 8129 20847 17971 15984 13895 16521 21026 15147 22981 5957 24466 24112 3571 9543 12066 5882 12398 3468 25714 5362 9228 5219 11296 9618 18028 3768 32246 15819 25554 22168 20321 12964 7474 26866 18981 25893 29835 4251 23376 25971 29559 17045 11884 20796 8191 3985 26873 29013 13235 20146 14875 23202 18683 26004 4751 5687 29352 20877 6371 5308 29134 22067 11751 28950 32214 29982 5471 17988 21199 4847 5882 7302 31237 28048 11144 12741 213 18366 2663 8495 4543 28101
11070 11810 9149 30603 4078 13899 13267 27600 27334 3855 15592 10420 29943 21033 25044 13690 2375 23957 32186 24971 22281 2733 3736 21694 16716 24723 11804 29910 15955 17870 3258 17485 19269 30008 8955 7760 18470 14871 3352 29706 20486 14218 17607 28453 24952 16167 11605 7566 27462 31458 9717 2681 4451 28208 5720 26790 15905 4717 10621 12770 21412 4731 10955 24528 4503 27053 14685 8681 797 27107 17821 13506 2315 27894 3348 16013 21588 13654 2176 21731 25797 16881 39 4033 24562 6487 14956 19920 21616 20508 30880 3561 15684 20094 13850 472 22940 6472 23946 15968
11453 8695 26762 11392 14909 25114 7542 8181 21106 17919 24446 14080 810 10891 17657 26473 156 29290 26620 23748 6815 30313 9516 3059 4634 21791 15568 8172 25276 26067 2603 9149 21741 21146 17672 3533 27652 7616 406 4196 1210 5737 25206 21357 14302 120 12563 31611 21835 29616 20530 8715 2840 13849 15562 8969 3342 5542 4373 25493 20575 1300 15847 30214 12180 21 28223 16175 2760 31406 18715 226 14356 24542 1425 28083 22602 25472 1308 10750 25574 11122 26676 24108 1089 5111 20769 15921 3336 4954 18704 10841 10733 213 31591 19781 5276 17072 15190 23344
26353 10157 1966 22136 23912 28580 247 32089 7637 18283 1469 17659 22101 15352 26922 1455 18564 26826 30682 15477 5360 25989 16106 1475 23246 14044 18770 13697 32748 18099 18293 12376 13543 10117 21751 27180 2462 9988 20687 11751 9702 29696 31645 4729 31360 23434 20541 16669 32328 24921 19100 28893 19374 14189 4298 15192 12906 22769 12881 11971 4460 19558 29126 16686 3346 20734 19613 2312 30110 31558 13633 24294 29159 1288 13157 19584 16975 21616 24212 27900 12276 32365 26384 8816 31787 18522 8409 17570 25642 27870 17676 11538 3332 10257 23918 17466 27611 20192 3657 29716
32336 30130 12919 9181 26431 27212 32188 8473 17322 1265 6489 6615 19442 5326 28381 3126 5453 27542 5439 20264 1908 19562 5162 6262 23196 16891 29080 9220 12712 8178 15778 24663 9373 13200 4246 17492 20310 26513 12107 12874 14457 24407 18865 3123 9385 19780 1964 23863 10749 2152 22563 15474 6065 9564 13908 19703 1564 5741 22890 32533 8930 5885 593 30425 3435 26151 23497 15315 22420 5282 8377 5661 32420 27112 31942 15514 28801 9367 23333 14460 28964 6679 6061 8713 29770 31101 17969 6814 16236 13743 1036 10228 26610 23241 2045 21666 420 21184 25654 14819
4449 23878 11951 22170 6163 16109 960 22419 18914 27534 5871 13580 17832 12268 17927 18804 24741 7829 25194 17778 23157 17417 9383 9513 3390 26142 32335 2747 28206 21155 15877 8715 29221 324 14805 29128 10926 3245 29639 15783 12084 18163 27827 24047 9843 27951 6486 12347 1068 15980 11686 1403 20253 31171 12899 12605 816 1988 6383 7723 25587 21272 16735 3028 21320 5221 9938 22959 94 5490 9729 860 735 12172 4632 12846 13931 2344 3013 2023 27206 22217 20110 1730 14669 8996 26727 15031 7727 25218 3972 2042 6105 21863 2668 17093 29234 32369 24143 29783
1801 12162 14233 28989 2891 29218 16583 9424 15482 20254 23417 13823 602 14709 28617 26958 22766 8309 17884 25631 5794 27938 7606 13616 25290 28375 31059 18022 28747 31536 19699 7113 20632 17702 2485 975 29409 12156 13927 7389 9095 7771 2717 21515 8146 3129 16384 16680 4582 26111 3561 1022 2291 29290 815 1750 16813 18609 12861 19007 21244 6761 25447 7692 4852 21670 16766 27548 18439 23652 13473 30046 31353 27173 24407 12179 31253 18651 29147 5718 27679 31751 18359 9434 30089 4387 916 20980 21865 8254 7505 13785 939 16358 5714 15656 10243 28746 18459 3371
32038 16800 285 32090 29754 14789 25551 18976 11403 15651 15361 25826 4991 32472 15982 1342 16588 15381 26256 24464 25320 18115 26296 9403 20418 9069 24157 12070 3503 15962 19124 260 26791 31737 25986 30681 26545 10371 26159 22841 13980 2779 22811 7379 22512 7865 309 6063 13092 14855 30665 27828 21265 8587 32409 26221 26791 20679 14384 7693 26079 31005 14963 5040 17648 31799 12153 7139 20422 26022 30876 18023 31664 10185 2000 8754 11609 8177 25396 695 30969 9666 1767 10855 13004 10717 6429 32376 25540 10172 9330 10213 30331 28380 19582 17846 12395 1826 12457 5249
19297 13432 28992 12081 17199 23991 2761 19718 11169 23241 31636 8413 8883 28175 26515 15794 13057 27904 11883 9315 14975 23571 10187 24246 10602 479 31229 19358 11647 13697 16059 186 7530 27711 27203 25887 14465 19051 10414 26967 3762 15241 9597 169 9402 21940 29045 16283 10392 3133 31405 17334 19010 30102 19173 18569 3222 10350 25 3569 8851 29726 13142 29591 11465 30788 16845 28089 27406 24493 11302 14126 13939 17017 22 25764 22391 29561 52 15661 3194 15580 32264 31738 21620 20491 6757 24421 20966 27857 24569 10549 23057 959 27683 29726 1127 22479 6660 648
20031 25415 25561 27282 9932 992 28296 17237 30544 12840 29560 14189 31629 18469 31910 8374 32380 6971 9974 4435 20290 27983 24263 28149 608 31021 19145 32089 21290 7719 22803 4371 14714 28415 8816 11147 1957 10248 6138 18245 9390 20615 12011 9061 14010 2911 32431 14706 20932 23278 1342 16474 32402 23602 1448 24758 11752 15664 13553 32336 27643 29334 10528 15074 26664 28831 16019 5665 9446 27447 26517 20218 25594 24928 6707 27164 8938 30676 20555 438 15283 26347 19941 17026 32190 32704 8646 14850 21265 3215 5187 23050 17859 4194 30804 21886 31154 10733 4841 14941
28280 7606 3201 27902 7578 19321 8440 26778 18691 4810 416 26891 3505 27388 7572 25043 3759 12866 17481 26208 19523 30740 22118 26511 31592 18132 30934 27246 29054 12466 32283 7238 30785 9165 31205 26585 7672 18842 13027 28648 21998 30090 26329 4856 32038 26343 5363 23638 5963 25087 16985 1625 22502 25733 27907 29159 19412 31028 8399 14138 14070 28341 25296 13284 31274 30147 26345 14865 5498 27277 17307 17677 6804 19804 6172 22278 9082 11893 22697 25618 8571 4417 13596 28276 6242 2731 19905 14363 6637 7882 10854 11627 5505 8640 10161 27968 20507 8162 20151 4656
6282 4377 19145 8465 3036 23431 29073 16571 32278 26990 4447 7951 23336 22094 31165 10041 5151 30542 29257 27953 27805 17117 5060 29320 15494 23449 14182 10337 31229 17008 28788 21182 8079 29701 17429 12541 17069 30037 4962 4002 28256 5018 27580 10070 5688 23408 12642 27952 13702 2870 22594 14388 28362 1207 7952 24601 16239 521 150 14672 7094 4534 20299 4673 1777 7706 12070 5592 31729 1036 25012 14144 14785 31937 6249 2798 18581 24300 16692 12514 19197 31530 341 13353 28510 6046 21107 935 5539 20184 30185 26643 32048 22012 12898 6979 3863 28192 4005 25770
6287 1269 1202 24351 2466 18602 19469 19423 3109 13069 21082 5846 1773 20468 29482 28698 24896 17115 30741 7865 6794 20430 3593 28852 2641 27530 9441 27723 23659 5855 27961 9851 7535 2392 26753 25286 27497 28446 16209 24626 7890 15898 20988 30612 32703 26202 14184 28430 23384 25014 7709 9943 3468 26291 17307 826 21251 17063 30193 14306 30548 7966 21387 22612 13177 13949 15692 20925 20608 15333 11997 12782 25218 31322 28996 24485 12249 28453 23480 10254 6286 25462 5811 17801 4625 18766 5450 17326 2861 24476 14522 25742 19514 24999 21059 27452 10133 17835 30521 28557
3661 20167 23384 7963 23839 30230 9560 3984 30117 28445 29121 1569 30666 19301 30721 22616 12161 360 1467 18967 2743 23218 17507 3290 11141 3392 32008 17468 27307 1068 20080 13245 24122 7052 2410 31170 14480 21399 10080 31709 5001 16137 3884 26703 31732 12489 7212 28875 20804 27849 7065 8829 19848 24622 13332 32587 18846 9394 27522 15451 4515 21318 16154 18901 23981 27131 444 2026 17085 18722 29829 19733 12271 2994 19872 8608 19444 16107 8543 21611 18114 15673 24970 19689 29578 12379 26359 15979 16107 32452 14682 8353 21861 10306 2399 4445 3600 21981 4342 923
28046 8450 19950 24511 21822 21985 19142 31005 12978 13587 27072 31934 17252 30848 26166 15713 16548 8064 49 193 2005 17984 1592 12822 4825 3176 12646 7646 21706 20218 1984 6877 20203 14717 14533 17507 29150 29276 10310 10701 7959 26249 7031 5966 24208 30821 15431 23536 7358 5604 26349 12501 1221 31212 30147 9667 19176 7423 32600 14048 31555 6426 15040 28601 8380 1245 32303 16265 22583 2539 3015 25273 9225 14996 8365 1443 5039 27314 31330 1179 5057 4048 18001 27952 31265 27794 12196 9391 8824 2897 32604 22505 12003 19461 673 6198 16617 2408 11094 18874
16049 6488 7921 18151 30833 11389 10122 23875 16938 20781 15153 1900 21907 7564 3461 2137 4178 17656 24451 19426 25202 7332 411 12419 274 21378 15369 7773 12634 24935 4450 3965 16308 29034 3949 28001 30520 19341 8757 26552 11623 415 7516 10346 13853 25440 28594 2264 21441 32231 13574 11365 30655 10817 6717 9269 26424 28507 18337 53 6136 15137 17787 29019 22952 14056 3811 24879 8004 15113 18135 8842 31952 9679 17291 8093 11591 6548 25600 10550 13525 26150 25560 19263 29509 8560 8553 19079 15037 13142 2576 12230 16041 22752 8391 987 28405 25243 21242 8535
4991 12860 3991 16191 15308 15239 21605 6414 22266 3183 9622 22522 2037 8319 9119 8568 2542 888 13127 28418 14601 1852 27646 4888 4950 4330 16497 3973 17923 16715 5467 8419 6864 31853 15006 9057 22978 5261 31378 13508 29468 7226 13213 14252 1419 9144 12292 7193 5281 26019 12288 4397 900 9940 23061 1076 10216 19849 1439 4321 2362 29631 5038 18138 8222 30947 18963 26744 10780 22186 25787 1735 26006 15678 20796 7893 18942 15002 18606 7209 4166 28983 15292 25745 8087 8680 17658 20769 12869 3330 5498 14456 18179 28353 3994 28229 12883 6887 1055 23562
25665 31654 17800 5920 13905 30656 1436 6140 21942 1005 12614 30384 7620 25469 16034 20660 30376 23614 8536 15335 3159 24992 22825 27345 29124 31511 20167 26155 1110 27073 29418 32673 9113 20809 21408 25046 4404 26635 7140 25001 3355 29305 12659 29879 517 3517 25819 28960 22049 3488 26581 31375 13316 29098 32212 16500 24550 13706 6878 29076 27919 185 25755 2244 26508 31067 18860 22257 17958 15974 9021 28260 14485 19717 5342 21316 9712 21823 7822 5469 28520 16852 5401 14111 19254 30567 29861 1514 19410 3810 16775 18313 26470 3863 27483 24828 4994 27043 26195 23162
18705 16152 28367 25782 1164 11867 11054 17250 5741 13130 8164 16625 22503 22690 10701 4002 6100 16672 29378 15290 21487 19431 5225 4880 4675 22562 23889 9679 28387 27626 27710 17528 12764 17002 5569 7974 360 1345 18444 27158 1124 13607 24837 11110 2308 1492 10905 5661 966 12574 29011 5740 31396 1377 26925 29492 12430 13091 21670 10439 9495 7672 8724 24819 15471 13476 29500 11325 9105 5248 17184 24682 17597 31775 7704 16452 24617 20784 8228 20634 7412 15782 11649 32393 9819 10263 6522 31482 10543 2914 12161 28524 17798 29077 21118 28660 18610 5646 9831 20097
17263 29408 30737 13157 20576 15736 22342 7953 7869 5760 5911 14624 5446 28931 10355 4248 8571 29906 761 12652 1806 24615 4107 13125 17305 11401 19492 9601 23181 31471 4715 31868 7530 2856 18056 25615 17462 17018 20662 6999 27176 1418 8217 15800 17060 27003 10067 7457 6764 90 1874 4497 30996 17594 23659 25050 30390 26779 25005 10661 6632 2961 24175 24758 20971 7202 4652 26481 24869 26735 4753 15517 19409 8727 20435 16489 7926 22872 13126 10412 9109 13175 3116 2673 21031 24674 16074 7347 6727 5013 27074 6245 21163 1082 30108 22966 25944 14484 17062 9874
3094 8349 26878 15980 12578 17390 16109 5947 18468 1760 6518 27586 13152 19185 31535 32533 2352 28265 9552 14681 19890 28477 16138 459 29886 13619 1818 31236 16411 18247 17309 32379 19954 28749 25638 4171 27522 5849 2574 3126 22 19548 27403 21226 9268 22415 16900 18052 14616 15893 16932 16723 5217 4444 16430 27102 5129 708 1552 2088 11930 771 1210 16434 21407 28872 22576 21954 12377 6814 20958 23907 11444 6163 32045 32429 13433 15898 21075 11206 8389 12975 2927 29225 21946 25529 20437 18598 26740 25908 10662 32426 24895 31375 31141 12481 28167 20307 23877 26201
6416 8966 15111 15561 22503 27727 26882 17298 1688 14171 8643 28132 8993 17278 15192 15716 23847 9246 21672 2604 19944 26829 27910 3091 27761 4277 6661 2351 4624 19769 20365 19865 8973 22489 28206 20592 12181 24406 2997 10785 8439 20503 10749 16357 18195 31692 20488 18571 23054 25681 14670 3703 17483 11733 3925 4843 18583 31803 24962 30341 22692 16320 20271 19209 12217 13535 6142 12897 1447 7026 1644 28386 28159 26905 26793 18641 14210 31455 2983 27942 24537 2587 27760 10639 28551 26773 5054 10680 21019 18410 20421 6602 32426 4146 16468 21042 1148 2527 26908 28835
20486 24296 15951 606 15384 14120 24430 9137 17240 29697 29788 14525 26095 20292 24758 9085 6018 24917 16743 6916 18788 21130 26742 2054 25866 15317 19235 2714 19135 31395 5683 3390 10392 31747 23688 2332 15787 17163 5108 24460 23932 11895 21583 27865 18360 16788 3271 14408 10278 29789 9080 25942 21210 20195 13117 19010 4268 21490 23493 20427 4072 32497 22505 32315 19783 22794 20028 23460 2334 27019 4068 32618 7382 1420 14761 32513 17564 17107 27468 6136 12633 4596 2330 15159 30437 17340 15296 23941 10872 32208 8801 12621 17761 25234 27366 11681 8186 28740 17558 1663
6363 23408 24806 31315 15438 26759 30354 6334 3 2248 31468 26262 26373 15971 1396 814 8685 3039 4522 13015 32598 29369 4896 29350 16528 17742 4051 31096 9881 20474 13499 18996 19272 7554 6305 15184 6860 23215 8497 6039 341 7484 15952 15401 8465 4595 28592 22467 9306 22034 18593 12096 46 32755 26154 2912 15071 6892 2904 13257 2827 6773 22486 6987 25295 2184 19646 8552 15160 29518 5039 3348 13306 24055 15392 9401 23397 14569 25331 1918 12948 9502 30797 11209 16872 1735 6054 9986 20917 11062 9756 8859 6970 1530 11021 8781 1495 18764 5860 32676
17530 23978 27699 16061 26459 31937 32515 8271 13801 29584 15976 5352 25859 20427 15448 30073 32108 31869 26556 9493 1657 4594 11464 32758 18701 23764 28552 15297 16071 24724 5308 7434 378 22795 3302 9755 20190 32610 5537 8945 29829 5679 9524 13960 14352 224 13415 19801 4002 27229 23190 6432 16021 16105 28675 31202 10860 32073 10864 30767 31753 9001 26606 13477 24865 14523 7152 28853 492 16289 4771 5290 32545 2317 32386 22246 3105 14119 1061 26735 31090 28079 14425 19115 17264 30179 17526 12904 31039 22947 9453 7199 4100 14803 13857 30074 30293 25601 888 19
31726 27463 3249 20863 24997 18547 30072 5259 9632 17766 21303 28613 24517 14266 3376 13631 17010 20136 713 16271 4974 30760 27686 8218 12576 8537 10493 659 30719 22052 29094 27070 7242 1052 7794 10618 19449 25769 31038 16894 11507 21094 19784 99 2945 3527 10561 2147 19715 13567 1955 11104 31458 29473 20804 12455 31173 10885 28204 29431 16648 7789 22691 30525 9834 24552 26255 24738 4613 503 15613 26055 11908 22767 8702 11087 27024 18718 8372 10143 22667 26801 13228 29665 21889 30933 26990 11855 26715 31261 14163 20910 20566 24612 28311 9752 16820 10355 1967 12031
11186 22693 14301 14959 6841 10185 1281 30099 2776 22279 19378 10875 15986 32135 27533 2844 27956 19342 3533 11673 24394 2282 14877 7617 18643 21137 11690 10200 31122 23429 10363 16538 13542 13562 9477 11901 17916 25019 11770 22583 9283 14538 18019 23680 15392 23366 6126 22297 12260 16786 23433 30477 9467 9140 12335 18999 29029 16635 21506 25092 15723 19173 29595 13690 28042 30527 926 25721 26804 32142 22673 16449 3768 942 28910 15669 29438 15801 9590 12767 12151 17707 13257 1843 25556 27459 22324 15896 13558 2732 25546 28196 24742 7260 6070 8615 14727 5053 5839 13036
8008 17930 17517 3771 18206 24828 28539 34 26738 13479 1230 26998 8663 21662 15285 3732 10814 21598 28882 21612 8813 8938 9000 6593 6829 18866 18292 3370 8387 4793 26049 9309 27170 23031 13623 6316 28255 3581 10804 3280 1509 9175 10910 16358 24810 566 23671 29111 27298 10191 17073 23612 27826 4350 7236 26210 1767 8367 14719 29706 20264 4222 15259 30548 11689 11293 29334 10013 18786 23542 19775 32454 6336 17170 3981 27447 27290 29754 17204 18724 31590 604 5754 6287 27309 28720 7495 2447 9404 17178 10364 17999 5277 15699 10118 7769 12869 836 18483 30485
16655 12338 18628 9612 21097 7712 12355 5490 24781 25841 24855 24932 5876 21710 14805 16494 5958 28615 14425 27856 22420 9917 21270 26626 25865 23935 31914 16373 9310 31283 1461 14748 25166 1016 20716 1195 18506 5321 3433 23711 2413 8868 27461 15102 23474 25580 32361 32480 4453 21261 17313 11694 26327 5470 31731 12586 22614 18763 21038 13999 5212 32691 32453 5050 24071 25743 24030 21418 29641 23253 11175 21188 20065 3996 23273 2682 19466 18560 14815 29421 7154 29000 22856 7600 32237 11462 27067 28111 10859 27903 827 4368 30376 22156 2827 7800 2338 29504 11203 32273
12880 30731 5028 32235 15761 8734 27945 14433 20067 28496 17886 12189 7637 13761 22389 16991 11327 24253 26391 24057 15152 18659 12024 4511 9128 5510 1582 26333 23687 25939 15043 9065 17734 18484 21001 22555 2277 25717 9005 24890 11556 6438 15 15353 8694 8128 24657 21825 25907 28939 17071 13745 3725 28990 14478 12004 22469 10088 20439 28146 29983 1040 20229 5945 21011 31512 30589 20317 1605 29928 16926 21901 5815 23240 18970 4872 22333 17036 23044 17376 50 32119 20266 7422 19562 3674 18212 4967 13159 19196 19373 10430 5072 11454 28850 24841 25118 5247 6313 17848
12185 1470 21284 6627 7555 7422 2470 9171 4243 17775 28341 12228 14501 29130 25392 12265 16559 23677 17891 7601 15095 4872 24921 73 7555 20647 27633 15458 25297 27697 20020 4404 8905 23872 9062 26306 14320 7314 10331 20832 17630 25519 3213 28275 11762 4044 22891 32377 23364 11248 25587 24649 22235 26197 31874 20891 6945 29969 20715 6346 9619 11765 13511 31705 8637 21942 17421 10421 16486 27210 5091 29369 3848 27797 26035 2423 25475 27973 4224 3254 12305 24827 5243 8631 21373 32683 3281 28093 14736 13125 29640 6603 24525 22933 27914 17328 4702 23912 2624 65
30029 27376 15843 21222 11767 17257 28751 15960 16574 29693 27418 21160 30463 29669 3747 23684 24900 28114 1518 6582 18874 14475 27823 5869 10981 17111 7076 6848 32402 30365 3880 16880 30989 22346 7174 12525 1173 24435 26251 32412 4365 25020 20447 15448 3060 28920 19861 16183 5271 5009 24448 3726 16517 17962 6088 7095 1092 4484 26942 10001 5186 14238 12269 30281 21006 15393 10225 16344 6600 19450 18061 28621 983 18505 10615 10701 28377 30842 4214 11352 26080 10161 5423 31053 14043 12652 5436 26545 19794 16740 639 684 9559 19124 3510 22996 27321 31292 24399 9903
6266 10312 21117 27506 11395 3437 26251 28431 17303 16052 23153 14959 12678 13563 9893 31484 27043 25495 18739 28259 19319 8766 6160 15256 10167 28197 3499 23834 4468 18021 17350 120 20370 10147 4228 32532 635 27376 31171 21543 21012 3054 29355 13317 14321 6708 6023 10403 14789 23028 23508 22358 10268 22491 24216 21469 13644 29753 22774 9378 30888 10594 23294 23613 12792 4436 19146 27706 24870 28314 22982 5404 1594 15472 25679 6049 7560 2599 28544 2888 11304 9675 14664 32273 28839 23044 3776 16772 3068 17210 23740 2292 14014 32764 11937 15621 22164 16547 3958 10348
2028 31282 317 25078 28656 16513 32387 6092 27317 2971 14902 8181 27062 27748 4535 29212 5762 29823 25904 28308 3505 21870 18984 5785 17948 31483 19540 6617 30798 9431 12464 23859 6709 17282 28367 24254 17181 7274 21615 6925 3040 31063 1873 22449 16214 26374 22856 30464 28435 18196 8847 14613 16466 14623 5727 3608 1324 7975 17857 24000 30222 16698 17570 26645 8041 21584 9509 9083 22443 26740 15677 15340 20847 548 27258 6021 7664 25339 18467 1092 13252 17805 2950 29456 19911 4243 31372 25593 13909 17736 12432 26562 21180 11538 9585 23196 752 2661 10982 15413
10625 20708 21522 18673 28619 10442 31577 14455 6765 16777 23153 17776 508 14257 26812 25227 1016 4626 29653 16581 32766 6693 9833 2791 13632 5032 29000 31312 5171 6025 2747 10484 22663 5637 30745 17573 32604 17425 21909 1938 28083 30713 20570 6669 23330 14663 1754 16785 21709 2022 17250 259 27793 7815 17650 3640 26754 13380 2637 16568 1688 387 21324 24001 10405 3102 19575 25999 31882 32449 6358 17883 29867 3987 11781 5538 9376 14872 13959 15911 22062 20566 28252 13627 27253 10038 11734 11452 23402 25134 5800 23388 29064 8733 5952 17059 451 7030 14423 5688
18366 22433 26822 10332 12349 9630 15259 32695 10205 32236 19564 31319 16899 23977 15851 8694 19474 23802 1723 5499 8417 1197 130 11204 20588 10013 27968 13219 28617 16470 26335 29990 9566 8570 27915 22556 17746 27492 1347 21460 4673 7306 8496 3112 30260 13864 16182 16314 18384 15515 31050 27518 28621 5898 30211 18297 682 4684 28659 200 8863 2822 18231 21731 15828 788 20813 29219 31952 9771 23334 16770 30004 444 4476 32163 29865 29723 17254 15122 30743 5856 13098 17868 8984 10382 26962 30722 19372 14706 15874 28186 28206 8142 3208 15351 7558 30519 17717 1914
17313 12092 20843 11336 17950 27976 32248 19662 25418 17866 24482 29827 23375 4242 26115 12141 14760 23678 4248 15079 21208 18007 31252 13217 19036 14070 11770 25832 13534 19627 31850 7464 10923 29663 16443 11183 24167 29431 19275 27571 3072 28028 27923 151 21472 8825 18303 10090 22119 27173 26108 16817 9112 14018 19154 32102 21266 7365 26292 15936 22594 9783 11925 11317 26328 30043 17342 2878 31607 31377 25118 16474 23729 16762 2273 10197 10290 6493 4420 8394 16443 7370 10151 29159 11603 23677 23267 27504 18489 12676 13791 27270 16412 31397 5982 8618 20750 18682 15387 19069
16055 16350 12056 9417 26438 11277 5171 26309 685 5638 250 661 25102 21428 22464 25873 17264 23886 22769 4551 3511 27004 24226 16451 2259 5307 30316 24206 26167 6146 19835 7412 11661 21158 8930 26378 25000 11131 13361 28144 29114 3388 22602 10196 19143 556 15472 26807 7513 13054 30625 30836 11126 19698 26662 18942 13007 4930 3944 14313 18234 8124 24581 27180 12642 5808 12835 18725 9661 21004 20997 8669 26559 18374 23772 24462 11598 12154 24543 32354 22133 11093 28061 7038 19804 30769 7570 17983 8824 26881 10745 30403 14591 12656 8162 19884 6047 17349 21892 288
12655 17930 6868 6932 15142 25197 22615 27851 24715 30438 4148 23449 28204 26650 30093 27373 17235 7040 3599 10127 8246 23746 4552 22565 9326 12902 32057 5884 4522 26029 2477 14597 9893 16827 32713 9758 9813 19961 6243 1683 24422 1976 24472 27109 18406 24343 19992 19146 322 31526 3269 5236 22641 2379 5757 3350 5743 7141 11315 18853 13549 23600 20293 3804 19271 4969 13833 17282 18358 20274 28329 22511 18631 9527 9266 18125 11019 23058 14823 4892 7952 28524 12507 26488 23441 23909 3007 15007 16362 31542 9464 7470 31438 23317 10997 5291 2364 7514 14015 10184
8623 32479 12497 32742 24470 9900 30763 17369 17155 30420 32674 4075 22695 25754 21882 12067 7678 7128 18742 31175 30151 29090 9135 32031 16567 27174 9572 20604 28270 21974 16145 15225 6826 18890 14467 4481 2747 30559 14762 26257 7991 10021 27120 319 3566 23288 6601 11772 30752 23404 10891 22422 12526 13423 10369 2305 18447 25897 19258 15446 11460 18215 20519 6940 32014 28857 25446 5063 21790 5784 2776 26750 13069 12492 18297 6945 17101 26317 24817 23179 9824 1769 3942 21780 3655 3301 30613 5210 13886 31719 11553 17986 6694 3988 12074 5945 30531 2165 4898 448
28071 6047 20956 14119 21998 11667 27366 1432 7980 12387 21017 24408 18724 23830 23406 26442 20155 22606 6420 9909 5292 12840 24511 20550 12412 24932 25922 13401 7089 31174 11616 19060 10047 8635 14559 29716 17219 2880 10975 23725 28403 29696 22634 6892 25813 28860 30284 30527 22320 2032 22821 31639 20673 24500 31676 12397 3502 736 16278 11011 24768 371 7112 20716 30924 28726 11785 29902 6770 2972 25099 12391 8714 493 8972 8142 25052 10403 19368 25083 12431 8469 18417 650 15333 12370 7617 12476 29605 20048 20303 26559 8408 12358 19457 27695 32055 21078 25473 17116