100 100
9826 10797 10169 16830 29537 30804 4376 12388 13415 26262 10643 22383 7956 29541 22502 7290 29990 16854 14814 20720 493 29002 11627 26319 3071 6221 28663 25259 3884 26302 18422 12021 21172 13105 27838 13437 12216 30609 8345 23606 7151 266 12569 24121 19610 22309 20908 525 1466 7733 1136 13350 27008 30963 1353 5291 23557 11621 27440 25469 20283 4356 29646 28020 2852 29 11593 24300 17985 25720 29278 8064 8782 3896 27824 6933 24876 27138 4447 7195 26143 17249 19421 6927 22329 14953 19197 10052 29462 3483 9293 19684 28362 20745 16806 7217 28696 20411 19713 13841
30693 7248 3724 458 20715 5352 28926 28682 22194 24130 8231 28458 10428 6690 30155 29875 7680 23798 10416 16418 3227 9912 29174 15080 14785 25366 7335 6581 1529 13521 13199 8950 10634 4195 16718 16029 5424 27108 22187 13088 19220 31278 19243 13252 17403 24384 27619 9243 13502 7136 3210 13515 18426 14981 11986 15762 8200 6003 13304 30855 13616 5672 19610 675 25625 17911 6858 17791 16516 14835 14944 11871 58 6158 9108 22128 4675 9090 7116 78 13913 18032 10418 3785 10397 24263 14730 22761 13704 21096 31427 32560 18979 11912 1995 9758 21627 22101 28456 14843
2127 1244 15557 8144 23565 9770 32393 30647 20989 19377 30510 21588 25019 16366 29521 2980 5610 32073 29893 1269 12839 3133 10285 10294 30012 3256 22730 21105 19350 28357 22161 29590 1530 7784 641 14714 26739 9929 30003 27679 9615 4245 29619 24374 6602 32674 9870 7394 23371 21458 18220 11711 29134 20793 14176 8739 19170 4994 14142 16548 15956 20622 11565 32218 14059 11871 13373 8550 21333 12341 25786 15410 4962 32502 2817 21499 25968 4307 16530 26637 10279 29737 7015 13134 29798 16805 26500 20350 17276 31148 7888 7613 17820 20730 4899 6222 31883 12425 32416 29082
28316 27828 28229 9336 1502 30620 15040 22955 28564 4811 900 18092 4069 17431 24605 27051 24021 4553 15296 18128 15220 18943 3879 2758 7765 22863 27804 13946 7234 29869 4691 14368 12334 6799 30460 5496 19307 12111 1177 2895 1822 14544 30093 17992 2543 32100 2038 6364 30213 2541 31549 21152 29489 25411 3052 7366 10601 26326 25023 32743 16249 7829 9213 30464 12789 3086 10248 13242 5746 11990 28211 30702 7925 18987 24789 10344 29100 11736 2460 31979 10460 1625 12579 29046 3867 30784 7366 23750 27583 2775 24245 20508 29590 9735 27719 9280 12760 10104 28305 22470
32089 21242 312 8848 19971 8740 21379 25236 1668 14138 24500 17887 1604 30548 11417 21978 6042 4029 19806 18381 3647 27290 5029 13985 10755 22220 10200 10730 4542 26391 31678 3621 31370 19587 19277 573 20271 12290 8128 7765 27615 20308 2281 6081 16932 24872 199 26197 30998 1156 11611 20195 24017 16230 29880 30463 14374 20652 5978 26117 22417 22833 17592 5982 27755 8249 24092 510 353 30479 23475 14641 10533 32748 2016 2712 13411 23579 1238 15726 1015 1371 20582 22288 19293 22149 14869 2237 22377 1902 32626 10906 11576 8207 679 26617 5478 9955 20301 218
26497 3729 24965 17586 10686 9931 25412 10860 22763 5238 21486 10670 27813 5387 20007 14685 27595 4413 24550 5987 9523 17116 10442 15792 24731 29177 12978 10366 7138 3403 14472 20954 10360 8657 20317 1632 15635 30137 9659 30534 20387 19073 19766 11676 19337 2652 16965 17105 30723 25815 9808 634 8939 7868 24586 22863 25506 6454 5633 13686 2631 21559 14196 15365 3884 28695 1892 30658 5770 29310 24045 25901 23667 21123 5079 32704 7433 4117 19561 13429 19694 23194 4477 23945 13819 2775 30170 11135 19509 29712 12733 8041 20220 20592 28089 31331 2694 19627 12225 18016
19852 30433 7812 23593 26435 5318 3833 2722 16782 9472 4154 17231 27506 4048 27029 28696 10186 19189 16096 22089 21564 29901 20238 10973 15467 10942 256 15356 11630 7892 12957 21442 23938 12459 32293 14402 31739 3472 27074 27851 32129 7139 13665 6250 30840 13759 15039 13743 9664 30430 5063 28596 22943 8630 31515 20572 2299 24552 6897 9177 11981 25051 15904 13681 9682 8612 6010 18817 19076 19754 4957 30914 31048 7047 26501 20683 15593 4529 21796 24023 16709 31321 20789 457 24134 5395 1805 15469 20244 16568 26931 18689 27017 9480 17521 13556 27110 8084 2347 21485
9924 30684 16112 13583 16717 7860 22095 32124 9643 31980 19692 19479 28609 5423 22483 2703 2073 32044 2059 20377 3358 29172 7535 13948 23692 2979 31673 20435 20772 21571 30176 3982 2212 17901 25508 23611 17910 29745 13670 9092 17320 25785 31294 6136 2716 23336 3144 31758 8449 7240 22334 7782 9601 27749 27980 27475 10940 19700 24095 14231 26358 15737 1088 10349 3084 935 15520 23757 23469 16072 15476 15339 19398 19039 31042 3329 20286 13324 22332 15438 5860 18609 4558 29022 24230 31955 4723 23181 6915 13379 10700 20935 6851 11517 24307 16017 28901 4432 18701 22861
15065 30015 10014 13241 5871 17192 10786 10938 24336 23459 9561 9560 31660 27821 6370 17673 25331 17414 19083 27442 6216 8407 24808 14315 16370 18584 13474 26115 6933 25393 19474 10307 32737 25183 13582 27639 8714 30810 12547 9387 16248 25013 26436 1331 1343 1669 4514 18926 16593 14021 22333 30795 12659 1529 18842 14219 3565 2578 14325 9929 4742 402 19672 21560 11055 9456 10732 14765 3583 10046 30224 25181 23007 10761 4520 7655 3463 10369 25911 25749 27305 7641 32305 20702 6507 27377 28170 21040 8219 16179 8083 31981 798 2235 5766 7092 8490 12218 19807 26081
8118 8476 9582 32599 31662 27752 7467 9597 4714 30952 16585 11654 14049 5643 2318 14326 10010 27399 7265 15713 30180 2498 9765 22646 15559 10483 14405 28989 10810 18820 27408 11677 16406 19260 12104 19233 22091 13466 1653 17916 13778 12804 5503 29002 24547 4129 17788 25752 21863 13699 26311 25255 29360 24457 2642 7533 13160 9859 1341 31581 29383 3352 21159 16872 31753 7909 18372 18756 32544 25191 20015 7532 15782 8731 6274 12392 1045 20707 1317 462 17210 3500 9059 24457 24039 2638 3779 9177 32489 22963 5269 5275 2873 26940 22475 18379 1143 10592 26378 12615
28563 10647 30977 15829 5070 11126 17146 8040 9697 28955 7598 11935 13179 19147 27742 1423 25329 10202 31263 14274 23345 11979 16758 19327 26617 8377 21028 22604 11846 3062 18755 28338 1294 4593 3986 11584 17969 17501 21006 9939 11182 23951 26818 32276 3346 22568 8159 23105 4407 10741 5903 6449 10282 9747 11015 25234 24941 19031 7515 118 29279 31724 28311 8462 248 30526 7819 26036 1721 30487 18150 25391 24547 22280 17415 30515 23272 13579 24591 5928 23583 22118 13371 31788 27067 21459 13425 20571 13310 20701 6424 16718 28074 17037 6957 7137 2233 2374 13971 21818
11085 25070 26283 9479 28906 29262 4389 5382 19427 29884 4886 10699 6930 18167 9290 2238 18380 24658 1243 16227 20 29461 10498 4062 24847 15648 22318 26294 9657 19409 27731 24025 11733 14120 14981 28896 28970 6185 13765 18069 13036 16002 25371 13234 2425 26990 15845 23276 3654 2009 1902 3632 18968 17349 13506 21805 12663 23788 28353 15634 17759 5799 22643 21913 11322 15630 3995 32580 22283 1377 7055 28390 1772 19879 15942 2662 18106 32660 23475 704 11535 6832 27473 20300 31344 10678 10240 28227 26568 10042 29199 3711 14613 5519 6042 1666 26722 19944 30486 15546
31989 19133 12330 25860 25289 29041 22208 14190 22079 7985 23645 1089 14352 32031 9133 18751 23942 24496 29283 11305 12524 13650 13632 32388 13891 18515 19056 11933 18486 22526 17949 18891 8528 19719 25919 29684 1389 3369 8881 30802 8046 12813 8842 22391 26417 10094 26538 30351 9153 29819 1939 21478 24009 13436 20603 25770 22095 697 5535 32753 21918 23959 5593 31485 26244 17669 12405 23231 20926 6166 23617 16027 28081 30191 5347 26731 5723 9700 12911 1478 24968 19166 24377 7810 25417 26112 8168 19575 5794 27786 8652 8326 16003 29949 17266 22747 21241 16256 2933 19566
20134 7554 406 12240 28783 31905 7695 5924 17780 6346 17189 22891 3909 6562 29949 14598 23123 7973 17328 30069 22692 397 7073 10853 21707 18550 28687 8170 20760 7487 29670 28681 9996 15539 21723 9593 15119 11241 11447 14250 6245 13416 7411 2055 2399 27535 18566 17529 32718 18741 8187 21292 25021 4492 13254 11157 3680 5707 216 16564 12103 4876 27505 24726 10711 10482 23606 11551 17659 15760 13187 4614 22295 16646 1794 23585 4158 8045 23933 21987 13476 24950 23792 3363 23382 16461 7907 9758 1320 12484 7926 24512 8175 10669 30654 11551 18929 10631 25039 2121
27034 16222 10522 25151 28017 6892 3194 21569 18506 26628 15241 30284 32188 31025 26296 32482 21205 1434 5535 4105 30477 32296 14225 21910 14713 15851 8820 22699 7745 6586 29647 11391 26708 4890 2085 22621 27482 12898 31874 8944 14827 19484 28243 8893 1022 13741 28026 14321 14756 11577 21666 21341 17910 30913 31696 11967 30283 142 31035 23107 25007 26835 25694 17225 25745 28302 20299 6249 1212 2991 27202 11956 20873 9852 1410 19517 5202 20532 25951 31705 25897 22258 7317 20002 30666 11989 24796 11202 13519 30302 3517 7406 29475 6681 18851 10800 26041 23424 309 14954
4478 16156 11491 4632 24460 9709 5311 22485 8096 5644 1679 16929 3790 30351 12832 21089 13939 17069 8157 16679 14188 30755 30111 32692 21893 17621 32199 29371 22324 14265 9355 19048 3464 30961 24461 7073 6236 19767 13234 7820 15056 26750 19761 13905 21498 21462 24042 9761 20440 27281 13818 6007 9353 12964 19084 21917 12221 5200 7921 25203 2155 13569 17396 18540 6338 31094 24935 19929 5217 29474 32258 28010 7882 15570 31086 14321 13844 2705 27804 874 13793 28872 25691 2873 1680 9898 10794 26034 19636 18383 3914 29406 11460 22815 28184 10364 30484 5362 21914 24391
20483 17014 4952 1399 10358 7248 3949 23178 6790 2694 11997 6212 32374 13212 12329 11509 19432 10493 13857 27386 6992 12957 29946 20870 23464 32221 13728 21155 4198 13231 9037 14963 11179 14842 5979 7100 22717 9280 22359 26019 19127 6014 31062 1720 25471 9555 25228 16691 18169 25189 5146 5245 11898 15361 14888 24563 4224 20737 12596 8934 28832 20979 30121 32230 27583 11383 12724 22848 21637 1513 23891 21701 29711 18752 9391 25805 17124 19510 2219 16508 11819 20394 28093 1348 15643 24386 3325 13227 10930 21588 31611 26959 18346 7 15318 31783 14505 16565 3594 23307
25784 1684 29066 22391 10230 2966 3471 15500 7821 17037 29615 22359 7142 16787 28849 21590 8729 11177 24480 5688 28072 23966 13086 27109 26988 25139 10491 15294 7887 29052 23558 12838 30268 32649 10275 20801 23508 7750 5278 3067 7267 13984 14527 26189 3730 23785 20127 3260 23646 17534 26681 1314 200 5799 31428 23728 19918 12478 13377 30516 3739 3476 20304 25496 6651 24080 22855 22955 26897 5401 7813 17701 1612 27318 12548 485 26775 6772 15662 11644 3792 24841 8434 12783 28540 32054 30998 28089 4281 14322 6351 7440 23667 14276 8079 26729 1243 9073 8478 15422
3349 22487 5100 19983 18993 13593 31142 29351 28765 18172 30215 10656 89 19601 18417 553 10539 25365 22716 15623 29203 22549 21966 20442 16577 26325 2155 11682 4038 25843 24527 30849 26953 8776 24954 195 31227 15 29644 13595 20557 841 14033 26671 7136 26208 24414 3927 316 28170 18525 24226 21958 1392 11877 26139 22508 26000 18830 5194 14243 19423 14723 16893 787 1075 30680 11080 19344 18913 17566 31178 5837 17442 16693 17458 28748 8636 11618 9986 12057 6110 31393 23187 17336 18507 10685 27225 8796 21178 9885 29033 7514 5501 5729 56 17372 24930 19374 4006
6362 9431 21829 9531 13894 21073 23259 3248 12423 1518 15397 19121 20009 11865 9778 11489 26579 15598 4861 6943 1145 8478 26435 3592 1490 4885 8850 20156 30989 29083 21923 25573 24512 14136 21225 20470 1313 19100 19818 1201 13176 11837 22990 12268 24020 21314 1461 17812 4605 5024 31054 27378 18091 6019 22310 10029 23029 10735 20029 32017 21516 16551 4703 21006 16937 15182 11953 18052 15812 7628 26251 25406 29703 18931 6277 16444 16770 31843 22485 2229 13856 4266 12248 92 5466 20656 17902 28131 9898 21331 19851 3773 27203 11854 651 30761 1535 32607 7622 2412
32409 4265 30693 21341 4380 7255 20084 6439 16539 29570 24376 20043 27683 3156 19906 13796 238 15214 1860 1839 7385 7304 6308 15178 13592 28247 10959 26684 5417 26036 6480 19766 18950 15354 22305 29721 19871 31920 5568 3127 1671 22120 25222 25182 28654 29414 11829 6675 32207 6789 29392 3099 4458 9943 27567 28224 4597 2188 5074 10321 32143 25749 24182 31339 1653 3209 24038 22647 4216 22087 19604 7924 8879 5853 11368 1271 8553 17576 28760 28527 25701 1213 25657 2478 32070 10120 18132 18213 16961 22707 19005 12911 28953 1609 28256 11666 32333 17180 27101 1921
25744 10340 5398 2789 2169 31400 2949 27164 1148 5602 30548 11394 28953 25822 15143 240 32083 26595 28221 6531 27492 3733 24247 29855 17839 26906 3639 14131 24566 29820 23725 31806 30925 1614 21870 15762 3918 7059 21127 14808 16655 3803 27216 31700 17489 31151 23364 26346 21114 17711 27151 27873 5830 11770 26089 20712 30009 16206 18211 7126 15832 2417 7167 9654 8216 5967 14277 22659 29335 26468 22547 4144 8970 27612 13429 15339 25206 22009 11317 9379 24996 12470 1653 31944 12751 3754 30842 7506 7583 20270 26187 5124 3675 16066 4475 26354 20826 5805 10819 12609
20922 8164 30420 32046 6741 32045 1258 32593 13297 24708 6565 5923 13239 12222 21397 14527 3559 23660 13075 9189 201 29442 31960 3140 11239 9529 10952 5881 10105 21425 24335 20819 12321 23259 3439 1241 15064 10006 20184 3214 1320 21528 4922 3955 30109 23440 9623 17486 24694 5897 13916 8874 1183 6418 24561 9503 21732 8604 22927 211 24927 12707 19538 30273 30002 529 32399 7993 15484 25055 18791 24104 1669 16253 3228 21146 30780 24948 5284 30461 17124 4682 9980 19368 13066 17317 10431 13084 11194 27828 4983 25481 25074 10187 11315 4500 27735 21325 12506 14423
31527 14799 28606 8873 19567 1402 32116 6560 12414 689 31972 23637 12953 30196 11676 17639 14832 2309 13418 16067 14033 4937 21033 29218 12316 16752 31963 18643 17655 24665 3832 12346 30402 20271 262 15513 20302 23769 24938 4494 14153 5265 32382 13277 4349 15826 30435 10352 27451 4984 9241 1180 24721 30243 4940 21414 30403 7644 113 30086 4729 3835 1938 23274 21302 22087 102 17022 27529 20576 14373 23403 18823 90 32154 28957 9080 14763 13178 1098 15569 8519 23796 30000 30563 18953 22665 8990 1233 28757 15646 9525 19527 6396 3408 112 22633 5983 13575 32482
24970 16088 1358 3135 18463 17237 8802 15262 4979 3398 6152 23165 18588 1210 2084 13574 11693 6084 10120 28561 19757 36 32010 6505 19912 3107 5849 23763 29253 28351 10769 28748 21944 23304 20620 11539 14329 28362 22780 28391 28244 12396 23862 8466 19586 9240 4817 7334 6616 15389 2544 15367 26303 10385 20060 18345 22116 19002 7894 8219 12465 19631 11947 18757 20603 11194 9608 15086 16893 10241 20880 6785 9605 28389 16300 16912 10861 31147 11810 14489 13901 26585 3434 32648 3183 22755 829 22910 2435 2311 9198 28241 18324 13686 22013 28756 15931 2996 5098 9944
13075 10305 71 498 3692 26745 17 7039 26692 5049 20288 18790 24947 8131 17309 9501 7461 5220 12756 11375 28301 21076 10442 24444 3800 16733 30512 1 28512 10687 12121 21977 31779 15572 7496 7364 25203 4336 25358 32616 12271 5259 12115 17301 23985 15522 16946 3021 7113 29274 13386 20996 28906 999 13329 32676 612 7340 11628 18132 6226 2211 3965 8442 12821 18176 9404 5758 16129 12305 12618 13266 20309 12905 19330 20399 20849 27453 8912 1697 12099 7694 10438 4037 24579 20360 20588 20177 16928 1963 22488 18262 20858 32552 20479 21826 3537 15374 22219 20137
9597 24997 14190 29381 14432 14234 25845 19003 18202 11357 800 23711 8827 22216 29041 24379 28478 15105 3203 16652 4596 22177 6557 14350 5950 14358 4231 13242 27711 9542 14236 22732 31569 5492 17953 27209 247 616 213 17345 11540 21706 1225 18641 25690 28624 13426 28141 13828 8217 31485 15964 22984 29144 23010 900 18951 12852 29884 29032 20040 8175 3928 31855 2532 3910 12812 15463 25346 1305 26698 201 21958 3404 19828 31295 1990 20589 23538 7523 12222 11415 12931 8906 9604 21910 17360 18497 11838 16459 9287 14166 22738 23890 27174 13595 32414 26339 21462 32550
15466 17910 10363 31196 30618 21163 1737 5104 17320 29672 5657 806 15314 25156 19900 15965 9488 4644 18063 22732 27721 2339 19151 8844 21702 8888 6191 12886 27367 2067 2088 15503 3861 24391 4753 23425 11511 30126 24175 11500 29417 27017 21774 26813 7594 5864 27473 21789 11348 19402 5446 15277 4242 1924 6141 17424 12045 18791 11675 22443 17447 12957 12202 29352 236 32596 15283 1601 29765 6943 1551 20539 5231 21656 20218 19376 31916 29771 11753 7954 13113 15055 10014 11117 2943 2614 16249 8428 30861 16040 657 15519 25542 31306 12035 4987 23511 26724 32010 3747
12269 15300 13136 31974 19236 27741 32260 23944 25666 30772 15405 18501 21925 11133 14142 5779 12666 13312 30954 12840 26160 962 13113 11452 1836 18146 28380 1296 3519 28865 29630 15663 9813 9317 8155 9715 24047 31776 8277 972 17363 29804 16580 28861 21377 32282 17614 8103 15082 31660 32761 25802 20701 11775 8124 10121 20418 21549 23516 8557 10378 689 246 3693 486 30156 2391 12909 14263 25384 14356 22532 28358 3772 27224 11394 4278 9967 4856 7474 17463 11264 5197 6620 13692 26277 27714 24718 17134 12786 26284 13980 25122 7293 18906 13030 20744 9408 12653 32089
26470 5310 2922 10169 7301 16618 27534 925 5419 11844 10466 6587 19912 25541 31119 9829 13556 27389 242 16212 18969 17403 1011 1701 5229 20589 14227 3873 1572 31240 24005 21953 8163 6186 9343 29809 26743 22718 31504 29205 3271 12385 20916 21450 15367 5570 30566 21358 5167 3151 2549 24418 12972 16910 11354 18318 15701 17608 30537 15270 30624 4717 22534 32428 14358 2228 20858 29623 20996 30722 21382 26610 18292 23949 7319 15847 22363 2241 22907 24062 15380 12259 30579 4160 11789 14324 23689 9057 32449 13272 31267 1278 24550 24247 28121 12067 10983 5540 9348 3856
15508 5244 13207 18749 14617 31249 23731 32411 19500 22408 28533 30493 14731 20224 32147 21879 20902 1397 5415 14374 7832 27619 30026 27568 23900 9134 28901 4653 5950 577 29636 25606 28559 30709 24044 28157 31133 24117 10543 28781 10979 28897 3325 17363 15740 30447 5245 26254 5854 24152 23260 6115 1732 20274 25062 9284 29292 31257 14035 18130 16387 9684 22883 17440 5726 16438 6445 8762 17642 30273 23859 8678 26598 6034 2491 23849 7375 18681 30810 12045 23324 19047 13906 18594 17708 21517 32030 5955 1405 20162 6474 24602 3102 27557 13192 13543 16487 24324 12289 9724
31463 17021 6121 21900 23454 25187 16726 20518 20588 31332 10578 20093 24522 9576 13358 17514 3000 1211 18458 24884 24822 25199 30195 25870 1655 21244 9308 28641 24851 6698 28944 11596 8060 22321 15479 490 17011 15390 4983 7635 30012 21624 27532 6245 19023 7972 25883 31044 12368 32646 2051 21151 13121 18921 11894 20661 24055 28449 4615 25240 20426 2926 12035 24625 23185 23716 29189 20869 15566 25481 25541 15158 19493 13439 18225 5197 9235 15203 23999 18742 11484 30388 17921 28684 3781 28152 10362 4632 25988 26459 9904 11924 18421 8346 16514 23220 30734 3871 9148 8935
20245 27502 6633 4442 14864 3007 2152 32189 23166 20972 14018 2635 8004 12430 20283 29188 27114 2915 19879 3133 5127 30452 20607 10587 26874 7028 52 11484 26587 16106 195 2199 25010 14995 8586 32068 18406 24449 16218 17470 16120 3721 3277 1672 18800 1884 13530 17678 7960 13044 2982 5678 1129 27954 16797 23671 13891 4549 19650 23217 15841 20557 31811 18717 16651 3008 27217 20478 8845 18701 16430 2903 1769 28928 136 31735 4425 26982 19461 2483 27831 18801 21535 31475 30096 11614 28722 1392 5942 27988 2259 23611 12806 15248 19812 24322 7562 28095 26597 20111
6895 30123 8973 10897 19385 19738 13978 7327 181 22771 11749 5242 29999 1955 7353 31122 19046 11967 5733 5580 22333 27627 6928 7555 8243 3322 28493 30925 2965 17239 4592 12799 9715 9891 17439 11635 2768 19103 22444 3720 17821 27725 14242 28139 16105 31314 24349 17685 2514 31903 12895 13077 9663 8016 28193 32400 2129 25812 8487 30982 918 17231 25623 10070 23680 12604 17291 21381 9622 25943 4197 27579 12778 19898 2659 21134 13387 582 6387 1155 24251 13892 1608 14034 5668 27980 28845 21354 3654 30566 26137 30261 25076 30832 24068 20381 31616 32448 1402 4175
24948 27914 4462 16959 15234 15235 2896 13036 9150 21574 19426 21221 6155 3831 6215 11916 8147 4007 5468 25626 31228 3320 1356 15075 26391 16770 863 16348 25562 3189 12819 2906 26576 1407 3950 5148 31823 2032 25490 13196 16299 31004 32146 16194 10409 19968 12932 23498 7734 5161 21208 27815 14169 466 2536 17815 14183 20813 23503 281 6774 27556 13695 8237 17939 9855 17166 22363 12856 6472 81 11510 7800 19854 14252 19618 10109 20135 25384 13332 20660 23706 9158 7449 22087 17980 17172 18650 23372 11928 29437 4190 18492 16788 16357 24144 28070 7122 26870 30211
16164 27093 4788 11187 14991 613 2008 29198 20335 52 31835 24818 23221 7873 1745 6521 2733 24189 17400 11059 16174 13357 22673 24242 14868 18319 17774 2380 13295 1344 16845 19996 10493 2013 4068 28746 29270 7272 32701 6796 32615 26094 5188 16365 17313 25703 32415 31182 11378 25310 25533 1834 13173 4306 8242 20766 24806 19163 32322 6312 21080 22161 4667 12719 6570 5545 12553 28483 2103 29793 13572 9511 14925 5919 1292 25228 30433 2900 4568 18976 14208 32679 15755 11079 27785 18256 24968 16552 20890 11457 26248 14316 26184 22412 8938 26306 24339 18817 29514 20775
8856 14102 16724 25828 9993 16141 27866 3672 17371 17744 19237 2679 19390 29984 12425 6675 722 11886 14396 31323 17688 25225 15977 18081 28967 9210 16511 10080 27424 28076 6095 29309 19427 25937 16982 8397 4227 7424 11735 15576 24056 6179 14638 11996 11540 6032 24544 2581 29369 28918 17398 16188 6216 30075 2572 22606 22620 11171 15269 8590 21433 24692 9153 25549 29311 21464 22962 5097 26020 1090 28203 7060 23712 23956 28314 8022 17258 20289 12983 26069 7332 3502 10333 17493 19474 735 4506 13435 25937 12879 26882 30550 21190 5151 24648 27040 26836 11123 11535 27968
14674 23578 6141 3092 15164 17261 529 14318 6824 6265 21559 19420 17660 22368 3354 12973 1375 15356 24890 22192 17773 20422 8510 16063 17967 3830 23179 31868 25930 26860 26133 20443 17014 8143 22901 9185 22834 19316 3645 18603 25271 897 13192 3761 5162 29906 7637 10060 3349 26139 18709 28278 2584 28623 16642 465 12252 27457 25523 18668 585 23818 12909 21185 23545 24234 9405 11394 31212 19314 12739 5525 28541 13473 977 13533 5780 24781 2613 13115 20510 23172 23890 24404 10426 21044 10486 16021 13749 22344 4327 12149 15929 11412 17343 250 1217 15347 12282 9087
17616 27950 3918 22196 14563 25632 15419 30950 15524 27160 1506 23425 24416 1663 30234 16595 31419 2747 15809 26386 8611 5458 15184 17569 31618 20563 20402 22927 24504 28402 30039 14945 17736 11890 19844 14353 23249 24136 6125 18774 23233 13181 18565 6438 28613 27476 12181 24185 15748 301 26635 24913 24972 31657 21 20727 140 5391 4079 20359 13253 17134 13050 22190 27323 24836 5901 22963 5424 863 5647 18612 10578 13250 3526 22835 23092 7754 27114 14289 4731 29009 5246 1880 1882 29843 16480 20735 30656 7055 16926 18922 27599 5937 27403 4593 2193 10925 6802 20386
19430 18350 31179 19849 17601 13744 5452 31919 7060 18602 18754 96 32521 27377 13248 10033 18675 32345 8534 30018 28548 22685 10214 9153 5824 24321 25523 14767 22065 1333 2747 8679 1757 13181 19015 25180 11637 22543 8896 22690 21711 10172 13764 8112 27798 20947 14969 740 65 11075 3105 8775 23105 5375 1775 11283 26495 8615 10009 20338 28421 15972 7727 19593 29179 25364 21163 17845 18390 3495 32201 13844 19148 3272 23449 12616 10379 24000 8530 20599 11050 8600 11753 28822 3680 28030 10466 9704 13556 31339 871 2241 21108 30722 3991 16272 23850 1722 8736 27164
23628 7487 29200 21006 26227 23830 10984 1200 25678 6784 25842 14836 27544 7074 30677 11448 17991 21218 23399 18504 31239 6292 2754 20261 25574 10198 7578 24325 15441 25272 3022 30234 5951 8609 20284 23959 13484 4590 22490 7537 13641 26587 1539 23906 1906 26535 7950 22324 8288 2547 28709 15932 21920 16236 4948 16421 27331 6057 2785 751 10072 20310 9948 17462 2327 2451 26870 32184 26207 14487 23191 13074 5347 31129 2346 19658 26784 26608 7356 9362 7954 11129 15557 9931 2727 17977 14149 11593 4724 25923 7699 30550 23078 14556 20082 25337 9788 6110 5862 19320
20596 29274 28486 12571 24707 22401 30481 3635 7433 4805 11781 32091 10436 9275 6894 5374 4 6212 21693 7193 27231 620 8665 31810 13477 8082 8634 5354 18199 25418 13491 21471 27603 29823 5647 14100 22931 23901 23648 7077 22167 29293 21524 32278 2016 13570 26697 4060 16543 13525 3555 17950 26093 13548 25819 17852 15036 6080 985 20625 10254 22174 8710 6133 21861 2126 4891 6278 9594 15091 18879 25385 27441 9522 21519 30539 27341 29334 1662 4717 31584 12083 18655 6367 23686 5770 14784 31691 5203 18861 7162 16502 27018 12452 17030 3267 19984 2830 28306 23801
19872 29707 21460 18117 21695 23898 14111 28035 25587 17855 23348 3001 816 11944 12250 13796 2451 5391 30513 14968 3411 29090 21827 17186 4084 1058 32220 6992 15037 28169 29852 16371 16237 24687 4938 7299 12586 24878 19051 6468 27066 27461 20499 24265 20213 28282 12540 29366 3194 29252 30677 4554 5538 24551 24284 27420 946 14305 16303 8356 9301 13957 13663 12542 19529 11238 9415 11883 16984 2806 7964 26393 22154 29679 21189 25252 31129 15858 32364 22748 26789 17390 6741 1481 16681 30916 11246 32492 4398 1705 30632 28104 14270 32203 1286 21409 10652 22071 10483 14980
28210 18682 2649 30599 26827 17542 21743 25170 16898 88 3667 9694 1402 29656 16728 3709 18384 13441 29601 31003 26830 32577 6511 18371 17890 28963 31671 32613 28878 13099 17528 29398 16032 7553 9547 7960 17125 5587 19516 7388 2842 11508 6872 19269 11875 16329 21383 6127 1408 8037 12572 2096 7932 1139 7339 26525 17319 20948 30106 16336 8007 27274 8187 32105 24971 7893 19737 26195 27456 29851 12881 17737 23495 20237 8740 28312 4807 14728 15242 550 31263 22969 9096 3763 11295 19717 32004 31327 18935 29992 4825 21612 5743 30748 26663 29766 10457 30524 8940 2496
19524 16809 1241 673 24307 1517 26206 26975 17934 18142 26632 8490 18838 6085 19980 9004 27806 25536 14884 8464 5561 17509 14233 12481 7087 11176 19873 25972 2676 25855 3052 31208 13402 12740 17786 28652 25477 1242 28079 18723 16287 8595 19369 15620 15310 8657 30673 4132 8419 10092 22448 28856 2005 15572 3077 31829 22637 10488 1300 21243 8258 14950 12608 23378 21992 19891 31196 7219 23653 4893 575 20330 23268 22383 23830 4539 15534 21541 11263 21539 27989 19153 23891 29279 9522 28605 31810 4787 23058 26578 18214 13028 10285 23992 17 1670 18264 29247 11176 2686
24699 3070 12853 29119 22340 19002 5879 20311 23581 7945 14781 8623 23132 21686 22195 8974 5818 616 14459 864 4615 13311 20607 28470 1052 18751 10630 2061 784 20528 26758 12755 10927 24260 20409 22951 22567 12219 30707 6625 19973 1732 13363 24402 21600 8165 21368 29645 10580 11804 13526 4581 21939 11591 25032 26105 14838 2881 8904 8302 26490 27726 16925 32060 6633 3769 28917 25772 25845 4539 691 2400 27213 9119 29322 10131 11209 23332 26443 18850 19944 16419 10619 13771 24189 18289 16297 26933 29605 17927 9470 17457 14076 8032 19990 19392 12561 13091 28686 9301
26903 19970 15839 10716 11485 8674 4074 18682 5376 2364 10708 32151 6495 6595 4755 6810 18895 19015 13001 16115 32528 12249 11601 7135 6144 5680 9752 28775 5903 30539 27439 24106 13299 5720 13342 31581 13725 16853 27514 17936 10347 245 14010 23731 17567 12357 12358 8152 6416 20879 2001 8507 19999 4862 31977 1023 5357 20868 26572 12858 5835 6777 17534 2996 30962 28805 29720 29164 18549 22463 10339 21852 25203 27926 11685 10238 11409 3313 1723 22799 12711 19730 3944 15891 30394 19904 6381 3353 7211 9765 13530 19520 7981 28661 8739 23162 20348 13904 4214 30096
19789 19434 11724 24935 9088 19561 12863 5249 21021 19726 24091 3526 23806 152 7735 14213 13001 21093 19078 31670 34 15579 13033 28034 17182 24326 28231 11269 13050 5506 8160 25170 20493 6812 9950 2231 12283 29108 27693 19267 23084 8678 17037 14726 18556 1001 3302 9112 24628 10038 7899 18525 30522 4717 2977 14598 14724 25333 22290 5595 722 4067 15613 2104 157 21534 705 7638 12362 960 1818 26956 3492 20671 1082 3030 1417 17100 14364 3156 227 26235 26389 8086 7131 30629 27820 17878 23881 2827 20139 24966 622 31547 1654 11085 13029 7352 29852 10060
12503 32085 12972 32677 22895 13026 14154 26686 2445 32010 129 28610 15039 15996 14427 25065 27757 4425 1967 7930 11603 31373 2875 3214 22836 338 7922 918 24269 11441 29591 24479 8713 11578 8843 4949 20083 13719 13284 26182 11760 18027 19134 16361 22446 29056 27606 9183 19288 22562 4693 17272 19596 26822 1769 18553 4750 8176 11546 15645 8254 20563 15068 13657 22599 13881 3680 7524 8602 23077 5680 20855 12315 1719 32635 25298 17817 21969 7853 11775 32516 6392 17987 9818 474 8445 32734 31441 7651 10460 23446 30697 14110 26596 18832 19201 3067 3864 12755 2779
11210 13782 15959 10584 12660 31158 2911 12931 5737 21941 12809 31953 12761 29843 24868 11944 14375 633 30785 15645 20123 16863 22797 18434 1879 26541 25310 30496 22924 672 19595 15553 27117 29168 20609 8562 14180 12080 24339 32006 4 28533 19218 16606 29248 24506 9374 14184 32346 131 13883 23782 23582 25793 22568 13681 6351 22518 3564 17469 16738 12185 8753 2078 31978 19388 13525 8523 11092 2796 28479 1123 23636 13657 21231 24237 12959 9015 22105 4004 1883 8803 17396 23475 25043 24394 3982 15421 6000 21767 5602 28896 10213 2251 31340 13819 10665 5250 6012 17517
23210 17587 13450 32416 10560 19880 30409 28359 18783 23504 16382 31331 10770 865 28563 28428 24356 21313 14823 19566 21280 3879 2537 28562 21885 21758 8421 863 22802 12682 26782 23136 30416 26701 11164 5575 2223 29356 10183 15794 28905 31310 12085 11950 24935 21189 19265 121 14200 13936 5597 18957 16329 19103 15657 26329 30354 12025 25924 8530 6157 7195 23649 26282 5420 21890 21790 26591 16523 29355 6930 19448 18340 17272 30117 22412 19522 21462 11557 11651 12856 21149 26134 3360 30034 24504 18121 12608 7052 1413 6960 13532 6018 24958 27376 8405 12072 16410 13752 1777
15035 12270 18897 20000 20471 20504 26871 5125 11659 24029 12136 18353 31434 17809 28986 25010 12195 15031 497 23884 14547 7018 6737 22278 11353 8956 20593 29801 8746 12252 22033 30980 1319 8381 28973 11443 28748 3316 25299 30497 27690 23586 12337 21644 8343 276 498 1992 20132 23527 3531 11655 9935 1904 15952 5335 20346 5595 3341 236 12188 145 17106 14368 20919 20320 4686 1080 29450 15062 16607 2025 4871 19949 20905 3483 5895 19182 26342 13164 22077 22415 19836 6264 8680 13406 26325 28504 7629 867 25835 6632 31973 25089 3234 12877 30291 23070 29275 9527
1688 28292 25798 16740 20746 18054 31223 24678 13699 15590 29373 3237 28246 22006 26671 18599 19079 24830 30599 23439 22587 18654 24628 18148 4973 22516 18474 18836 27875 29504 6781 5177 15712 4294 13358 4762 31004 27956 21317 28277 14193 17605 31775 12156 25303 4965 18698 7325 9490 8214 22543 17030 25514 22418 19215 17257 24732 14898 3602 21500 21327 24846 22491 2501 3529 24166 6336 24212 547 32065 19384 3409 15418 9299 23990 11255 9128 24612 7989 9953 6643 22639 29716 325 18691 13512 13733 32510 13786 13442 31489 7054 27519 32208 15262 29283 21051 26666 35 31833
1800 17907 5498 18049 18247 29016 30247 1569 17585 8315 24025 11771 30096 17617 15167 26834 13615 31176 29725 7467 18575 18094 12191 24145 7003 14286 6893 28315 18718 4828 23551 14065 18100 10899 9907 22413 16383 5532 10269 13823 32219 19634 15390 11380 26707 29700 8504 15927 30997 21466 7840 30072 12835 17532 20629 20045 27852 4432 3825 21238 5339 5954 8702 19813 9230 8808 14730 12798 29129 20198 23102 10139 11020 28944 13611 20691 1699 18639 7590 14972 2460 1094 4438 4974 28670 21941 1675 4490 3512 8349 29905 10235 15320 549 19398 29372 9725 14524 19496 31578
3087 12032 30514 15100 19501 11742 2089 32160 18663 31227 11314 2727 32686 24659 27750 13972 25480 30241 32296 16913 20489 4094 28086 10803 10366 13388 22271 19966 30571 3285 8373 3372 8760 7088 28066 17450 1319 14181 14399 18788 2953 4688 19587 20418 6194 20811 5113 21106 21034 30087 26645 28137 10661 7611 24264 18980 10549 25217 17746 31284 26431 20988 15704 29945 11180 20159 12342 2862 7648 21994 3222 32421 3824 28822 578 7892 13327 21620 12342 3729 25930 30640 30970 5914 13430 7196 28974 11352 28774 5514 7270 1637 26721 20345 27705 29771 978 22005 13717 19471
578 26040 4181 7150 30596 18325 21782 230 22575 31511 11590 18040 10834 29797 27005 13229 11874 29032 4625 10583 5239 10800 26085 30105 4536 24724 15233 169 27156 4889 30824 14037 16948 22294 4773 21444 19885 7701 20648 29439 11641 27259 15184 2479 4776 14188 30281 11689 31059 6121 29336 19879 4050 20795 12148 16088 7726 29845 32088 17308 473 15349 30550 28552 4509 11851 9902 3249 32211 20189 1183 26151 213 23530 20093 7103 29622 24717 24580 25366 6960 7653 2028 22994 16605 3955 2749 19755 27818 3779 18405 6827 21130 23119 13576 3633 18535 928 9111 24892
22622 2230 1188 16230 17195 7338 7925 29743 1762 25490 27479 9724 15841 9637 2868 16992 27138 15776 3432 32665 21 18024 30033 5982 18317 19440 14373 7896 25209 861 9353 8174 4534 20072 26719 22469 2403 3588 10463 16007 27030 2113 24809 15460 12109 25969 31129 12247 12712 2185 20765 10539 32597 18122 9155 32573 12363 17056 2902 8579 32699 28106 2219 19277 16963 30395 19319 31819 3174 9536 11363 23120 7481 27236 3427 24661 24926 10129 5187 32449 8758 28919 29571 4328 13651 20273 13668 19409 16428 17446 15683 2620 25621 5934 29478 6627 26222 11383 19861 28161
10522 27558 11691 23313 1843 31169 16748 16344 27131 19020 24665 16293 10774 19378 5698 29144 4343 13031 20572 10913 3737 10828 24723 16650 30575 26579 19233 30264 24221 28259 4704 25069 24680 32382 29916 2130 28907 31265 20909 31988 780 16363 9988 14092 7087 16770 24323 31491 9514 22835 24274 32053 5880 8920 3055 8694 17841 23551 15301 32466 28473 3912 16769 281 22328 3855 3617 23964 1995 843 5837 11697 2682 3766 30059 23933 11625 20271 30574 20338 10450 15708 3822 22806 14514 12179 23038 32006 32451 1019 13370 1595 16555 13806 1695 26765 22131 25250 18848 2677
23866 265 28021 23575 555 20725 7351 24448 31148 17792 3370 1580 30424 28331 21210 1995 14128 9797 26985 5700 30349 1039 26535 4859 24410 23837 4451 10576 19199 21119 15233 29288 26272 13089 13901 1583 4104 13552 12815 7581 32480 18750 20960 10809 3621 4200 24763 1756 14809 12470 23767 9656 9464 5250 19764 24472 15277 21405 5492 18537 17862 19438 15341 11514 32102 11612 22012 7680 32249 31983 3740 11357 8045 21297 31543 15010 4512 23003 12988 2002 19476 19629 23281 22377 9706 414 8203 23196 10766 15413 19068 16099 31663 20535 26380 1461 24306 22402 13611 2450
14823 32569 20357 21575 8636 12321 17112 10862 18480 5707 1794 28724 23883 19444 3679 19295 14668 11177 24401 9871 25316 3503 27680 31171 17825 29857 7429 31776 11437 27995 16513 8942 21944 9751 22003 4580 12339 214 26218 24741 7359 9474 24504 22922 16613 21585 9672 5538 17159 1772 20017 6647 662 4817 14858 23059 8326 25205 513 17347 27647 32430 26791 14363 1878 28625 18190 5562 22843 14871 10134 14416 7732 31046 772 4445 11850 24461 21460 15931 19201 7087 29649 16222 2446 27236 30690 13531 11589 22268 32295 17447 1617 28485 8772 2849 10407 28335 3069 17491
3901 9390 19460 117 32630 6752 31502 6451 16609 15216 20268 16689 32036 1594 7001 21835 23603 1839 27983 21281 12486 9083 15776 6355 18697 30438 26113 21001 14229 18680 20969 13879 10399 23905 7515 31775 5999 9112 5631 9879 30740 2497 21112 3724 10583 30420 21490 20039 17133 12284 26106 29167 5105 11581 12435 4431 26001 8538 12422 14042 22023 14582 2553 14316 24523 21753 26947 25171 24838 17461 26111 8974 14154 16458 7263 2644 17281 12742 28868 20697 27172 32657 12683 16972 25518 28041 2857 12580 29007 20073 634 22428 18916 3311 26966 18940 21287 20542 358 24091
31523 16257 16693 11298 17900 10449 28554 3218 25484 3929 2294 14217 25152 25783 9129 26945 20709 29094 17801 12249 26029 12762 24710 18008 32022 10028 26919 8431 1309 26615 15209 3710 10414 27842 16842 4954 20320 24863 4769 24910 17759 31698 30640 4319 8105 8758 5116 32724 12414 23261 7133 30966 8209 21367 21329 2325 32132 32245 18069 9547 23571 2286 28919 1669 20624 14145 17894 24126 25359 23292 20555 18574 18658 30588 23580 8036 31432 20182 24109 4879 31585 24182 3658 11268 25061 3846 26500 6619 32022 7058 712 29594 8819 29673 32694 19766 32175 7750 28591 18007
29793 23599 30512 30300 29181 5790 6495 22943 12291 21855 25060 9210 20086 17849 24826 7306 20624 5200 11718 26290 20916 7754 25319 23651 1700 15793 18766 23963 24308 13592 9552 14636 23231 32386 23033 4799 26776 383 22180 27160 24515 29848 712 10140 27302 28141 7189 21008 30074 26397 15040 20899 30022 14438 28699 25647 6926 20238 13160 9916 18247 8961 4335 22598 20879 12219 20302 14784 30875 29800 32529 12120 3697 16202 10370 1789 13527 18524 3010 2078 15883 24373 10009 12469 1460 12334 30603 17285 22041 25799 10156 2975 11665 9031 8373 31019 30778 12707 12758 31589
4590 16289 16846 15334 9331 7229 16058 7973 13810 23116 16426 11837 31659 10335 3962 19953 17638 24554 2656 26349 4653 4006 5057 25422 11448 1331 1737 9573 21033 6658 24634 23480 18554 18290 4612 22090 28211 17977 13591 16669 6880 15622 3445 26612 25538 16997 5259 26461 6341 13794 32193 28399 3506 13425 26960 30929 934 11277 14675 6780 18115 21152 15650 21185 21541 1059 9947 30989 7191 19462 32577 12780 13447 7634 3018 3276 4024 269 23283 12036 2871 13406 27351 12308 27408 3057 7680 2862 5441 3869 29309 18934 8559 6468 12084 19591 4312 507 31610 21174
17033 4203 5345 10906 30673 15863 5969 10316 31989 3104 2907 19179 18981 29093 11977 13027 12463 8942 11130 19823 26739 14762 12397 22877 4503 32696 8475 10514 32380 24899 20234 17869 23024 18994 29087 22576 32165 29375 20532 31228 3297 24421 21098 21788 10104 6144 27328 13285 18680 23088 3941 26268 10275 19198 13643 8760 10914 27586 381 15466 16631 22084 9394 26843 16052 1057 5410 23477 746 9584 6808 30052 1253 19110 24777 23454 6422 26039 996 9120 593 26238 19306 29115 9017 30303 1856 12816 25592 5931 17155 20120 8243 10563 17307 1639 12604 7425 787 18993
26762 21331 7847 16909 3687 29097 27423 24697 14569 11538 9052 9886 3875 20641 25905 32214 19612 790 28788 19052 6401 4026 23636 7075 2070 13963 14060 7417 22002 18329 17177 11436 13164 3504 18569 15230 14033 19511 10773 22965 17624 21592 13905 5479 1495 30050 26209 3572 15158 19563 32526 24788 2340 14137 18457 21395 2186 28259 19918 24345 13629 2739 24797 47 3192 31183 18534 28991 28553 9752 23123 12635 7882 21971 28138 31873 24787 1415 23714 6430 10734 16805 1334 7888 22476 17262 1273 6768 21878 21778 7017 13136 15237 16661 27654 13761 16534 20727 4709 9945
3577 7956 15488 17779 19625 16329 16208 7286 32385 1496 22942 2651 30636 26126 6422 25065 3166 15907 5533 2115 18113 737 30436 13349 14643 6536 30781 12907 16558 24690 24238 21459 19335 10995 5444 26627 30812 13443 25514 27086 8520 20255 29434 16563 10072 20716 5331 15270 4675 1310 172 10516 22613 9240 31592 12321 25261 5844 7466 20276 8616 2438 10602 9141 17821 4476 11593 24341 28619 27209 22561 3343 28559 3618 16993 3886 24539 11656 5784 29072 14563 18984 20687 31977 10777 30975 2076 10698 20572 4033 30324 22820 7276 16764 12993 30216 32162 28280 20788 25776
9438 11107 24029 25283 29632 17322 25977 15573 27675 15146 139 32045 13222 4872 5294 30668 32757 21981 16425 22443 32424 12055 9156 4419 3555 4508 32474 24146 22782 12720 20912 9949 11645 22040 31237 31601 7234 17535 32234 1199 15105 19738 30932 3080 6645 14728 24304 452 16849 8956 2742 9289 19962 29597 18625 11418 30451 5933 21982 9246 8472 7913 867 18339 17296 23729 30146 7074 15229 14697 12637 5572 24437 19103 27036 32678 26422 27502 17981 30425 31637 23714 4844 11822 696 12316 3348 21552 31877 889 17396 17137 858 19950 16117 23818 17663 17782 24123 15325
2009 7984 10618 4893 4192 12034 267 28049 31443 10883 25919 10004 23850 4888 18419 18401 17740 2909 7268 9485 26498 7110 6469 27221 4395 10886 24847 28954 13234 10927 1177 2218 7102 18075 5096 5057 10408 2444 12616 8016 6194 19599 23195 22140 14966 27302 23794 30698 8732 37 9818 12346 9424 14685 27129 32209 16371 29816 19033 476 13713 15012 32259 25233 30100 21620 8784 8888 10039 32130 12412 4715 26301 31578 18684 15642 2914 7059 18705 30930 2450 23871 24222 31422 17753 18822 3639 5358 26907 16269 24442 343 5253 14237 9122 24091 30659 16769 2649 16139
12019 16943 30926 30826 29146 13483 22280 1780 27606 29225 18298 14623 20500 17778 31959 32161 32259 19848 8743 31538 18953 29581 2331 21907 15988 30689 4765 17359 26803 23179 1452 23489 1734 8922 18535 14038 10483 19019 12135 21525 7099 20142 22354 23388 11788 12165 15533 9708 10168 23213 1522 12327 1062 19520 13283 22681 17736 26041 11293 4150 29388 16473 20976 24546 6551 32458 8558 26423 24431 25091 194 14466 32503 9579 15300 13838 16353 26177 24010 21670 16223 6715 24000 26453 7386 22893 20603 22640 24295 32621 5450 29654 9335 26549 12494 9847 30285 18760 18956 22291
19638 30105 32193 15428 7540 32424 31733 21439 1531 2158 9171 24279 26080 18811 4536 2115 32142 32478 21386 5920 25915 22341 14155 21306 28698 6501 26606 32391 20434 2460 19561 2036 3120 21205 23819 23396 8984 30381 25360 29430 25794 2260 22131 3463 24611 14773 19971 11897 29608 29785 13753 19122 22058 5000 16201 18151 11295 29234 16631 11034 32013 23310 30380 12129 7493 7041 22857 1514 24525 15809 59 1596 9374 11834 16720 7615 5903 20529 712 10623 12434 17831 29616 7469 21406 28288 7787 7015 4844 25316 2450 25400 30950 27878 23294 14051 25437 17763 12578 8156
18298 6189 9886 13336 29175 4969 13330 16518 6030 1590 25648 31966 18866 21136 3606 11417 9086 13939 2522 20800 17131 12355 4966 20970 25157 619 20358 15361 9696 6725 10047 324 29191 24122 28003 22290 23861 10026 610 6885 4744 26893 27235 24605 14450 20187 2451 2815 12210 19882 31421 7421 16002 29462 13340 5687 31762 29414 28269 4163 4150 14317 583 30249 7003 31789 12207 32178 23232 11331 1000 17891 23779 6655 20872 16068 23097 16978 28369 15974 1569 10861 11837 26403 27675 6183 17755 17192 11573 10655 5594 14641 12743 4131 3299 16020 9056 29265 3245 27265
17152 14716 5195 20104 28552 20050 6600 14427 28782 2235 19061 16598 22709 22276 9602 19516 5661 24636 9420 24516 151 9694 26614 28756 32251 26801 5563 3724 3581 21741 26498 5126 21086 14751 4915 13788 26463 20302 1866 8299 8315 20959 11562 87 32085 29110 9651 7376 27376 24606 13334 26387 9502 31467 19176 9011 19515 23390 28534 3609 794 19528 26457 9417 10560 27506 25674 28904 1360 31293 8759 32379 29639 8582 11158 24306 28137 11468 14329 23909 31996 149 22754 18461 28083 20493 26841 29526 22509 22001 28861 22851 20128 5291 30552 31571 19471 25023 28469 26803
11844 16485 14006 3604 22458 20343 24161 12974 18522 20110 10619 18053 17064 32361 31960 26091 20799 24718 12273 13894 16507 6707 29751 19 24693 32350 18087 10795 9012 844 8095 31301 27425 10000 21744 16061 7612 1916 25140 17812 20110 12612 2914 17591 5726 27233 3487 6020 27304 31668 21079 30090 2379 15852 22669 1680 19586 28073 18543 30681 31509 2785 25902 30375 26833 18308 20748 13310 31541 18779 22455 21930 26222 17206 13013 30852 13958 10566 31968 10224 30936 1224 17972 28330 6599 10979 102 25795 19119 23252 13272 24294 1052 1864 13194 8928 30778 20233 17203 17759
2445 26845 25489 5370 6626 1708 14589 13938 17798 29664 16450 22072 24245 29457 17839 4911 15701 7906 21099 1714 14053 21030 1033 3545 21168 23368 604 14328 3654 32489 1933 32361 17964 3530 11882 10636 5843 4589 31489 1803 18887 22263 20846 21859 9001 20953 20209 2208 9055 11183 14660 19559 4362 29672 30763 26426 24376 15784 19788 25336 17372 11370 15937 7843 4731 13290 25836 11622 12071 3906 6666 9943 11697 13139 11787 19577 28955 16486 9250 10373 24396 14099 9112 2538 32007 29795 4965 402 1566 14641 5121 17639 21987 16598 19320 6550 13280 11013 14269 11922
22728 15603 31552 1629 16301 15803 22466 22147 6002 29186 19304 103 26756 31446 1039 1857 17093 7132 7392 10088 1993 11435 23076 29389 9541 14707 22361 5832 21444 5858 23429 12056 11676 27976 18378 18981 12833 32505 21563 647 2328 11763 3822 20940 6767 1216 20818 118 20011 18078 8131 22340 2209 19166 10076 30131 14057 10122 19981 29123 32656 28490 2285 9470 27533 1672 27857 19127 7030 21459 11549 21392 23796 20353 31962 4671 13429 13977 1545 9617 12064 25840 27447 17326 4366 6801 1874 19104 13239 12386 24507 14863 10410 5 31900 31310 29826 765 7036 5276
30229 27922 28689 16547 19950 17910 26453 27461 23038 17960 8412 6808 6542 31513 4708 21295 3448 30350 2478 25244 26775 3397 140 13106 9340 26843 30524 3344 20066 28909 18676 26715 8292 20350 11966 13514 15086 5272 25734 14952 4722 15670 9329 30613 25948 8546 27761 8270 20039 3483 16919 8879 18033 2937 26792 21686 11372 7572 15730 12106 8983 29345 11872 14972 23757 21470 32461 3852 9948 21169 20118 4399 18745 31115 6003 18575 3698 1043 5255 31124 2019 25217 18485 25570 25133 3143 5174 18979 24036 26103 6120 9990 16520 15969 18665 13191 20919 9979 31205 8818
14496 11143 17324 13602 19899 11503 1160 3471 13496 25460 27085 24968 21173 19463 14257 29500 29875 1271 17246 29439 14923 24013 21318 11851 6301 7797 22967 12293 2442 18846 15791 13826 15139 24162 9713 8138 21344 23850 31320 15004 7190 5068 3948 3762 11043 29943 12339 4549 23275 32465 31306 25300 9993 29918 16435 29474 16702 28964 26097 16510 29357 4237 27602 1222 7499 16012 7053 32430 29073 25603 2956 14270 11380 32101 27787 27546 29078 23576 21858 29830 5566 5917 287 24873 28038 28402 13144 6033 29779 10423 14016 10616 24458 9361 10743 15814 29185 13132 3751 13143
9140 28484 20172 24829 29114 7301 11347 5833 27255 21553 20199 17542 18962 32546 25608 27015 15145 25553 1373 12707 4036 19318 22859 25469 1672 625 8646 1033 28718 14313 11623 21323 18739 179 24255 1634 7120 373 15852 25286 15916 1035 18537 7886 16593 31785 29483 11125 8540 16194 4841 19293 5497 29609 7867 6932 527 31479 230 28311 29368 23468 27126 10260 9588 28185 23054 27636 32414 20605 21629 22041 31007 26222 29073 5220 26337 26490 17072 2683 5511 16655 15524 25289 11099 20376 7223 12486 20615 13033 30976 2168 30857 16861 31356 12090 24545 24893 25441 18876
4620 16868 26414 11083 2998 18977 32263 10834 19756 11869 10944 7713 28944 31998 26424 27118 6992 8587 10984 14617 21592 8976 16315 20661 9351 8644 22816 6723 992 22505 8542 19392 29187 8692 12585 20707 19035 20974 9586 22944 10392 21018 18307 12784 29024 23256 31562 18132 21313 16329 26613 31895 21483 6196 3776 14932 15772 18088 17419 20153 219 9187 16048 4618 24169 20723 12691 26985 28021 29851 9083 3924 21007 26616 31008 17775 14303 5732 25989 21380 25879 5275 13447 30664 31142 13085 9142 11360 11951 4051 15717 26147 10809 27380 27133 12450 15144 17194 11159 19301
4460 31985 14281 11384 18040 6464 25535 3111 18933 16236 5774 24069 1720 7753 13766 23347 21490 26770 16454 478 1703 28811 2901 11786 14178 9956 21998 12174 4134 225 9818 352 13991 2488 9733 1555 9914 9019 28554 28062 4363 14774 784 10335 4622 28443 21721 2912 21816 348 10776 2520 30830 28697 14339 10229 17342 9595 14634 2776 2381 9824 27911 18914 16784 3512 13782 25902 14271 22318 18599 1374 23175 15628 9137 26779 1280 11608 16105 8407 21470 6723 10963 1877 23275 10693 4504 2412 20149 2177 20058 12936 30339 25582 3780 6001 31374 20408 13029 1744
25198 6756 24382 8943 22483 21812 29977 18624 373 4938 25885 26657 2638 9231 4128 12638 10502 19670 10812 15351 15279 17853 21541 2724 19378 32212 24249 4247 3593 27266 27865 7169 13231 26148 26488 18903 7765 25078 30705 26326 19799 28471 31902 25029 5870 25480 11174 13050 423 7318 22550 23839 21012 9976 3380 27446 8385 19547 29712 4059 3177 19676 14171 18889 23658 18357 22908 12704 10103 5916 12513 21734 21133 9064 32403 16971 31784 29046 21262 11057 10166 28747 13647 15979 15692 18938 16430 8261 12696 15304 10734 9157 27159 14735 27155 10545 12679 24672 29043 17873
20640 31852 10384 6390 7935 9765 10277 29244 8291 15008 24575 11531 539 13118 8206 25956 3263 8331 14268 27098 24095 19558 8061 3806 32633 18275 24744 18240 11247 25965 12165 9715 23351 28080 27559 11537 25749 438 31356 3614 19974 32719 12322 16273 7102 25783 14972 2960 13269 28787 17030 31740 10814 4732 14309 18349 2296 24863 31427 9471 26760 8228 22489 9613 27814 6830 2765 32572 31031 21602 15039 26236 13179 21963 9503 24010 9096 6141 27329 7801 2551 21369 13107 32435 15837 13905 6734 30907 9981 17805 7179 14196 10299 28108 29336 19495 3668 1839 6827 29057
22221 20594 29207 32731 25385 9564 9373 30399 27743 29786 23300 16295 19083 14183 24683 3591 25828 29742 12767 142 24046 1907 11305 26537 20465 16303 19433 21834 11689 2810 13289 23015 6975 15406 28075 4805 21368 11082 6212 28022 27949 13588 31085 17569 5371 24067 9432 14849 3899 7259 11712 29104 5684 3482 5828 4774 26768 6931 29685 12412 7181 20953 29486 630 2165 29150 16036 3009 24272 30812 28093 6393 16600 10612 30758 14063 27821 23830 24352 1704 20682 4896 282 4777 7224 4810 19333 2417 7937 6465 16100 328 3816 23442 31010 10551 1111 24522 14889 2904
17305 29019 5808 17488 9801 13506 19796 21529 14603 7783 29163 27653 24954 20677 25365 24063 8289 9674 15891 4372 17453 26497 17629 7987 8098 31726 27246 49 6350 2106 31075 26128 9275 20240 2244 11905 105 20038 13090 3495 17787 24512 17378 22046 7473 24977 20184 572 14102 10596 26136 25239 19707 18203 25096 5575 19363 23221 28602 11629 29632 373 22905 9332 1822 7744 15778 2710 22047 328 10166 2338 16743 13031 16300 9469 984 26061 908 25063 22721 21598 16185 11008 21074 3414 13966 9355 29780 29615 13741 19185 26391 30148 31636 777 22187 16310 13042 32662
21074 27919 27960 8210 16438 32165 21490 11434 14680 4546 1112 5001 25033 12673 18720 2905 4380 9083 9879 16135 24347 5795 27888 26311 26809 9071 17628 29273 24904 26681 27227 10378 17388 17636 2513 24573 14672 31170 29532 13611 1431 11701 6245 25001 4758 8085 1909 6314 27200 1746 23114 3268 13665 26459 18987 759 4752 23742 24184 5867 22878 8336 27013 5241 7636 20495 18344 2669 2077 13574 5265 31370 21631 5617 19162 19151 3984 20834 479 23545 25254 18595 15824 26953 1167 23965 1541 5511 8834 2040 13713 18759 21846 17796 14873 18027 30450 27096 13543 5353
27653 4409 12858 11471 13815 15037 27360 388 24863 19887 17415 21072 9014 3638 337 25630 15883 17714 23846 2177 31353 8039 31566 5622 20374 2013 27071 13673 2606 390 9139 10490 2160 17442 19198 28672 24038 8288 2975 27726 29611 28486 23957 27830 30936 4306 6388 16588 14143 15842 4151 14828 8284 12625 9432 15743 9864 27747 2590 19577 13936 6755 10807 9254 25798 22410 24966 23591 9270 24355 1086 9656 6044 25837 25136 4148 21620 7617 15585 30426 10641 15220 25568 31697 15891 24575 27478 13418 7315 19421 12511 27302 32416 19381 8856 6136 27759 10553 31866 32075
1230 9038 28646 31815 346 12653 27008 5584 19186 5705 26945 12752 12907 1458 8392 5175 8581 25017 19441 9024 22558 21269 30633 25333 2470 16581 11009 18933 28371 27383 9857 21365 8086 11561 11710 29317 18765 11150 3886 19092 5434 28595 24124 20791 21300 14434 5016 15654 15516 199 2001 26247 25491 721 31781 31856 8810 14555 9624 13223 8026 8844 28227 21164 14454 20731 24815 16121 27613 32279 29410 28552 4148 13127 8185 26774 29012 17229 3319 9383 9535 7024 9245 3786 11609 12250 24571 29214 14293 1855 14469 661 5485 10687 26217 25336 14166 30478 28832 19499
18803 10194 14403 14771 15561 32332 30369 16245 22067 27195 24974 27840 5462 9213 27134 24718 2008 760 18642 29447 23757 4920 19953 6215 19570 11865 9627 24673 10270 7080 2042 14500 9845 31621 1786 21021 16351 524 28251 20828 12089 17652 27141 11131 27338 8374 26267 21597 10616 30962 24658 8756 18491 22543 5124 2630 9171 12835 18048 6896 15030 20242 5669 22251 11085 8185 2735 21966 25183 973 22352 19924 3534 16191 771 27360 10113 11235 27421 5822 11425 25234 21540 5804 21768 25869 31973 8729 24310 2786 26561 22188 17158 13716 20040 11656 25697 4086 29449 21967
4402 23768 17831 6244 26458 6373 3376 10486 29028 29644 3243 2106 4027 25758 22000 23415 538 23927 16061 23880 9541 25185 11269 19358 14583 1909 10123 30468 16923 6724 29616 22311 23870 31349 4489 18581 5445 26031 27957 22469 4699 15033 9326 15704 13614 30687 7005 28574 29275 30872 21427 27996 550 13927 14837 9676 14447 4351 23831 8678 6370 25002 17485 21214 31597 24043 22302 10734 21751 3426 3002 23893 30799 22257 20365 32416 25442 26909 24084 17960 27826 439 31216 14300 25859 22715 15417 1344 343 12920 28180 20662 8477 23793 8328 13821 17574 7300 30349 15351
18392 19401 21862 5039 13606 12989 28465 18586 17600 22816 23485 17949 23558 22555 13211 22096 8515 28454 24952 32258 30616 24617 7594 23037 30518 22241 18440 24970 13776 24454 5119 12856 29521 12459 15074 18650 32458 19557 10370 19407 26542 15535 22015 19078 20289 28429 18141 5696 28238 29552 23642 6168 8984 8794 29439 18497 7060 28226 32374 10896 28629 25658 6043 29754 16584 8143 12501 16094 12065 13873 25767 27846 16021 23700 4738 8810 31050 19925 15838 31029 26508 13153 25481 20364 12225 5459 14654 23053 29343 5596 2937 23060 14236 31720 11658 7556 32166 20734 12264 11204
17429 5736 20681 17415 8158 21909 23279 4305 12553 4027 26309 13495 3173 20672 12714 5222 28026 26971 32653 486 17599 5239 15034 11552 30221 3032 17907 32158 23380 20480 13507 14739 24461 10068 24079 7707 17903 6267 31982 19651 29030 25607 21435 12876 16449 16727 1384 19116 20522 25275 6420 26198 15964 1242 23520 21691 14352 3409 5375 6161 28472 31901 16397 1619 18288 14139 16802 31625 20274 27149 18982 329 22857 3584 23271 3966 19080 20204 8552 19048 28603 22972 7421 25060 28638 21966 17044 30190 11917 3485 4822 9316 12988 2717 22127 9228 26024 10342 29865 4313
15885 25365 6208 19818 11162 25839 5746 7636 22178 5960 19541 24481 2068 15012 26221 793 19885 18971 18046 10688 11884 11778 31647 3615 839 455 144 6343 18460 28957 13389 18068 30954 28761 16611 17455 20289 21532 25731 25302 29687 3123 20693 19040 31005 1467 5262 3195 12337 30857 17221 32057 12437 9161 20355 29899 8768 15844 19225 24204 8372 7080 438 14657 18992 21155 8632 27806 20262 23247 26435 6157 5615 29557 32144 16044 18110 20299 2696 29844 21459 19423 6290 29025 20977 14393 21161 11247 13585 28348 18097 25441 17752 17998 8715 14696 24647 7865 7271 16834
23090 3152 1241 11008 5107 26325 9520 25741 6367 16282 28547 26092 22777 743 10764 31553 21350 18588 3385 15123 17697 6167 2049 2384 12272 9048 7797 19345 19863 15715 5783 12960 17227 4070 26478 15672 10601 21532 7770 22539 15208 4849 11942 16137 17421 12391 24412 992 6621 17976 19293 23999 16344 4541 10160 9824 32356 30990 17435 10309 2184 27499 31216 8770 346 8411 32042 9275 30139 32018 17336 10543 7745 6552 30489 4725 32117 15144 9257 26694 11839 13911 7483 892 30366 1910 16999 1177 29340 8632 9254 15371 27522 14744 13340 26543 12104 3701 30772 27027
31823 30591 29682 23552 21843 14295 15365 9912 20891 24050 26652 31100 15730 12863 22267 20433 7899 30985 30926 25092 29313 2974 5053 10092 13549 3249 14016 19951 3067 15357 20149 19143 9359 11563 4528 26758 6276 26102 13458 30296 28901 10125 7901 31881 6240 26424 4294 6727 20983 14911 28556 28840 2041 14600 11273 16111 1841 7551 30599 5131 31325 8378 15060 14688 14818 23518 921 15050 17341 12348 23527 12255 28605 31424 16403 10869 13295 5772 9924 28261 3418 29408 20298 22158 24813 16445 18993 2844 26806 30922 28694 27914 341 18422 15034 23269 27567 5471 13397 13011
22247 14067 28973 13781 18058 3668 18278 12361 10505 5505 14620 2995 12909 7860 17583 11708 20294 19334 3934 18555 17380 32601 7704 32756 19402 20727 4238 2270 19808 16247 4749 9386 30184 11873 30603 7872 20915 27922 13440 12044 13461 19809 11255 26041 1686 3458 100 1084 18666 6443 24760 26517 26404 26102 819 26577 10406 28423 17017 20692 22108 5102 4329 22613 26794 24270 13866 13610 20898 30143 2822 15302 14203 15218 10108 9216 13118 25364 14096 23574 26563 31604 26470 3313 1244 13671 9487 13226 2768 26988 6819 29774 25099 8332 9744 2526 6931 9348 14385 30618
27326 23334 21155 24447 13987 28925 6100 8719 17870 5936 8540 11088 27064 22696 4241 4375 13174 19061 3413 26246 2352 7022 10035 26836 12245 18200 19627 26956 7437 28618 19657 6297 9583 9230 5885 5952 23285 4937 11558 28526 12204 30111 31728 23540 12464 11025 3424 144 27992 21992 18861 30574 24238 29783 14930 22510 25378 15708 865 6824 8831 17639 1818 32430 28189 11070 26556 21520 29017 23456 23451 20390 17986 7720 1907 19465 17045 245 21244 7139 4332 23688 27582 20841 27186 30573 27175 7973 858 3358 19675 13817 848 15396 15947 17505 5424 8063 22665 31480
27319 5960 23387 14910 17143 1173 2190 19864 18766 31901 6796 22424 24728 14109 2353 21375 11940 15354 4315 20480 31717 5159 12224 18247 15210 457 3461 14394 20240 921 268 25855 23543 10122 10381 23230 17202 28845 18408 9896 4803 21585 24889 23608 710 4718 15277 20664 21228 27972 19605 12296 7211 1087 14009 20123 27316 22046 21487 23746 13350 11860 31980 24365 32257 430 857 4270 18525 32311 4650 4417 4316 21081 26667 1610 477 28484 8411 4125 8690 19092 32638 14531 6037 25389 28782 16380 21782 3434 13490 26752 16600 19064 27601 10890 11709 12028 28648 28567
14303 7420 14331 15211 22913 21756 13449 26198 19525 8807 23139 19637 2719 10033 20414 6075 1417 2747 28550 882 25208 4087 5877 17916 21903 22220 29029 31775 27667 19644 13922 16129 23328 4292 3588 18223 9882 20099 3963 16612 13413 21663 3564 13705 8153 27237 10108 11896 24944 10415 19114 29957 7874 23051 9697 5055 14004 9753 13645 31987 24044 3125 25327 31346 24456 29014 27884 19092 22031 17718 1579 3709 28839 692 25886 28063 6281 3958 13536 4736 2739 16082 7297 25790 14812 31727 20638 9296 3245 24359 25396 18958 19502 12976 17845 20852 22143 10876 12636 20387
27080 21341 27070 31656 7026 32109 3491 3073 20376 9645 27155 3421 17592 8940 948 5796 1967 6635 19027 32311 25572 31934 10944 29817 9155 6517 29407 10126 13677 31740 15356 21603 1965 10048 20319 26862 13103 27027 14624 7095 17388 20562 32061 7319 14057 32453 8938 17087 33 27718 2600 23549 11455 19878 16281 315 30097 11724 17043 5193 21946 31135 29043 19164 31143 807 4148 27350 6724 16366 7488 7111 6255 18093 26757 29108 27821 20516 8396 5400 16155 16202 19270 11305 15272 29862 22888 26972 30338 28925 20729 25387 29902 2861 14954 6422 11676 15705 18789 18920