100 100
21316 25642 15703 9633 2812 21300 22754 5953 28317 28437 24632 25242 4549 31295 21519 27990 19467 5185 8905 17700 10734 14062 16641 9728 27148 3772 12388 13750 23189 12906 26818 6305 11006 32230 22372 17337 1530 5229 26785 12237 1958 19956 20396 21004 25603 5063 176 32202 20906 28784 4383 4993 3259 22234 29255 8470 1559 25782 14886 22366 4815 9246 28287 30945 12252 4216 1581 9694 11792 25246 5304 10639 23116 26684 21542 11437 30196 27257 275 28983 5024 26585 15620 31600 11284 9569 27385 19495 32627 23293 14913 4154 5807 32544 21394 26973 31044 30122 23641 13336
27430 9742 17487 28431 18167 15540 4429 10118 18558 7068 7521 3876 23381 15941 31521 7927 16865 5325 29759 27577 10375 6745 22110 3922 31005 10935 548 19357 671 23362 28817 19055 18724 23302 8847 7894 4624 7717 11978 27550 138 22650 25025 21274 22065 2939 9246 5153 11274 11108 6978 30806 14269 8082 14373 30636 28930 8748 10333 13610 11094 17161 23932 14572 30706 4558 7839 2923 25597 13143 22596 5630 26369 26201 7772 27808 5532 15173 5282 25843 27768 879 12586 7813 18300 15215 3389 24658 22852 29895 14436 28555 14031 711 16835 17302 19320 28334 27560 15190
18728 30482 15716 14252 26825 7810 26458 16190 3838 3433 11605 3959 10513 19253 19231 16079 22061 4793 1871 21580 12493 17872 26722 30792 19572 17476 16397 8822 15263 10734 210 26912 12791 14366 4562 21938 5836 28221 5346 25212 7103 5552 21216 1460 11198 17664 16968 28090 17974 7736 23554 21152 6787 19599 12926 234 30636 1351 32515 402 25677 4053 6468 848 29396 6466 3381 26904 9712 22225 17180 8675 31047 15330 28139 11698 25192 18198 13261 29648 24064 10932 17663 20056 23888 21580 21729 28408 10206 6042 10573 244 1387 172 13351 11374 17446 4423 27445 24292
28447 28040 21041 31994 18686 15303 27421 24954 24309 15296 215 19865 18419 22773 32749 11900 25627 15438 20914 23546 12404 8451 28050 13476 738 28859 5282 15106 16981 27382 27515 6176 28480 23464 26185 10057 4173 9510 15135 28435 22351 8518 20110 11164 4727 7618 20085 19986 15820 30686 28442 5497 18645 6987 32378 9384 25752 26698 16862 14741 28105 17685 20911 27091 18235 24186 26507 2137 14490 23497 21144 6277 9564 2544 1561 29281 12277 16869 30271 31780 7498 3652 14145 7420 3177 21562 4783 19722 22135 929 1795 26286 10985 4716 25977 7430 15352 18246 544 15281
3918 6006 10801 5081 18182 7174 21664 14960 30419 25124 16626 31673 22911 6856 30798 10251 31384 28055 25814 7634 10342 29448 29496 13526 16927 6597 29311 28352 13918 31572 9776 4314 17874 25590 16018 2838 24115 4559 11085 20562 8571 28488 31798 986 27986 19634 17514 8238 30410 23852 13210 31494 20044 31430 22949 19092 24531 30182 18540 4105 17239 29675 2018 2906 29069 8465 4194 7236 12493 14740 16198 13454 20051 11801 31157 16270 30635 26441 29116 8942 18535 27839 16800 15536 24595 29476 20851 624 5227 5528 15078 9705 5067 15956 8030 25275 3046 654 9290 22892
10427 30109 2483 7084 32709 14174 3860 19933 15218 16854 6765 466 6871 14873 21907 11991 6562 18538 13770 27378 21584 15267 8597 18793 31904 31704 10445 644 29255 4151 753 18580 21477 15410 18365 28212 7224 30689 5630 16847 8079 18337 7332 16995 32130 14082 14873 4484 23265 31456 9681 18083 30698 32463 22563 1936 30399 25021 9303 2622 26135 9682 14592 25543 25651 6043 31372 18607 28180 12392 27673 8813 12011 30706 6794 7719 25553 10561 15834 6334 10168 7885 1201 3082 15265 18916 15925 24935 7952 14667 22051 19824 3261 29480 22302 6410 12173 9759 26439 31653
9152 30140 29453 27326 6252 26129 31303 680 9514 10912 13184 27789 10255 23675 31121 26032 16350 23465 14198 19444 13947 24524 18010 21410 28579 31745 29172 19047 12251 6664 5910 2972 20390 12453 4227 2506 12027 14661 26114 4462 31990 10469 29104 10489 10190 28720 28570 12827 2311 18151 11147 12353 8681 18054 16675 22621 31792 6181 8745 19941 773 14748 22306 12574 26669 7658 11811 25242 27009 11480 19427 8191 2718 26073 21268 24075 5853 10805 5620 981 32646 29286 1567 27478 27200 29378 22183 19239 972 29531 1126 28044 27379 24356 14483 22706 18365 20053 14740 19509
25316 4112 24083 14309 20872 30532 13908 4042 2340 28370 24518 8550 28609 6382 14040 20025 15466 32200 23309 20363 15327 3436 14675 26469 19854 30951 4241 8929 11454 9900 9343 4515 23054 17974 4794 5800 14622 18158 32280 13887 13964 13902 1080 1364 2594 18759 12638 7668 26957 5344 26238 15630 15825 14881 26007 28023 13500 2351 30787 25649 14744 24504 25739 29165 12773 18065 9215 11726 3271 4766 4359 15728 31483 3315 32372 24105 25359 26168 27994 5007 26067 31058 21794 7994 1803 8512 12763 9675 20070 9794 19665 9516 29876 1601 29537 8218 29011 7275 4107 8929
31722 27678 22985 1383 22106 4871 3487 3692 29426 9867 26228 23568 19171 101 18208 13718 30963 16017 19142 10855 27765 31337 12132 8794 18552 31503 20136 17202 17215 26378 6406 20329 6641 14644 18183 25132 27794 31955 13540 11430 5682 5382 7251 6273 21860 4963 8353 29610 22770 25054 24833 2389 1231 17388 1316 19522 845 29417 30729 30270 30352 22967 17687 16620 24131 13225 19305 7109 1417 4767 15209 862 3383 4210 4768 24041 26176 12178 2508 255 20593 12013 10547 17565 12638 21779 30520 18284 22428 30360 29996 18501 32304 15290 24166 14580 9288 26948 23958 28220
3369 12467 11350 4380 31849 19350 20738 13649 606 26171 28362 14620 27862 7559 23557 21061 12296 5158 29384 27744 23499 25317 20408 15439 28934 26715 29468 11528 11112 15311 30775 2457 4953 18262 22228 2153 27696 19772 25378 7104 21158 23717 32706 11145 8074 31092 13855 7255 25271 31596 10494 18343 2628 26773 5462 18789 2554 20194 21857 18097 5899 24848 6643 4578 19456 23249 19979 20427 18676 28714 22695 574 9216 19482 12509 7119 15862 25212 30760 218 20306 6446 3840 6600 16749 3187 22445 23181 10228 29334 7004 25461 28313 25297 17779 7969 3848 876 26914 460
25373 25385 17722 19924 26452 480 14915 373 385 19559 26313 20951 8129 4020 24054 22347 17328 10054 11366 20177 19932 27329 7990 5343 7546 7896 350 15709 22616 28015 17217 27892 28435 10497 16515 22408 12682 24384 6171 2051 1938 32508 19113 21845 8684 5446 4873 10425 14196 26069 11560 31033 8858 25257 32534 8308 29462 18157 22621 27807 18392 22818 15250 5066 1342 6266 26153 27748 15242 22914 2701 3842 20883 5636 28785 17756 18363 29740 28512 27288 10016 18665 30620 8396 28951 6550 7461 32702 8918 24794 22808 8430 8560 6861 30010 11478 8711 23644 21973 19824
25148 31214 5571 10745 17643 328 10440 20469 10006 2733 30757 11635 286 9546 11625 146 10297 25298 8075 24644 17440 18022 5686 16978 19720 6839 22372 8864 9684 29550 13102 12211 9865 24012 482 8304 11010 1165 18519 5926 31205 19219 30333 13775 6101 9152 29752 18323 23273 9636 28783 9102 21085 9560 9824 11475 22152 21801 3382 5041 21774 12409 9693 15413 11607 13923 23317 28143 12608 14238 10181 12537 7696 15268 30610 31798 8621 16659 30129 6360 16400 23891 15865 24357 11510 32633 9277 12410 28120 23147 1496 21136 22558 14917 22921 4094 16272 18684 29058 16895
26893 1602 9147 10102 5503 30377 19596 11567 14606 19978 24443 2920 12948 6440 31315 23696 5969 10897 11894 4430 26337 20165 29811 26053 15210 2970 32219 15383 18970 28383 22865 39 18385 12352 7393 30884 1562 10857 2707 10563 23648 28527 25407 10827 12639 31851 23458 6487 14552 20584 26546 1879 14729 27263 20527 2009 28508 29504 18043 17799 24031 5460 27307 16368 9972 18785 30686 5771 14794 6446 2765 1272 28171 7688 13988 29834 24407 15972 23569 18179 7410 28357 30362 16030 441 31200 21555 10067 18523 5118 27408 9558 12229 15779 16824 19681 17374 14701 7515 26419
7797 6462 27237 2265 13431 9886 4947 23852 870 10842 14789 19227 13062 22385 1493 22314 32602 23857 32680 26299 32462 25758 10050 18572 6326 32019 16031 9858 16375 15404 31231 17573 17924 5346 2689 12651 23053 10744 14067 19257 2163 8087 30441 16167 20094 12341 17420 25860 5714 2235 5557 7322 12063 12262 15035 4146 5529 31981 1417 91 8360 24933 32371 31976 26208 2658 4170 12088 27955 7392 25389 6586 32101 4449 22947 28847 9921 29399 25575 28722 20107 1219 7555 21366 22965 5279 26912 20816 18261 31354 32413 16885 20311 3298 8030 20996 22895 3078 25831 26311
24658 18460 23977 6070 5414 1793 27675 24892 22327 27935 7181 29886 21483 28052 25146 18906 25336 1425 31260 21740 29396 18175 22020 1751 6510 30313 21865 31234 7451 16406 13696 28832 2515 18549 28686 2101 9885 7103 31867 18005 24392 16599 10023 25263 30300 29557 29441 29259 4944 18819 14677 22544 253 18375 31717 7817 12371 10691 7484 7913 21323 24793 29503 6476 9244 3763 26629 8767 11442 32482 7400 2435 8796 25541 17372 7694 10693 23213 8960 29523 5925 31550 30323 3011 32440 30233 9321 3220 10608 1720 30590 24257 16871 15512 21322 24914 19863 24478 5941 4317
17997 29620 9100 18509 26587 8115 13525 32482 1549 31621 2400 10105 32479 2443 1311 5390 7405 24380 18359 2175 32299 16655 26839 19346 21206 13723 20169 32058 2219 21501 21319 29462 13910 20859 10895 21563 23341 4711 16570 20787 18206 16965 329 7493 16102 14128 15617 3319 12420 9337 8697 32210 3054 24722 31217 27493 5122 16938 8933 21901 15295 22682 30178 23539 25525 896 4121 13013 3002 11689 12850 21770 19679 12085 10722 5952 12195 6901 31168 137 12902 31512 13140 3094 5152 16647 14193 14401 14162 27789 20677 1745 12605 11835 23727 21114 22867 2315 30288 7588
27883 14147 22501 15982 6968 22172 26196 3057 3452 8100 6916 28873 16249 11361 16370 1746 15400 4663 12802 8239 4782 21259 7571 24977 6028 27049 26965 20917 17942 30051 17247 559 22054 18683 1148 13671 23057 24772 24006 9697 30938 1027 1143 21185 6310 5531 20475 30094 3440 22506 32330 1334 8190 10222 4724 27218 276 29612 381 18604 31975 28626 8556 510 724 20635 3743 22013 21842 2547 31585 17302 30246 23260 7615 3960 8918 10256 12183 5074 30047 27111 13553 15710 32042 12668 31890 22942 25661 2315 3791 6758 29871 13214 32416 29338 4702 4073 20725 12345
31972 8818 28237 30618 28102 2805 21124 1014 26351 26886 28396 20775 17757 29688 29344 4783 27675 18942 27925 7164 7023 14992 32498 7659 18516 4112 3362 23946 2090 7342 10791 18466 25773 3721 10673 2165 11300 20246 4719 324 4570 29126 25125 20756 13010 30179 22527 17202 21175 24507 14629 20981 25874 27905 17295 7747 14016 26736 17179 86 19362 24753 31964 5568 17558 18047 25781 28845 24998 13833 20775 19561 29824 28568 8552 27426 22310 17265 2485 238 15079 29949 31208 20496 25486 22823 21069 23159 8921 13318 23218 19591 10285 6588 12221 1308 30855 22174 6787 24268
8886 8853 1621 7789 968 9155 2269 10967 12226 1130 12395 29163 21140 8202 3209 7893 7499 3018 9429 1421 5001 32281 21008 26532 19762 22933 11634 30269 105 24364 2624 13658 26555 19329 11681 9305 22681 25489 14510 20414 7692 13462 30920 12338 27556 2860 4654 31436 31922 26034 14542 18064 13238 26099 27484 11061 19995 1541 25762 15660 34 5234 14103 2781 3357 15254 18098 32564 12253 6216 5376 19804 26477 9149 4981 18890 31745 29864 28672 21630 20521 7078 4065 14469 21066 7898 11455 9411 8783 22740 18421 8687 16284 16056 26670 10719 21315 20892 21809 17414
27259 16177 17918 19259 13646 30118 13593 16571 7569 11977 20262 20594 18969 13936 12214 27254 25132 28695 24673 5589 9526 24522 19989 24720 10941 14918 10413 4327 24215 16475 24773 31703 3419 27028 14285 9442 5397 8730 5725 2830 3646 8150 7368 18224 235 4822 8692 24426 31300 13554 5225 29683 5688 31919 29095 10518 20847 30563 18365 29310 14208 3738 29975 9136 16741 15545 6808 27097 30764 29921 29673 4810 12270 16918 2576 17729 28421 24993 29764 3690 21882 23730 6911 26789 6333 25930 12630 8074 26521 31320 22662 13610 19046 5923 8655 11416 21377 29159 25221 23977
13305 3523 3684 13815 2187 9170 3108 2860 29393 10137 14413 25213 21174 27297 2637 20852 13357 9060 4039 23539 17699 23406 12847 29558 26545 2236 31380 31640 13463 22120 18364 30681 486 24712 10870 18078 16892 26451 23596 3449 20149 15749 952 15019 29920 30213 15480 16359 21488 5317 5029 27225 26100 18154 28640 31719 17354 26158 5902 27063 31119 19330 18022 25585 32601 13559 4296 2758 10793 17118 30545 29873 10523 20526 28716 27132 25312 10791 20395 31111 18286 27445 18326 19141 27126 32023 28867 20743 30487 1600 4838 17405 23377 18046 7851 377 11708 9945 3586 15479
13050 190 7866 7515 3178 24669 6994 14201 26526 17999 9740 30682 16912 11388 14914 28989 5392 21052 22525 10589 32257 5052 3524 19314 14021 20644 21682 25594 29302 9718 29388 2489 29271 32569 22417 6143 26378 17112 9938 24105 29187 7621 26051 26730 23356 12897 32339 17868 20266 11936 3257 28529 14577 3432 11087 13599 3284 1851 12452 21244 5871 30230 5068 5269 8744 12441 27387 10533 2915 8295 14419 3349 5365 6096 30969 11455 3675 10926 10862 9335 9261 3724 14877 16844 27725 17934 4912 10763 612 7053 16040 18949 18575 12033 18861 29458 8277 6948 26146 18774
12253 30164 31101 26435 1885 12217 3542 23135 15062 5929 22845 23880 17407 584 20305 29429 16510 25716 28943 18238 24670 21216 20199 30879 6334 15486 28949 12089 28358 22819 6702 9497 28384 5094 6137 957 9252 29897 5761 15060 9235 19867 10600 13382 649 11804 32638 2420 16877 25443 29842 7617 5035 1661 30089 16977 31972 24151 27309 18193 13156 6365 7239 7415 18132 8036 17775 28043 27184 2629 18723 19366 29052 30667 15767 24953 22451 19024 16844 16338 24833 4514 20836 12955 11569 9132 2741 16035 20073 10322 6940 11426 14357 7324 17811 17783 6689 4375 14214 9139
31851 10104 8163 15963 11896 4995 15473 4330 24422 9003 20834 1174 29217 4603 16171 32468 25050 11188 10899 14622 19125 568 27402 17908 27330 15014 13117 26401 12079 13767 10215 6463 8636 6057 22762 30845 19054 29321 20638 25248 22920 6390 11625 31304 11703 23348 31120 28533 2701 13279 13644 12617 4912 10192 18209 27920 23892 23877 18027 32381 12390 11835 21562 13622 17674 14879 30303 5012 6344 15014 10439 27299 10754 8186 6408 30577 12330 14358 16442 25989 9266 25971 20232 23213 11587 10468 8198 28669 17841 702 9286 15380 11311 28477 32294 21153 30015 547 15979 23846
20717 26018 30612 12540 22717 16508 7016 1688 31202 18281 22226 13836 20400 32185 24558 7376 596 26938 27236 4291 32195 15708 13813 1133 5360 16787 27475 16519 25922 30461 15158 22205 3653 16709 29612 12722 4512 5831 32688 26181 28487 31733 1279 10771 20977 19961 5159 4924 24525 8348 7905 1387 880 13158 10400 28688 16658 16902 25962 16880 27643 13301 15079 13792 20536 28503 22456 23757 9362 21282 21769 2304 22721 7297 5738 32416 5084 15227 23514 3449 30484 23248 14885 30715 30882 7971 28017 19334 27390 24926 14867 3557 1106 26707 20391 25624 31278 26015 25183 5718
1405 14804 28315 5458 25272 17367 23226 25790 8793 16262 27440 3853 23955 30622 15577 1662 9024 20188 14734 5974 12571 25699 15093 20332 19759 22366 20381 32491 21391 28134 22090 13908 19528 8998 25485 26050 7572 24765 9624 370 11856 26467 14929 20354 3248 10960 11173 17145 27954 9434 1567 2056 5584 25565 15801 9616 2426 22623 21746 22499 1987 9716 31264 2255 13531 31584 3848 2265 32189 13820 20140 28102 3241 21595 1380 14944 25045 31788 3888 13174 25696 5986 4173 1573 32647 19603 7174 9046 8219 22174 15821 29832 9778 32657 6282 19920 7966 17098 4147 16669
23451 23132 12701 14017 13900 15284 19602 28461 7785 18300 29731 20988 15026 12479 22847 11828 14503 24398 13189 20424 7162 20835 11351 3681 8773 16517 48 14685 3833 3499 18999 1304 29590 14500 11796 23915 18466 26294 21506 16755 26580 15494 27429 3220 17936 3895 9759 20669 28568 12502 26078 9709 11264 23542 1719 4854 21346 663 953 29569 11348 1101 25659 32594 26135 3998 10168 22221 785 12971 9181 14521 18301 24339 2271 17733 98 25876 18 29256 14017 10739 6328 5325 8979 7582 30486 9167 29939 13201 31182 6209 17175 25334 18792 3666 14212 29200 1586 3054
19458 4313 2122 4232 10958 1770 26105 21015 1936 30876 13378 19294 1164 1901 13755 32625 30748 20901 27548 5749 9822 5433 15638 14247 17194 31215 10470 17568 20551 18115 13609 22999 11230 1673 4466 14439 25390 24533 7962 32018 7554 9240 21463 18566 13152 23051 10896 15584 17924 18257 5744 29807 27405 15704 11322 21946 16501 11648 30172 26820 31942 18559 9286 4494 20363 11524 4988 21470 9733 27034 21738 1087 10272 21967 13305 2633 421 1686 26847 6178 19377 25067 28091 31557 10854 5557 10721 27266 29408 30192 26482 30022 28011 1547 18225 30749 2035 12687 9873 14965
3260 30722 11283 6565 12627 4107 28110 25902 4548 17879 26191 20544 27661 6330 11172 7296 12243 23578 7348 25096 13908 24457 30930 6319 13981 25137 5521 18059 18940 21877 9945 30645 5305 13013 19770 25420 26369 26898 24193 25021 27171 9363 7305 6209 11775 30472 20052 32167 10938 8781 28506 7251 2743 2705 26913 13703 20675 5047 2830 10721 11920 28156 13435 19237 8037 5595 25866 31549 6931 2862 10040 15486 29995 917 2357 5933 15470 7195 6131 30786 11909 19991 4220 28011 5107 11089 15242 25172 6215 9574 10065 17190 29334 25710 13216 10318 29224 28891 9256 28543
17266 13476 11547 26106 324 6052 11770 26637 26180 15165 3752 6617 12955 6464 29378 7513 6638 2577 14131 27040 19856 30214 28162 10082 30454 13841 19567 14006 13931 26527 16191 16922 31236 14271 6484 696 16599 27015 4224 6632 7784 7091 31899 9205 4708 4496 3283 26660 2194 793 26436 18930 5382 14431 26313 24478 16536 29742 27409 20967 31124 29165 28405 26903 31923 31430 22792 27456 19018 22023 14960 12230 31682 6344 28661 3101 3400 6351 22872 32212 28613 1712 6886 13779 30481 29496 7500 26849 30820 17420 16301 2409 11533 23438 28658 20093 11622 30720 7522 11291
6151 3564 14706 8367 14650 8643 15070 31706 18095 25796 22264 626 881 6431 25920 5066 24601 347 8502 13363 27458 24309 15980 8386 9788 17482 735 20564 4613 15798 23431 1488 2164 5630 7981 22444 13752 14827 29565 20659 17921 32568 2140 3589 7037 21167 7548 32351 8326 4494 1581 9884 2586 4655 8054 3964 7819 8168 27748 16549 21623 28209 19618 27879 24059 18180 330 13252 29732 30858 29691 7216 30374 17907 29740 11413 13265 24485 24255 17434 27840 9882 25561 6437 27092 16131 24306 286 13153 13874 29992 25975 17062 16310 28121 2537 16131 19912 31088 2048
7014 2278 23167 9177 10247 27325 9487 24107 27733 76 2100 26500 23855 5959 21988 22741 17240 23225 15624 21809 26149 8942 27092 30930 20089 31888 84 14685 13811 11024 9544 7014 30310 10823 2354 24887 3466 29534 10669 5837 2289 2283 15616 7972 28220 3676 31731 9909 29582 28313 15842 7996 7233 21989 6927 10430 3544 773 2364 3019 12597 13221 9850 10497 29709 12279 9788 465 16024 14749 5295 16006 29069 25033 25678 21890 77 2723 31153 14283 31582 6123 10661 9927 7964 4831 23938 5956 15019 17759 20921 17851 816 4175 8877 24534 10049 317 7108 26415
13978 27459 31933 12635 12817 1839 10564 10535 22476 24290 30403 13601 32689 2038 3196 26459 7198 29092 2517 23147 13018 18916 26354 24502 25164 15829 17289 25327 18155 6496 6130 9946 21750 2584 31870 16214 31333 2405 31498 27802 7455 12770 7892 15295 18797 1027 13965 4223 9391 24059 31919 31804 30798 10973 6672 1603 26865 3329 14008 18771 11764 1961 3311 2649 23830 27620 12955 11390 7793 3251 3273 9827 23728 32363 8586 23723 17788 25946 15360 1467 11831 6061 5816 31421 12525 5777 58 6635 5511 8857 11743 7690 23362 28512 12515 3892 30304 14959 16827 12507
5662 18785 21929 4363 1765 4933 12941 7407 1220 6467 29950 24215 4638 12931 15513 18424 9888 20298 29337 12085 19062 30566 24233 24605 29119 1997 32246 26356 11326 29569 20615 30838 32082 2998 4305 6937 28712 4919 2438 30099 15407 8454 32175 26268 3532 5698 22266 18933 18256 11086 3669 3753 20007 22576 699 659 14417 7223 12878 30496 28183 26849 2471 9046 5110 13307 15722 26389 20704 29962 25117 21405 17572 4586 13882 7505 17066 32437 21122 23227 9443 5351 13461 13519 19200 26047 22464 27764 6626 3048 20502 22848 3922 16472 7106 17795 15859 13945 7835 19336
17780 902 31737 6167 6922 5432 17095 13886 13854 31651 8154 18514 30019 2650 2689 21040 20330 5338 8030 30920 9561 18982 7540 23261 18265 29614 14720 26374 815 7029 15245 21241 20046 23923 6851 6152 24651 26681 2944 6380 20881 28883 13226 21698 4694 7666 31043 19283 19918 11851 7997 30360 3486 24122 9360 32126 12691 20651 6539 998 3988 32570 24423 15344 20437 30105 1570 7289 22862 23602 15499 24802 25196 5646 1689 13843 31238 30198 11776 14528 7314 20184 8454 10475 10649 25452 13203 30379 19816 30998 30344 3115 13065 4623 6482 30965 4721 4800 2495 25201
28411 22126 17936 23976 6677 30492 5455 5710 20025 19629 6627 26368 30240 26442 29281 18122 29746 2307 23717 12268 32320 25273 3874 25566 24949 6203 15478 12433 17034 20399 30017 6904 11834 20532 23608 4807 3574 29637 24693 4987 21721 28768 29201 22170 30942 15464 25845 31548 3153 4681 30189 18122 2947 22362 9727 25350 12994 27143 24570 15691 28808 6959 7249 27414 18419 22219 30506 14278 14197 16337 27827 16288 30669 17240 12213 15382 10038 26364 20075 25929 13534 22148 6548 3276 8345 29890 455 21931 25303 29627 24327 11692 4308 14344 22167 27604 4366 2940 21263 14381
29692 25351 17072 8391 17661 15322 4085 32765 26511 21452 2154 6137 21697 16637 9665 1915 19691 11449 27939 31701 20892 13727 22724 17467 31700 15618 32698 10809 627 9103 28687 13189 1266 14640 28437 12535 28241 25649 5113 16086 1104 17314 28827 6741 30434 20732 15517 28765 991 17671 14011 2445 761 17402 12378 30592 28145 5348 30563 10062 14603 26700 4689 32085 4031 29204 649 24121 18865 23204 234 18729 11235 19268 26790 26468 18985 6600 17488 13564 7390 22387 12598 9946 7894 18198 3312 29187 1939 32376 8505 22554 30140 14074 16894 7461 7626 4475 4533 2708
20741 20858 24560 9087 28847 21370 22066 28207 8575 17067 26369 30432 21329 20934 13116 28613 28955 31545 22959 4685 19747 3204 25829 9637 7535 227 19261 20094 7293 28461 13632 3088 8757 3836 32306 1630 18716 6414 8935 4540 29642 1771 4825 2959 18078 30152 6007 29781 27056 12460 17855 27365 9991 9681 11790 27895 14605 19277 15927 230 23871 14065 2515 11445 32553 28018 27865 24145 3986 11462 15471 10517 23540 13777 31231 31891 31279 22849 15500 14482 7293 19383 17479 16979 25001 1319 27741 32537 30076 12161 28436 22503 5497 26769 12310 10892 19914 23332 268 19421
633 29548 5231 32578 6371 12965 4763 1908 21866 26105 1318 13444 16747 17569 3183 4896 11632 14670 4986 8466 9126 23239 30203 11017 24209 22483 19632 14236 6142 23129 21492 9100 17465 9670 8338 21321 3457 29871 5847 7608 9145 22968 22507 21556 13408 10164 6497 3027 7875 9485 6924 3050 14449 3686 12052 1491 13808 11392 2122 31213 2990 346 17081 28133 23354 20637 23165 22580 16564 1846 1241 25833 5251 17989 8067 30633 30021 5430 10818 3828 11788 32557 32443 27817 19655 8104 14984 10189 31998 25184 3979 2952 31427 31344 28290 26480 12773 21688 16347 13579
23910 2436 7881 13966 15151 4457 19095 29419 10243 16752 16957 13067 14258 21111 15921 25688 7567 30675 31871 1151 31011 18746 4892 31348 23331 993 15479 182 5792 26337 21074 1236 12926 11999 27344 8240 3879 29932 19407 3587 5248 29866 10359 17057 31773 32176 23827 2047 2993 5168 7456 17266 21448 1239 18340 18617 18104 28661 21954 24126 15316 4062 6026 22169 13028 16016 13078 25430 27602 32406 6610 1272 9894 2860 26651 15421 8116 13219 25356 24740 7188 1543 2196 16429 6739 3328 26060 27744 31592 9462 10120 22672 14314 11384 6445 11617 30080 5087 1474 30088
4248 4142 12105 2002 28252 30013 20559 21096 10977 31511 23490 27473 30626 29344 28419 2616 15918 11643 10812 20336 23325 7466 25332 31797 1352 28023 25824 53 13626 7699 13564 79 8417 24446 2779 15002 8073 14118 29755 27561 2572 11987 22237 6413 27458 4930 17556 25884 5311 1552 21915 20465 27582 26331 32043 2484 600 22435 3149 14876 20730 24694 22254 24881 9237 30284 12081 13655 4631 26928 11017 8840 3483 32160 26630 20193 26588 13623 16751 18528 22384 2697 11410 16364 22323 9295 12120 30101 29057 17348 9500 14878 19368 29262 17853 10680 1436 12897 8946 1041
16877 14240 4062 17805 27127 27206 9957 26067 601 14789 25021 24460 9128 685 30664 25959 27492 3022 30369 26721 31018 24225 18677 21315 19500 32484 8084 8044 5343 17797 28871 9936 20211 25281 485 22337 14216 19341 12065 10990 29599 5685 26022 2601 31438 2627 998 31341 6713 26530 5166 16031 9149 10499 5502 19604 7534 17792 18073 15316 1348 13695 10072 4509 32017 16090 9283 3627 29366 19517 8290 24375 6295 21455 20817 23486 16972 4372 8595 11523 31130 5650 3368 2263 24481 30642 11362 24856 11862 6506 24820 11384 28212 23577 22860 11391 13359 13362 24099 21716
31722 27421 7762 14264 29225 4058 27879 7123 17289 23272 9592 7987 17263 2405 10935 2962 32574 29558 13127 16343 4557 25065 22734 21216 19224 26393 7500 21375 53 16146 23211 18882 6026 31478 20631 23928 9534 31648 17551 17904 11245 32646 26684 26372 21920 18404 31234 16214 14588 6423 21462 3034 32441 6726 23631 17557 31574 22600 3583 22180 4363 28610 2307 16255 28160 8848 25305 28031 31420 23655 10354 2462 3296 27320 18056 3711 12821 27607 19506 20654 10051 14684 15286 23592 20484 20938 23966 19230 16984 1390 18958 31222 15002 27274 7252 15507 2994 23731 1217 30934
24461 2936 11447 19044 23498 23620 8452 5034 32438 9094 13934 8223 18555 30990 7311 15305 1172 11194 4836 25603 18308 6227 29728 30077 29896 26546 3014 31620 24842 30759 27126 1156 25751 30235 10631 8139 29203 26611 23639 26767 1388 12600 4575 16947 32524 20725 11275 10694 16211 24417 30280 16589 5700 3774 13022 30018 23422 13185 4736 27356 17006 6067 18977 2449 16068 7575 15114 21850 3363 30093 24874 29494 13341 27446 31661 32625 4446 3545 9168 6438 18215 14342 17907 18179 7679 14969 12527 6476 11941 11840 12203 11554 26696 12833 24810 29958 18170 5942 16743 27289
20067 16602 7204 3493 7346 15305 21759 21601 10713 20610 16774 28913 1786 5360 1036 4141 12828 16714 7421 30115 21027 19512 9838 6367 28415 4663 28152 10218 31267 3134 24775 4880 15161 22946 32238 1510 29972 8503 17149 29068 22246 3512 18134 3120 3507 26984 30396 27091 2565 7418 10669 4688 19938 5550 32242 14490 22267 22206 13556 30533 31014 14840 337 13896 15630 9132 31535 7681 5929 11720 11985 15225 2795 3650 31080 14826 3642 15542 10283 21886 16673 6993 3497 27482 19912 9965 350 19163 1188 29309 32133 11295 2283 29100 20270 28616 8523 22209 3216 3068
219 1990 17824 19120 7250 28393 8931 15655 24439 10786 26240 2229 22232 24086 921 28873 8639 12348 16347 16939 16482 11326 4948 897 4698 6306 14981 3864 6486 32425 11961 31201 21521 26999 30869 27578 17793 8309 4335 19695 31826 24820 17380 27905 11922 23315 18980 1702 15790 30178 3217 17680 13981 7879 17929 11890 8795 10273 30591 6081 15001 31532 25169 1464 22195 8485 31957 7966 9442 26542 5429 5195 947 9331 5758 8169 4023 23566 9203 1272 14716 20520 32423 11796 30653 14561 26955 20987 27094 11634 32324 16714 32378 17 11265 16775 29352 4374 19339 6500
15579 23899 1373 12866 14466 19432 30839 29429 9647 32464 22446 14279 20755 11094 28998 3007 30762 15700 21698 1827 15795 18910 2811 30523 16995 5410 5232 13144 13786 12178 8669 17173 29654 28230 15119 14813 423 17051 18422 27565 32739 13601 12284 24347 25690 1972 917 8344 4172 17128 25623 23282 5850 12971 7629 22813 18363 5669 10310 21810 21040 1763 243 14520 5178 23349 5106 12835 27146 2004 10020 17306 4537 17608 31621 12029 30521 31113 6333 25383 31884 13413 30450 20080 4659 12577 31457 14966 13290 13027 30765 5406 7570 13648 11766 19157 19567 14577 29102 5660
8339 11995 31784 26691 12954 18319 3314 20340 12696 10527 22501 32244 23888 20626 28922 22182 28839 8842 10848 8913 4184 28452 6347 21794 4584 27936 12814 32245 11997 28738 14828 21712 30763 24311 28971 31536 7663 11068 15083 23689 24415 21180 11318 20360 14081 10808 14808 23707 5916 30764 30833 19891 19053 8880 8904 27465 19738 29852 23138 2719 12780 15855 22100 20808 26552 21362 29781 20970 29470 12696 24599 26179 28790 18089 17624 27242 29192 10271 15668 15703 3707 14161 30013 10918 13201 31054 13005 8600 4369 9740 14363 23899 12292 12994 13453 25227 2595 23442 14285 30200
13713 28779 23327 28842 30918 26926 5362 5410 23243 1295 27316 18915 941 31039 29931 23857 300 29384 27010 13849 17331 28600 8288 5809 26509 13185 17984 21409 7765 23200 12732 9442 19630 20861 3754 29638 12341 12946 21420 19001 8628 20432 13827 18246 18329 27454 4004 15581 19622 25316 27534 23251 28393 21479 11354 2858 31471 30965 276 25491 1845 18403 7241 20529 991 4757 24929 23456 29356 12063 31791 14390 23338 27433 5831 28296 20262 20120 8592 21808 4967 29035 24986 13774 16540 26850 14641 17229 28818 4070 24242 17768 19370 11941 30109 7532 2699 17789 15852 2111
16404 32539 19875 16801 32660 3556 2217 27826 13118 30867 19158 26036 14039 6692 30797 24851 2738 22770 26636 31650 13022 22812 23745 8232 5790 11820 32735 26139 29721 20475 4850 19883 15443 22223 19248 32003 27484 17095 2896 25291 12488 21113 28575 25073 31838 11481 24656 27305 17173 25181 7699 9394 4156 2398 31978 3803 14072 31170 16696 14279 14323 27608 21275 29677 12115 32387 15356 13538 24297 26779 8805 26075 10411 22928 14354 29038 3429 19792 20042 21656 939 22379 1136 25348 15122 10613 17621 8330 8096 22701 976 21495 12672 9947 29969 14092 1274 21119 11058 26569
32419 12839 21903 32491 8145 7969 4184 28595 30546 29522 31460 5353 2654 7782 2120 3873 18889 5674 15913 22589 26493 9781 21966 12339 8232 25294 29561 18192 19762 17162 26616 18493 21234 9781 12407 11009 16161 18547 10392 27720 11151 27303 8902 5539 14612 12692 23238 13711 14026 67 30350 11514 18809 20900 2395 30211 10067 21879 19710 18434 15330 21613 1398 15560 18494 8075 17092 23336 21379 3792 29947 10934 32642 21271 1687 13518 5559 7999 28943 5848 24700 27784 32686 2507 9339 24128 13470 752 20073 2208 1094 20969 10482 7921 23254 24561 12015 19698 8223 29797
19935 16254 11689 8836 11413 8298 27391 17523 18990 2477 1102 10115 2374 13251 28462 19895 31596 25427 12736 26753 210 23055 8185 28877 4169 20187 829 64 15213 12594 24624 20418 17181 15302 20169 32570 20527 6759 6312 2712 9313 10022 4521 4121 22418 698 24249 19398 30002 3107 7912 27711 3575 31629 10944 9398 4561 9334 24021 8254 1569 8979 7838 14918 27686 30960 6275 8288 27575 23768 23607 16712 5688 16884 23112 11553 21959 23094 27637 19201 23734 6137 24127 1968 10558 29409 13123 25005 29041 29705 3526 30322 2929 19805 31506 29945 9696 68 3841 6527
25751 22403 1623 5768 13723 14430 25428 3875 29260 3839 14474 1647 8416 23068 5613 26718 27152 6613 19497 4025 5905 9691 31288 28005 11206 11991 6451 13540 28980 28426 31336 12830 1078 20016 27566 11362 15474 31915 30197 31400 32651 18909 27169 11545 21657 14806 12313 28625 19414 7727 3098 2787 3737 13877 20050 9117 11145 6731 8362 8974 29450 30345 26339 26054 30716 22697 25828 6365 2213 5412 8018 26679 13291 1944 10850 25093 11975 12909 23275 13199 11766 440 3520 9010 2034 13663 31036 27556 13088 13951 15646 23680 29771 23562 9367 25598 20817 25269 20130 26113
7196 7185 12436 1112 10708 6391 9972 15421 2643 21290 2188 32034 21466 6712 28608 7342 22274 18337 11807 19458 20213 32315 7736 29248 25053 30933 18351 4174 1437 11291 2448 4567 7360 16314 16098 12179 24494 8900 4480 18121 26150 16213 28452 18962 25832 4471 21701 12127 29618 9539 25635 32573 28526 16457 30624 26968 19626 14898 10321 574 28232 18596 31317 3686 21623 16998 9061 32369 14306 7621 8109 175 25895 11830 2266 19429 27786 25916 25461 1870 31211 6796 22127 29663 26869 8048 253 15055 27033 8553 25254 1367 18618 8216 2457 16823 12586 31326 31557 14713
30934 22211 2852 23801 20029 27412 5079 26661 23079 26448 18040 17538 10643 1990 1068 19568 29681 4727 30199 21422 4497 17345 22229 6432 13916 28223 9222 1488 17602 20971 10153 23860 19699 28293 4492 17071 3154 21817 4675 14425 294 15740 11383 31491 26259 24887 12417 24438 11466 25639 5687 5372 16764 19075 10502 28962 15508 17120 14914 10427 17701 18259 19897 6696 17057 22997 29838 3287 11853 24555 19013 2570 6385 24966 18458 13018 14548 12071 25239 14203 5095 13128 9573 21441 6721 29432 16739 29923 17611 453 16629 27776 3133 27870 22175 21727 19529 24953 31186 2683
26389 4723 17925 24255 15599 8502 20488 26638 19517 3552 26005 4870 3506 29346 27433 22790 24776 3685 19473 16365 7274 25268 12488 1829 6128 26838 28544 9697 16465 8762 27391 32418 3476 2073 21420 27648 27784 7766 32490 2727 28853 11689 18596 25760 25234 26876 13097 25042 32249 533 14651 8648 29911 29046 1634 8884 2600 30081 2439 22964 22819 3296 5565 8277 7345 28708 1378 6998 2852 20140 4967 32430 6694 21193 24300 21199 16111 12575 19728 7981 32444 18255 15623 7674 25468 3539 17005 23860 10444 24873 23001 28898 13605 26163 19382 6811 13140 3550 12622 2631
24619 31746 20520 7210 24695 21897 16276 14366 13106 14804 3204 13855 5113 27482 20381 27661 25024 27538 27022 18606 24004 3604 22945 8179 22209 18171 25231 3196 5221 14477 29081 2653 5893 17438 31700 12067 32656 8753 17861 8978 13249 17889 18733 16305 4760 3967 11558 30601 19722 4733 1135 27433 14072 29322 17925 20333 9310 7167 13299 2304 9933 23418 9322 8480 16155 6344 24852 30625 22361 14601 4262 22069 6405 27662 24245 18666 29569 26886 21962 24564 26308 24154 8120 16045 26192 6357 8237 7130 26723 9736 7560 5936 30066 30189 27626 2071 19411 16330 20112 10669
27578 11864 864 18446 8038 5925 11457 21203 21404 16695 3504 30936 21589 32498 19473 12611 16820 7996 11586 21953 20794 31198 246 12819 12093 6957 11841 11466 5270 21227 5871 27982 25755 10856 17690 8997 26445 1516 5884 21106 29650 30041 23809 18876 7973 30733 7712 9457 17164 14342 30316 427 29002 73 17382 18609 10006 29316 5526 12481 21709 16370 4314 24205 3556 27007 16637 17923 29984 19245 1291 12497 14601 30390 4068 3625 13468 8563 11920 28609 2112 10620 18642 22559 16123 30225 20480 15891 21478 14136 4113 27013 11230 18600 5880 3440 22397 15334 9777 17199
12616 19886 25241 19192 11306 19092 13954 13734 26146 9963 6663 23483 21304 19942 13725 17829 5301 27645 4843 26944 20627 14482 20444 24733 7475 725 2034 32258 21838 1509 26589 24881 26670 18488 8012 29165 31262 2620 9475 25531 26911 2110 301 9958 2524 5004 4596 27333 12512 18134 32336 5440 23559 23002 19228 21393 4146 22593 18031 10312 16191 16323 15657 6802 19001 18834 11980 27322 29643 25334 29582 28656 22267 6452 2220 842 13845 31925 30464 7176 13796 16228 2006 284 22824 4696 15356 13290 20549 1715 14616 30796 28985 30154 8510 7641 27600 13446 2242 28263
3611 5642 32331 26062 11550 405 22825 5871 1481 8106 16873 25077 10794 25199 10534 24539 20192 27988 8354 10031 3283 8180 19093 19989 27426 18496 21316 19854 17757 16346 10454 10746 25077 30911 25955 1244 19696 15657 8015 31710 19169 9908 5078 30997 30744 4287 24551 22661 26646 2581 15158 1768 22852 2509 27021 32171 20708 27502 22114 16442 13127 30295 3759 15997 11328 29790 3326 16546 31706 7096 3011 16414 31558 20505 20975 20974 28183 32539 11714 1571 29618 7140 4577 24733 11519 32259 2216 20247 27237 10140 29121 16484 30198 14021 15862 16631 19942 1583 7491 16553
25410 16649 21296 26039 12510 28193 9566 4362 16016 13901 6239 30652 25755 27145 28362 30167 25454 2657 7823 32352 9103 22802 12425 19604 12754 13292 15954 14961 19406 16250 603 24696 4241 9445 11836 25266 10643 26390 31560 3825 32745 4891 10597 12376 20923 20428 24603 15389 15352 4270 9706 15246 3144 28695 25057 5970 28483 29843 7020 10226 20192 17799 27758 12184 30000 4884 22927 8470 18252 13630 1240 22569 11404 17998 28285 9983 30201 15476 14329 23800 23045 18097 7520 10922 22650 28916 6385 1831 6833 21380 25835 31362 9220 20893 20387 29071 26245 11102 5586 32491
4081 26339 14131 11580 8927 21678 31054 18106 12349 13131 3214 13807 17661 13875 1946 25530 24588 29682 11490 13978 1156 32645 11896 5929 15394 12550 25634 7655 7674 24971 10157 20025 11625 7755 19332 690 9548 5890 24449 28304 879 19351 14338 22666 26697 15612 27456 29385 7910 9559 14556 29748 24868 31583 4027 22256 11298 17672 9748 24615 14582 32098 22471 21769 28062 4542 16113 273 23097 14868 15037 29066 5752 12449 22653 2641 4943 3284 21241 22492 13552 17771 7174 17019 18681 7642 9307 1758 11500 748 21921 6104 14561 6828 29385 19810 17015 2950 21154 1251
19472 16042 10411 5807 13374 8625 20518 17613 31096 11139 19821 1789 26130 10360 31113 22521 14444 4541 3073 26620 7017 29690 30448 22657 802 10545 18778 25933 16860 27114 3008 7855 26936 31117 19186 6407 19370 29199 17701 13701 12844 29392 27973 26675 6708 14020 14477 7990 4067 21970 27220 12113 30847 13689 21034 27050 24867 27833 12323 16081 9653 7985 13171 4862 1049 4997 18235 10138 28580 2306 8611 15873 14548 4229 18729 22407 23870 27800 1081 14009 5063 15583 26365 1509 26903 30899 29558 18140 75 32012 32716 28662 19434 12708 22242 23127 21275 2393 18222 25969
22293 25043 5064 29642 27862 1640 31680 9471 24344 23100 19381 28938 27777 28077 11683 2240 13850 750 11005 8093 29186 17905 5372 708 13924 15243 18230 8514 28838 11219 30834 27027 23779 3019 3515 8295 4508 10818 9139 5286 29610 9208 16938 21681 9847 25348 28143 18667 19566 11635 3302 22392 11184 1842 20571 30020 2825 27438 6550 18503 23330 8121 3248 16136 32760 10800 17829 16736 20108 9690 25513 24193 4829 532 24256 7222 12819 27563 23433 19309 15613 25994 29018 1522 1725 21653 5778 14717 5058 724 10027 25583 29943 24020 14735 25817 25402 29770 13741 2110
12048 30458 25163 11930 22679 16599 23710 13858 25532 10860 11800 2382 15533 11386 29825 30357 16530 5603 20553 13687 15992 22726 3357 15553 1165 13036 14520 19981 19859 13667 7164 23176 8847 28520 19009 9464 1217 16523 15085 17661 29657 5645 8516 28566 9320 6029 30338 10472 31381 1763 27175 17211 7441 22349 11411 20294 13389 16329 18386 25004 10730 19649 31417 20934 31857 13549 18994 21923 31556 30070 15572 8013 32468 31063 29879 24398 28949 20489 7046 20595 14895 14175 21717 12496 25975 31919 10933 19460 4765 31026 10374 31423 1830 11693 6157 15233 29725 16721 5319 18596
17414 26592 27004 20380 1300 29458 27670 11646 17308 4919 19380 21695 26824 2845 1275 16446 29072 23348 28844 6021 4582 10224 8316 26700 6193 24431 32288 6463 9469 25180 24743 31234 2801 13331 3084 5233 27393 30214 20236 9004 24805 12895 13109 20819 21449 14823 29504 10126 16198 6438 11168 19025 2193 26828 31067 27998 13298 32079 31513 8331 3704 14806 26746 22981 8172 2646 13229 24661 30979 18682 26943 32098 12759 4809 16944 5559 11416 20355 7244 4295 28799 28875 19640 12526 12548 11403 204 16634 21841 13973 8480 15082 5110 15750 27370 19446 30430 12016 13191 22991
23426 1720 2647 27943 17244 11708 11470 9588 2207 11193 200 6641 19237 12397 2333 19430 10665 14328 2166 3626 6966 20104 18015 1510 31967 14133 10909 10395 10161 31274 8897 23399 8934 7686 1533 6020 18011 4226 27447 14353 24901 595 9564 21781 14623 14930 23031 20417 29927 9178 26114 29685 18569 7281 1275 21254 29852 17579 28219 15295 28236 22604 23684 29605 17303 20909 13273 5503 4029 23649 14738 14614 5105 23319 4783 18490 18517 1218 31853 9477 31013 23800 29463 1380 17458 2968 15135 10194 2707 22448 109 17767 10903 18846 32759 25874 5630 14453 28562 29731
6248 18082 6151 18444 25101 4559 21866 28008 10927 6663 29095 26684 205 9243 3422 18813 6426 6981 2801 15827 12845 13836 12251 31133 24698 25191 28739 9781 22145 15653 6352 13429 32069 6284 19136 14458 28928 22081 32308 12967 13845 6248 32462 27117 14918 3595 5758 15178 30247 24256 23193 656 17106 31110 20268 104 14301 19185 21647 24982 9609 7815 4925 19327 32572 12137 23010 4584 18994 11318 8630 31232 25711 12844 11530 11937 14328 912 29728 18899 11842 32080 21568 6034 30699 4072 13576 30161 31912 16258 6148 30142 1919 28513 18047 8776 822 31871 4504 4062
23307 27509 22680 6522 21413 11676 18818 28383 28747 16754 4076 22559 14420 12863 26126 21087 28894 15096 15385 27102 7875 4195 27082 30004 25801 5756 7742 5592 4633 1304 520 8677 29939 16328 16257 23326 17823 25856 25951 5935 15783 22648 22409 15670 12099 19667 16938 15489 12565 4223 17156 24729 12822 8668 15624 9856 2513 20128 2595 30520 22735 25210 32602 27524 19794 10485 30489 31987 8262 18080 21960 18457 24180 11628 15520 17440 20985 12373 24253 4992 8182 31300 11380 21002 28298 27700 18662 1067 9981 9876 32213 2927 10302 16877 8631 17476 32144 31429 9225 12545
28032 21699 13286 22054 29978 30996 13528 11237 860 21516 30190 18658 2283 13841 24335 10808 12293 31669 2189 15548 20663 290 28925 2949 30032 25787 17735 14252 789 23808 28409 7504 23350 9650 23777 18909 2049 18488 14810 10126 19030 17218 1510 561 7003 21932 17789 18731 30320 28837 15141 12987 32614 5392 24387 9347 22763 8234 2609 1348 16201 19310 1168 23529 15185 25526 29152 24519 401 31650 18766 24099 20942 7485 20684 6388 27310 16094 20071 747 26036 32589 25557 31921 3953 27943 18510 30576 4089 23940 21662 8340 30613 5590 5495 31443 951 19733 22539 2154
12339 18457 25818 27306 26795 5447 23753 6836 28235 11119 27765 8065 17847 28661 18886 25893 16706 26671 12231 6484 31585 6671 19637 12581 21855 24578 22102 31766 20050 13335 14475 26704 17997 13924 4649 23597 471 29350 29701 18680 412 10535 5710 23284 611 7909 30752 27295 14656 14576 7509 4919 8203 26388 24223 4734 26128 8632 32724 21947 22792 32518 136 22529 23113 9036 23265 13747 13369 4258 9383 6472 25608 6606 18075 25932 11167 31844 15882 16295 32723 26162 7329 25122 9951 27098 14979 21543 6929 9921 20121 29128 1475 10280 24873 25604 26253 16281 19627 28229
15033 24197 16600 13612 14583 13099 31747 25233 30034 3259 11948 19142 355 19132 15699 30492 23749 23467 21642 14761 18889 3813 846 11848 23146 15815 20375 19680 18819 4115 31022 28906 29759 24469 24255 31277 2001 32519 14639 27340 14182 26675 8495 9859 3672 5463 4882 14126 12965 2509 25819 14987 11167 19947 25243 23872 229 25129 1274 1824 17809 28033 30227 7338 25523 11036 22661 31186 15359 23338 1222 2565 28098 15122 12475 8551 23323 18635 13702 31583 15719 21897 26528 597 24061 11165 13607 17594 18204 19350 32377 15177 289 1197 23809 17549 12285 27744 19537 31140
9447 31068 26993 16450 14414 17824 15479 15865 18 15328 16472 4279 13811 13351 7422 28816 25162 17345 18331 7869 7927 17496 32060 17893 1690 22109 19361 12188 9222 25258 7244 29482 30194 24421 30168 397 23282 23591 26508 12993 31142 6493 21296 14398 31025 12015 2335 6339 7661 1568 27294 6482 7774 10934 1644 14203 17508 14170 25499 6366 11956 24897 28317 5100 18056 26380 15522 13805 15766 26349 6434 27207 10303 24588 4533 9981 2058 25385 29739 17014 23120 13954 29401 22144 32569 28919 25393 21652 3303 20588 19094 12124 25328 20335 11630 15730 4626 15898 21624 14699
27682 25147 31839 788 20550 25267 9104 1531 1892 540 27209 26929 17626 27823 14579 27727 8048 7524 8370 5559 5770 7770 10810 5660 30627 10362 1764 1349 14326 26200 22529 23565 5758 24153 110 20399 6689 18459 13417 29248 16425 20753 15266 15485 28403 5230 6549 25799 235 19013 4120 10092 31672 29166 12336 25640 18355 31659 27945 13548 31646 13707 26086 25053 4243 32655 22645 22176 4666 2828 29670 31957 7999 10576 31838 8161 19971 28040 30055 15857 18834 9698 18058 27196 15062 28654 3616 9352 21002 27722 5733 18927 1136 21886 8398 739 21063 32293 31645 21104
10488 31310 5554 10945 13712 30753 1188 10982 15218 3014 12560 27092 17230 29314 7473 29357 13901 4387 31153 22082 14734 12703 31935 30167 24022 17400 12130 27430 30595 9826 9485 12710 12994 14504 20851 29964 14338 16076 28828 10514 29865 22254 13625 20088 23557 1646 12597 2377 13445 8789 11404 27744 17705 5873 24160 7722 30519 21184 15434 15022 16432 22672 21486 5834 26626 15587 25298 18623 32639 4760 8304 6640 6926 2760 28297 17894 9632 19439 25533 10904 24550 17484 25689 19945 24514 31626 15728 23667 9211 10143 30253 1411 4148 2293 19303 22628 25887 20935 2422 1761
2286 7375 14405 12549 13322 14110 19881 7717 22024 16715 23025 1825 18137 27599 25279 21990 6208 21168 24598 32311 7049 15453 4019 21422 28537 16345 4769 253 10881 5660 2312 1146 30006 6839 8262 21979 10502 16310 18240 6461 18211 30922 31994 876 23492 25000 28006 21342 8589 9132 20602 1280 31051 24258 16261 8502 2533 6534 29891 20252 7312 31914 10543 2707 2369 23960 1176 9209 18280 23641 21495 27959 30427 6326 31232 14337 29968 17053 19959 2393 21136 2502 23749 9813 15528 12437 16459 24099 12130 17987 246 13642 948 19513 13716 22066 11766 19132 21862 27367
16537 6351 28790 17434 1815 23381 16938 29033 19750 32631 21018 12000 9777 13381 5919 19391 18696 10144 20652 28285 21463 2647 2658 23054 3157 8080 32222 6242 28733 23402 18134 11822 10754 21728 7524 15342 15807 3825 2721 12331 620 23805 19318 28409 15192 26227 21935 4805 26067 3497 13137 10829 3883 15883 10286 6128 18139 25976 21942 30248 254 7401 20752 9557 32010 17492 24426 26300 1210 5584 19597 10447 5964 29689 4020 26799 21741 30614 12958 19695 15986 121 12002 23963 7496 19879 13699 32120 10158 24761 5316 2190 13601 12418 12349 15332 5912 28402 16175 19083
27122 26170 17685 17373 29229 12593 30843 12039 23000 21239 3091 32709 25163 29144 3590 18541 24085 14707 20872 19759 1846 10267 5807 23707 1423 19325 25733 4451 14742 12419 18780 24931 8014 2681 30049 7646 23927 21871 25460 18699 21761 30686 1079 25808 17607 10126 8037 7885 21882 5558 24422 32156 8667 9830 15136 29527 3886 14114 12815 31067 2539 14543 3736 6476 31414 8404 8858 1882 1937 30073 12871 12738 30033 31122 306 27031 15694 15202 13736 2242 11103 2746 1604 14664 6150 6753 26046 16843 4839 20664 8452 31572 4479 2974 9100 21583 30226 23442 21992 1239
741 31255 19099 22580 3502 32605 11563 12194 1865 6941 10103 8788 11180 21701 12619 24249 28189 5845 32306 12542 30115 2441 32139 21204 15802 184 8415 26739 12106 252 23666 20191 17882 8211 5656 8042 5377 17541 30282 3194 16926 2183 20345 31628 17993 17440 4002 121 3210 650 28707 7672 16456 26331 22477 28517 24580 17381 9018 8129 26695 27482 18273 20985 10968 30772 615 24171 9779 6227 3769 2470 28983 6504 3159 6257 3871 15635 5235 25872 16307 6216 11066 22978 8127 503 1010 29838 11717 21740 19269 14399 1775 2292 27612 11950 28743 26433 304 24639
42 24079 27805 25774 31738 14216 16569 28940 15892 14309 30435 1796 14338 26327 8991 10595 25841 2085 6689 14808 16485 1942 15783 25591 5419 23569 25356 14724 14480 9731 2074 25583 1488 3329 18977 3867 11729 8367 21317 29027 12049 16608 12828 5343 2525 20734 20345 17891 1221 15021 30338 19145 5452 939 8969 18673 16612 31482 2585 31493 2585 16706 4302 7298 15884 12401 9578 11892 13859 26276 11942 31105 25087 30794 1350 28968 11694 3462 11248 23627 6178 28374 14654 26347 3554 17651 10258 308 23552 4088 554 12217 20299 6597 6388 12544 21445 26534 16547 7233
10328 28464 16770 23915 31428 4716 29576 12904 32732 10040 14381 3490 23538 3561 18045 454 28560 6965 32107 6856 23657 22865 12391 18471 22158 25686 8755 15474 5605 26089 8690 26123 31704 29723 32386 25899 16714 22414 17419 8998 16591 31962 30680 28400 12572 5422 18022 17120 25532 10811 22459 6069 23557 10573 15865 26839 21067 10683 12851 19935 30547 29314 4991 19800 3082 813 23629 19655 8567 9208 503 16874 5359 16692 29337 2366 7304 5613 9506 1475 30672 27083 28587 28163 6334 26166 6152 27217 22760 18109 21149 26703 3831 26809 9075 18355 6232 32301 21900 17482
11061 26609 31859 16701 1188 31504 13334 22931 18206 13678 4824 23031 7474 9646 483 1979 29818 2642 28603 22814 25807 27684 4377 714 6073 14293 9206 32417 17449 6885 26854 28601 4715 10178 18087 1957 31830 1332 19450 20727 32198 11512 945 770 10572 32172 20234 17125 29987 9195 14907 30149 21606 7864 32590 2137 28801 25376 11055 20396 5862 25371 6404 26398 12033 31668 14268 12204 19565 3689 19947 21618 12648 18901 12245 30830 21892 25996 7112 29063 17568 21831 12464 13518 27159 14145 13029 22531 7223 480 4935 19547 31733 13464 27789 13952 31966 4109 27354 2010
10577 6519 20881 15629 30444 27979 4971 26051 16196 9496 12487 22955 12505 21678 20545 16066 19529 25222 17797 17617 16835 16222 31334 14902 17087 16676 28202 24040 7148 9493 16168 4790 11114 32038 29334 22479 1850 3235 28316 10887 26611 22550 23212 13656 11190 27754 23062 28711 1379 8528 21719 5577 11277 23266 17074 4806 7852 3718 11395 20829 20498 3862 22479 1736 20257 25662 20639 26049 16186 12581 17807 23108 13560 28239 27170 12951 19231 31426 21336 22920 975 18535 643 1526 18942 10164 4694 914 10021 30344 14911 30951 312 13910 7159 20120 29916 19846 3927 7145
8149 30744 24685 15489 28605 11147 13263 29551 18684 29181 1327 16234 6644 147 29744 17501 11900 3355 21368 28195 22416 9968 11782 12430 15174 5918 14022 2223 24836 3015 22115 9041 19953 4806 19293 19655 17833 10129 4187 3560 821 22628 31938 6743 32314 18076 21382 29704 4208 1633 13377 26623 3926 8583 8834 18523 11813 16822 5991 1940 15362 17865 20846 6401 4727 18037 22152 15005 18468 20011 23663 3082 31666 18495 2874 5846 19209 27465 20015 11262 19139 8908 9944 15024 4576 15381 13913 1109 11707 23142 28928 20943 4668 30292 12318 3583 23120 27758 5653 27019
27798 24351 30899 27614 22620 28630 17854 5488 32457 4963 5584 30535 23643 1445 24933 25534 1685 8290 3123 7301 12785 6518 15034 8681 21532 27696 9755 1877 13922 29177 25133 28953 3175 28214 18894 8043 25369 4464 1399 10923 31714 14258 24596 21740 26658 26163 24082 5295 30940 19509 19129 15601 22192 19245 12220 26217 22025 18980 27406 32267 23447 22621 22264 7376 25856 25400 14441 3257 2514 854 26509 7954 2237 9470 26272 14324 13567 4032 23301 13069 22559 4440 7314 1443 23518 20437 20271 16855 20587 1786 15007 24359 8918 13540 21661 27703 6087 31213 12587 3537
24176 12241 19751 28458 20416 31759 26399 1895 11737 24978 23142 22623 30661 5521 12391 2723 9572 7092 23610 2748 24489 28024 21621 2995 2310 12500 32581 4823 10789 16925 9405 28858 5849 5415 23405 19325 24404 12717 9015 7757 24986 20210 8798 21038 3894 21161 14560 21495 15147 14098 24070 19358 1069 7271 31801 22710 12049 2422 16151 30774 1411 8079 1990 30588 3319 17824 31624 6290 10722 3743 24720 19375 809 24360 15637 8705 14809 5736 27812 23977 18714 15929 8122 17160 8798 1678 31122 3897 23006 4114 16444 14302 30535 18956 21231 22560 16048 26502 23200 28401
1488 12206 26835 21140 26990 11644 30898 32096 30488 661 1628 6081 7960 24944 12415 25471 676 29367 6185 27715 29269 10736 29403 8535 12507 19804 736 15533 19950 13599 27100 6947 11655 1442 2472 27141 3921 26934 26461 19923 10842 3322 17583 26181 12559 25854 25469 21389 20839 31656 10149 8412 1374 20567 2845 14375 18341 2375 6208 17195 152 31925 24165 7599 16240 21827 5302 15625 5050 21917 24384 12515 6920 32605 27206 8511 5862 8492 20443 28089 7951 4138 31664 21004 17377 4241 298 13272 13583 12693 6071 32163 16534 8334 12643 11037 15858 14168 24486 27304
14737 18938 31360 30743 29832 30599 15816 5302 3205 578 20674 16523 24580 29445 27631 6364 710 3044 4393 32754 22143 19981 2543 29212 7120 5874 8189 11254 3956 6315 17439 1514 26558 12693 5960 10488 17987 26432 2526 179 29140 2184 1369 3724 27823 15105 21516 595 15093 30617 15170 15355 27999 14968 31629 6814 17453 27179 11099 15552 32352 14850 8138 5592 10537 2998 22462 32013 929 5199 7472 6461 19130 18501 20681 20035 374 21222 5039 3962 2391 7415 17311 15229 7958 9886 32060 25905 3992 14464 6310 11782 14621 12326 21583 5497 11451 27557 8714 25054
1035 6270 19045 1628 16162 27075 23097 10809 16066 31099 3711 13655 11986 22856 12901 1535 29964 5703 9122 13278 30710 13368 28934 1101 21011 25567 18261 29654 17754 30889 8277 30963 743 24979 26662 25624 6897 10568 3282 244 10492 16777 11301 23797 4175 7634 21439 22282 23721 24891 1895 23724 6960 9116 418 30751 16298 4596 25220 5109 27119 28172 16583 6101 8094 12631 20762 17018 19984 22301 6075 25854 10378 4568 22600 25433 14007 28639 14291 7717 10069 13121 17716 10660 15150 24820 23459 30211 23626 19247 4998 19680 13667 6932 13703 18443 23961 7570 25578 9609
27751 22410 28189 7391 2518 9520 657 6541 20208 26805 13001 32472 2680 3107 32177 22732 15832 23176 21552 7810 26203 29782 19456 27039 26268 25354 29886 18205 9279 4108 829 1358 11742 8918 18208 8989 32070 2649 7848 17560 10724 13724 23754 20651 8058 16295 21893 7214 11542 4767 1138 17955 69 17970 413 10552 24708 15670 14483 1684 16119 18060 5564 19919 28254 17739 7659 9794 5956 9242 9268 7554 15481 6110 4606 7975 25539 30102 30040 6610 14033 8066 18833 30062 12400 19851 11778 16053 10754 13535 32559 11254 23851 21212 1551 24342 11725 24367 12711 2262
20535 10557 3806 20819 8089 25794 29324 10707 14523 10679 2516 27582 11503 11130 17588 26859 24901 27433 20186 20765 28157 26958 2745 4302 4674 6850 17117 3371 4117 9419 1403 24927 1159 9352 24141 276 4139 1423 25244 25655 25547 11220 17311 8188 1370 29901 23299 4387 24874 21459 26059 31609 31583 3532 24922 17057 21924 22535 16078 8212 23836 24167 24720 31335 29851 29892 5673 16845 28439 30606 2648 30172 3673 8115 22369 14484 23032 19907 13735 4765 25224 4179 30845 19664 17679 27039 19770 761 696 6259 28811 21467 204 26699 19982 21109 17629 19641 15900 7300
16709 19463 21990 14921 17871 32029 32195 11148 26803 7334 16840 17889 31688 32111 4250 18474 25077 22543 23680 18269 22760 15821 21180 22664 2827 12990 7452 7186 32180 13102 25036 3651 12189 10305 30062 16646 31635 4058 29548 25326 4978 23484 12429 14200 10064 19440 15303 25744 3321 18534 24917 14678 31644 32223 25609 21025 12227 16905 24802 15812 2952 748 4321 2065 1798 17798 23833 19868 1295 30642 30982 15554 24605 6479 30495 10217 17290 157 2990 3336 9475 15850 29152 13931 29242 25199 10008 22704 18139 11893 28809 21014 16066 27324 24324 28407 14443 28956 17678 22418
7081 10349 21302 2830 30875 30629 20134 3004 4828 29760 5623 8349 11515 20453 26698 20516 10283 18758 8852 30780 19515 9288 26425 10125 19400 28004 25565 7163 22705 3148 10614 2672 23755 27090 19110 5084 10966 11526 13385 2938 15280 21407 29770 29268 19401 10653 25274 19465 27863 25644 24867 12494 24523 25546 9241 16563 19203 25004 15123 23592 8385 3166 19065 17855 18908 22443 11262 4403 26805 956 26928 938 18541 8068 17485 18743 19541 2651 17241 9123 29606 14568 29037 30317 17779 16709 19026 21519 14555 29278 1103 28803 28035 31386 11326 7430 18500 25022 18405 12572
18464 23054 29316 1236 10107 11445 10155 24653 7559 17766 12366 1145 21505 8516 26139 12577 25883 9471 16651 19497 30137 7744 25400 3606 16351 29768 5870 22477 8554 19412 29444 5533 767 8771 6509 21376 11074 9210 17418 26270 21064 16904 5058 20499 2382 19206 21973 15602 19115 2881 13165 18314 17923 14364 32631 24040 15550 10927 5808 29085 696 11700 1539 21697 30522 25252 27410 26679 2602 541 17171 32563 8574 31623 7133 7162 29430 14327 23362 27113 9739 1107 4256 6329 21027 26296 1203 32001 11526 25368 31661 6652 32149 29480 23945 30861 9914 13689 14492 28544
24219 6116 21101 16659 26131 300 15046 12725 21602 15839 5387 31757 19235 13437 3019 17982 9855 9436 8853 31850 32161 30411 23053 13429 1897 23542 23102 32523 14181 18698 5938 18916 9981 2585 9152 14150 7917 30271 9894 3788 21753 1670 9688 11111 12763 21511 7191 2722 13185 16722 3268 24874 16245 21264 2551 22669 31133 31719 24780 23106 29476 24478 24573 3050 17848 20866 27830 24789 28406 4616 22948 25800 34 4019 13392 9213 30236 12088 31915 21612 19855 24289 31465 9289 10092 31023 10131 20942 4503 15043 23000 28730 18400 20350 12325 32282 308 15080 26357 12487
7444 8142 4585 6448 17735 11056 27419 1497 22476 9818 11440 17956 11539 29776 10412 13008 3693 32367 4874 8127 28864 21586 12813 6908 18303 755 26833 7420 985 26386 20517 3620 5169 32475 20893 17804 30671 32451 30946 25859 15061 11699 28493 13907 28276 19560 21940 28102 29023 3098 28804 30184 7296 22619 23056 10383 10219 30787 12073 6425 23568 19146 27119 21493 25396 8821 24294 14181 20258 1077 4173 18817 10013 19852 19371 12160 4634 1521 17834 10803 28972 24438 10280 15314 32320 10920 18060 23291 17162 16822 27734 22264 31807 11990 31227 20801 15621 4581 17391 28737
26280 2381 26627 12125 18574 8748 3313 28723 31853 5043 16437 12575 21179 18892 26143 3332 25446 767 28711 26697 5830 1430 19840 28449 15056 12287 18928 18704 30860 26739 20190 9643 15817 12245 15021 1695 28431 23517 16968 27380 30165 15477 4350 16275 32500 12387 6801 14598 32092 27945 21385 31360 17669 32297 17358 11805 21033 16141 10102 29290 4273 21862 4572 16680 14317 28051 18162 13133 3719 16101 16088 17996 10938 6913 1965 1686 703 3205 31141 17249 24968 18670 29019 12200 5041 31161 1129 5235 24756 8392 25655 30808 9308 7176 25360 24642 7292 3153 20347 3441
16096 9101 6600 23746 11140 7709 30697 11057 3844 27512 31619 25500 2388 18965 20037 6602 27825 23180 2169 22187 26839 28152 21976 31201 30325 5023 23715 21632 5854 10709 6895 24850 15361 30237 11841 15583 27803 2194 14682 18027 30891 28293 23636 1343 21031 30824 29422 16108 24045 5866 3365 23886 20732 4964 22020 2574 28132 10100 23740 9066 13947 14311 29687 28217 26066 14045 7018 10537 18023 28967 10153 25932 14492 19188 7232 18387 32104 12205 27647 6425 6477 14621 5013 17635 25482 20949 16993 12262 5521 22223 1412 1673 28347 31825 10555 26861 16443 31252 17516 6186
30033 17062 8830 2268 27584 18957 32622 32479 12417 8109 18975 5718 29881 24428 24818 24050 20201 15891 31895 26225 7268 13559 15651 27492 5895 4314 3426 31030 29476 26636 20590 13418 6591 15317 3456 9764 21245 18712 3591 12779 29913 19504 8695 6317 27161 15390 32356 11523 9600 16614 27215 7351 21830 26934 11712 29572 27333 25417 30485 15132 19061 15627 10905 23664 14362 28542 20568 9771 21308 14684 5170 7295 14296 3326 3119 30245 5973 5500 14610 27295 23993 5910 30001 13761 14109 11986 17795 29807 2399 13671 16635 16040 13846 18778 532 8900 14539 17511 22190 26105
30054 8226 8728 11812 19174 3550 9582 30918 15957 17870 8741 845 20987 20842 2788 2198 23763 21780 13973 30639 30267 7420 18877 2017 18927 28993 18952 19950 26680 30041 4137 13975 26209 5810 3040 2657 25451 20121 3676 24217 17666 15196 3780 6038 16559 21675 7441 24638 1358 16196 30494 15052 6339 976 29698 3792 15849 11527 14749 22646 30411 4379 28785 23820 30487 19028 27059 2239 6863 8951 27554 22949 13634 30829 6168 31745 19515 22945 8543 31682 4984 25770 16709 12108 15453 10154 9843 16251 28138 2294 19450 28901 30955 31351 28463 4704 7278 31824 6073 13509