100 100
19653 11783 16862 25071 10154 31396 4968 22900 17911 13672 13657 17195 18292 27981 28628 10109 12403 31918 15831 14145 18692 15276 17936 12602 31847 12753 22003 16609 19655 2803 4873 14949 12069 21339 22155 22513 25490 16167 26415 23597 7585 237 1346 15879 4380 29601 31991 16819 14070 7097 13055 8944 24193 17294 24409 13454 24289 14086 27244 6445 31937 25200 8275 31047 22596 22703 11896 23153 30526 1179 8036 31709 16293 2468 18645 23588 30274 6073 24593 19522 5548 13928 10363 13282 4471 19270 28772 27357 22953 24465 20515 19453 12909 26900 24424 25862 13324 6731 21709 26615
1816 32200 17326 16781 12523 24789 27707 30985 1104 20827 20939 15667 2687 13058 2932 17055 30799 12186 728 22319 935 1722 5441 20185 11573 166 19185 11690 21091 2166 6323 13067 7047 12661 24502 10820 6746 11208 8091 9278 11436 27728 3789 32397 30550 3025 3345 23469 3439 8531 9310 28812 6083 7112 3054 19273 4224 24304 24981 30524 26419 10106 3410 8758 8435 31340 804 9994 18652 9156 22302 8524 17600 2143 22462 28248 25112 20251 8827 16278 12097 9529 26269 8701 29925 8709 19025 7894 25527 3512 9725 22979 19043 3997 2513 20479 26564 1907 16799 7399
11608 5651 19180 26554 1522 6482 28999 24221 29871 7977 1241 25314 8235 5139 24382 19081 7669 12471 10899 23303 4672 27335 7888 24903 30683 27944 10584 2799 9315 23379 13007 25828 23735 25595 30508 8976 3500 26352 9231 5475 32002 12867 12628 28183 1687 6827 10216 15673 14811 29479 19163 17765 27524 10213 22199 3537 3971 99 19217 21900 28470 19668 29277 19464 4063 709 7175 13015 23893 3328 15551 19634 27897 21168 26900 15807 27884 14791 24132 16660 4991 10397 3410 22391 8939 19161 23642 21351 21827 7573 4642 26209 17574 1725 8177 4956 9145 31672 15780 10902
23124 31563 3070 12946 23164 24250 12608 25185 16786 17968 9209 4386 6601 9312 6176 16069 20446 11629 16992 6676 12547 11527 26035 10227 1308 2008 24370 28646 6445 27678 9260 20949 19987 30105 26229 26892 32627 18599 21248 8326 22257 26798 7856 23659 24482 19898 21868 23767 28099 32103 8050 15837 11947 11010 28909 14540 29950 8939 22473 2736 5412 1341 23494 9244 26105 5041 9419 1575 14790 5824 23422 28853 25457 7688 30737 17912 7152 8177 29534 18230 23555 15504 3639 3788 32291 10188 8951 27507 15541 32447 13661 194 24708 3167 13467 20724 13166 16733 9129 5100
2910 25421 7135 32630 378 14088 24003 25808 10653 10830 25632 18281 24071 16560 11608 20712 29523 18349 12026 18032 26794 5660 10135 25378 26679 23242 17106 15332 11226 15971 17335 4193 6689 23702 10574 11601 12148 22644 367 17403 1935 4121 24023 23288 6966 13199 8060 15417 1571 17135 3102 1100 26948 14281 25119 14042 15651 24006 24212 31861 10406 7820 27036 28048 12280 17634 23793 3791 20423 31509 6332 25218 22704 2202 23214 13164 7927 4852 2892 31944 21116 26073 30090 5006 4842 1680 7324 29938 5170 5789 9225 24109 26424 18848 32257 4481 15051 29307 21488 27767
10459 27571 23891 13164 25574 24345 6347 13899 22708 12457 7023 12956 6212 4274 27239 5822 7686 31031 4791 2672 17995 6805 29528 24727 2297 31591 28045 22075 19587 20391 28532 17106 25880 19222 3291 7617 5147 29405 6742 32032 7124 12916 32398 29117 15205 14275 11740 25700 9983 23175 1047 22622 20565 4856 28842 14136 4945 17321 10473 2502 6918 23215 21669 16998 4839 3589 26877 31881 30774 14127 9592 21872 8127 4638 26449 16948 17349 25428 18194 1801 11837 18760 13412 13251 21306 15628 1062 18842 28585 1581 9404 28202 62 9691 27818 20414 9390 32073 14177 7885
17183 13143 17496 16581 32732 7535 3167 8200 23886 12204 305 15668 6184 14402 27464 26024 5089 27162 23029 13124 27495 31420 22959 14703 31250 22386 25772 863 28886 13738 16814 18325 19390 669 17696 29862 15253 30254 10337 31553 22502 19733 27488 31086 11560 28220 29801 11028 31538 32617 25150 17342 14325 11550 17514 5534 10857 10686 11730 10707 12744 10224 21901 11751 3323 21576 14837 23196 13905 4645 31230 14312 10103 32725 22727 25150 6565 1536 8047 13583 5653 30275 20778 32401 27321 32027 26004 8383 22317 27397 32069 17313 1515 6371 17573 31949 9662 27554 30977 4142
14201 15130 17375 11780 25576 8245 24719 21036 28167 28244 16387 10402 5490 23534 7905 6980 32029 7802 16853 27864 27205 32144 19500 1361 28582 8523 25759 21326 22767 8177 7276 26340 27251 3798 19628 10653 18721 6781 24032 22464 7862 27137 11725 7891 20017 20915 1930 1375 19591 6405 25047 32755 29081 22439 22448 22379 21859 11759 3874 17522 3446 23678 606 25670 24232 32545 24332 27324 14090 28405 28641 13699 1050 4047 17524 9388 14650 3290 2893 23658 6753 18562 21055 21527 7953 913 8441 22136 393 32664 8663 22338 20027 8337 19710 16861 1920 20930 18855 9575
12683 12773 31163 25084 23195 19077 25505 15157 29557 22187 28243 29678 3090 23738 9144 22349 18581 8088 27950 21248 8832 11022 32357 1733 18982 32626 25204 27952 15460 8323 24358 425 24716 2964 8853 1972 17058 22765 28411 22389 15819 3182 14532 21363 11010 22901 27368 27548 26637 24066 17783 20873 19119 6425 2678 16900 21536 8296 27881 1991 14522 22826 30257 7047 4085 14411 21912 1329 16533 19917 20011 25204 32034 8042 14024 13951 25753 5755 16503 26380 7009 1304 30461 2717 28800 1665 12207 27653 25359 16060 23173 26411 7147 15744 26991 779 12206 2130 16876 27901
15582 4078 27864 14650 14948 5352 30853 3228 2623 16275 16654 5029 9337 28450 4840 27331 28250 1037 23482 23506 4573 10679 23919 5347 26976 25421 6025 15420 21407 24561 23224 1440 995 23064 15019 11472 8823 1584 21030 31057 20828 21639 3413 12144 26941 2664 28256 4740 677 30343 63 23667 8048 17566 27600 20087 2176 13401 25382 16162 13233 14192 22308 18848 17934 15122 11083 573 1605 8330 23505 21542 21336 10525 18931 27764 29590 22833 8844 22118 20426 5813 4837 11502 28338 1724 16335 1392 17586 28267 13039 30662 11210 6934 12890 26503 6086 5542 13922 29321
23220 9534 29103 10404 3483 25886 8081 28857 29034 29127 3220 16115 23599 29023 3413 77 1673 31576 22421 24405 19808 9037 29068 17967 15315 11052 11135 16860 29042 8346 22421 10941 14510 27027 13287 13906 24973 1105 15062 22088 13475 32368 19873 2227 4669 26447 27959 32152 4575 16825 30025 13742 13809 14533 3492 32357 1973 7162 17854 28456 12156 26295 3726 19423 23834 22226 1697 28857 5271 22144 19563 11048 13095 15733 19163 9261 16476 11596 13362 16341 24475 3368 7956 5636 30157 26780 31199 26737 22358 13768 18493 14834 4683 18117 24309 27386 10463 27204 4615 32607
20511 32625 2295 29025 1760 286 11625 13801 6389 19485 26606 22030 25253 9453 7966 16861 26716 16538 11495 16474 5792 21726 15908 8386 15943 29580 20593 4371 8423 13614 16958 15822 8591 30445 10531 7932 28084 12210 25203 5743 12910 8331 4628 17226 12773 25680 910 11972 19717 8838 8545 13864 21882 27011 30364 22048 15320 29651 28331 15156 28185 23771 18289 15246 31309 2236 27031 7680 18829 17275 6947 21064 1841 23390 16460 32402 2115 15001 7820 1598 18227 17449 22008 28132 18379 30721 1229 16533 30566 8804 18763 23140 23901 6802 5574 15397 12227 21670 2810 19573
8274 19135 19615 10747 30116 350 1085 29421 17575 11023 1602 9685 24139 12108 19794 32661 17789 6302 16350 31400 16729 11781 29688 21420 24475 15258 25957 14109 31575 20083 20980 31844 7147 26567 12303 4624 16433 27474 29584 32611 27129 19707 5334 7952 32182 16821 3607 30531 19063 30627 17143 21218 19993 6527 1626 18 2491 8508 12919 22526 31347 15850 1839 29652 2623 20699 17052 13071 3391 17924 10220 30460 7969 19365 26736 14199 29916 11565 8944 21750 30369 21848 27970 19402 13838 15258 7194 11425 5286 16576 15652 32334 11902 16085 30544 27853 23864 20546 17774 27009
26421 4666 16122 8385 12039 26197 25401 26771 30501 30587 6789 3255 3555 1540 25060 7144 30113 16157 21728 6750 23874 9070 2451 15767 31968 16634 29442 5463 10941 17478 15788 17902 15485 9405 23138 14265 2195 28755 11096 24555 7162 31337 1917 1677 30757 29168 2056 11716 27960 8914 21587 32339 25720 26253 24557 23904 12032 2081 20203 3963 11447 7981 29822 3292 24446 9813 8139 27372 16046 20710 10998 32520 24257 25533 128 7809 16719 5477 2772 8167 24893 14719 16924 391 20273 15207 19545 22834 29256 11284 25523 28992 16652 26432 30477 14037 1696 5065 14557 23907
2110 856 4155 23408 7908 13632 8248 9370 6473 169 22896 17624 31254 10733 18915 16642 26195 26434 7936 24724 22559 6298 3587 17583 27045 14023 5761 28768 19531 15843 21313 9765 16428 5871 19790 16045 8137 17594 1354 23776 21499 22532 9989 8991 17453 28388 6991 19917 5831 17255 27658 22286 21997 3450 11907 1998 19562 15370 26626 6662 12007 18793 8351 20538 25953 12020 6232 9799 2266 15347 21089 32603 26958 21440 27323 30021 12264 22316 27144 11503 29046 15646 2974 21544 17691 7805 10714 11431 13123 14672 17590 18509 4316 12068 22174 23211 6852 686 27520 17348
25981 6322 11811 14356 29992 16420 24505 10705 4529 1420 28087 22384 11079 21935 6628 9067 25359 13163 26800 6466 3097 1251 18888 17344 14483 15324 12007 14463 10044 23911 1263 31918 9500 11457 17208 10002 14195 32119 1320 25419 8687 28877 25092 14937 7457 8801 30469 17502 20786 2060 22447 10149 26834 2313 22622 2276 20594 4185 26402 20670 30131 7781 26316 27276 6942 7654 16457 24669 5141 2 7727 30779 32009 25527 1686 14001 17390 19581 18217 27274 5356 11303 26493 9690 32600 17419 5537 18499 26338 8546 16630 32369 5392 14578 22336 23271 32491 26090 22526 27646
4856 20493 12791 29482 9065 32018 7958 8576 16533 4427 29303 32117 6054 902 3266 21993 10641 18481 27320 26212 28236 14273 523 4255 14395 13396 24691 20294 27627 21140 16638 17916 24578 2527 2984 4768 31094 12198 29483 17358 22526 16915 9496 6313 9926 17903 16423 28120 25959 15298 1227 31695 15638 28732 29706 19024 13851 11219 20620 32049 24966 1454 13810 24159 19229 24002 14953 18723 18328 16955 20094 23204 29457 17437 20276 2990 29622 32555 32339 6065 21697 22792 21764 21773 3498 15260 25755 25228 2458 20153 14772 20016 17188 29950 30081 6448 18480 4092 4450 15677
14903 20376 182 5897 7862 4272 9458 23050 5084 3842 18416 29052 15750 28233 4233 29349 32366 24232 9573 1116 20895 24652 29202 24524 22573 27214 16980 20086 28450 30934 10172 18805 25019 18054 23932 7686 3029 13590 7802 15175 162 10555 8611 3391 2464 24014 12418 2335 4556 29226 3089 20167 20755 14294 5071 908 19465 868 25362 19001 31709 1176 22687 31827 12941 27085 15480 2210 3926 21141 30709 6892 5999 21920 5142 28932 18166 7647 29208 260 11819 25320 29254 21718 28380 16541 32018 16121 11808 12808 8804 19585 20040 13194 17202 6240 1299 20533 31057 25573
8737 7798 12683 6274 6570 28663 11249 5842 10096 14531 22130 30426 7666 29100 13741 7568 13795 31210 20484 19353 29146 15364 20210 2391 27211 6644 19102 5155 5558 25734 29616 12503 24862 25089 3939 1936 11453 10249 31195 27826 246 19652 8890 15148 3979 13116 14318 9213 21776 30468 29388 5879 28320 15135 15203 10434 30670 24605 5642 6693 1246 25991 3900 25729 3382 31357 6566 28574 23055 414 4733 21674 19824 3112 24597 21119 5469 4192 24240 22309 8012 24373 3988 17048 24536 7456 15968 18123 17081 16974 4255 2284 22260 26113 13214 26602 2895 22836 7291 3125
3848 21630 3711 9413 10950 15672 23469 30045 9680 17890 5019 6673 2941 28099 5249 9222 25836 9168 12944 29561 15092 4303 27013 29442 29790 19644 19581 6170 25682 876 10251 19676 7440 19568 2696 9992 23265 14908 9898 4173 6988 25737 17496 17352 13452 29175 13245 17608 322 25847 30364 13012 29800 12264 5091 7919 10630 21632 18818 17946 17704 4718 4221 21787 14735 26941 10048 6525 17319 29052 5684 17368 13369 20764 25231 8018 22882 20249 25456 25190 7236 19037 27947 31972 9979 6113 18145 1849 9938 3093 7765 14065 32439 13186 28154 31866 32237 32429 2385 11819
28417 25919 17265 25732 4863 17508 25575 27576 23781 31857 24001 28264 344 4553 31974 15794 11926 21761 32169 23146 172 22082 17053 9127 1513 10223 7338 20098 26514 13448 22880 2842 2775 11215 2956 31452 15878 19241 16905 23553 17919 1350 8409 3671 24552 19716 4212 21829 2850 1937 30560 31497 12155 27088 12802 14661 29605 17663 15540 2746 22503 1686 17432 19027 26898 28530 4011 17253 8119 17970 31389 5941 16279 2274 28384 7099 19291 25047 5759 6053 24709 25561 14129 32671 4007 20872 27694 6354 1234 29688 12865 9386 5202 17567 31262 31197 32664 28273 13559 11945
1656 27209 3914 14429 6293 14987 19965 9242 15129 2567 428 19675 30377 12833 1090 12979 24984 27695 29894 22358 6746 12835 9592 17371 17980 4714 12317 7104 26707 31508 9367 24879 9394 16436 1464 20095 17376 24970 2136 26878 2698 21343 18597 12526 14708 20145 27067 4813 18869 27792 21365 32218 14628 4296 642 17364 31502 26560 7867 9733 24874 31650 19379 13183 4302 9404 26512 23718 22626 22823 11290 24558 30998 8102 26130 29670 14544 10704 14021 21110 20584 22898 5089 2404 2584 13615 31110 13341 9262 4201 672 691 19460 27237 23413 12834 17714 18601 17018 22999
4354 4265 2923 12915 10789 9379 22682 14796 10404 18376 32392 22580 25113 3484 17842 27391 23070 22687 32429 22591 5894 11309 7285 4050 11979 21923 18691 7583 8264 12483 10269 12572 19624 2906 15474 15892 9503 27679 8934 6823 24792 16607 6187 16018 20270 14295 31889 1968 6686 18530 18975 10177 3324 11988 12514 8043 13158 24485 19845 27262 25719 13778 11810 16764 3644 24704 6488 5209 21868 21474 19358 8831 23891 16734 7894 21525 19472 23275 20518 14465 24320 26046 22531 20011 9082 24613 2190 30596 10173 16051 26148 16712 14374 1181 28208 24064 31911 15204 16452 31434
2676 3508 23913 20828 15871 2445 29107 6983 28967 19872 23576 19065 25004 9724 26753 11014 23527 23529 28706 21032 32184 15636 21511 32388 9663 7661 1520 19886 25295 23374 4959 27376 30623 8029 26351 6983 18115 28083 13287 19119 15067 15038 16399 32416 32523 4707 32707 20953 7083 4584 14405 23900 19263 14610 7256 12986 7081 22154 5898 19344 12189 4997 14545 4690 13398 25252 31449 26695 24455 22041 19613 19669 2453 8460 8117 2559 14339 18493 26094 2604 11310 17898 13728 15146 19002 9459 2108 8818 27724 22332 18213 1710 30201 19283 6849 21112 15359 1363 12239 5221
5171 16136 26363 16450 8635 21331 8879 5533 12669 30928 10029 20360 15063 4023 16603 409 22673 1792 9437 17973 19984 7371 16361 8718 27852 32254 26455 16619 28164 2352 8312 28584 5296 14534 29225 30589 11191 30811 29864 16003 13410 26982 5030 20851 22800 23318 13981 15025 30764 31105 17251 19082 23389 30718 12032 13498 28412 15055 4285 10034 3531 17412 27517 15896 13540 26523 8528 30990 13295 2796 17734 5559 11672 29509 16257 29559 31809 26577 30606 25723 20211 10942 30966 4090 4763 3486 17935 18874 31603 9486 19736 725 17086 24470 13189 14269 27832 977 27544 32638
10957 22990 18481 8259 11785 949 743 19740 32208 18862 26711 28926 9935 23806 7868 11020 22066 22131 15041 24596 13591 29699 5779 1373 6211 22960 7993 2208 22548 22959 3112 31060 25783 1992 13586 22318 27291 7168 31232 10729 6950 26742 29088 17987 28070 26251 20960 25672 27786 8005 18107 27346 25298 29430 11091 5201 32196 1048 22849 20680 14049 18812 553 2328 6679 2980 18321 10113 15416 20845 1267 2406 30123 32752 16 15952 13666 12715 29576 14390 11 2268 10152 20732 28555 302 3459 18745 18088 1175 4164 9277 27909 18305 4290 1363 26452 12328 16213 29251
8135 19779 18409 7963 4807 8166 1104 10031 13289 15527 10461 22367 7966 2048 7982 28056 27178 4596 841 29086 10839 21749 30443 2824 618 23558 16156 30860 19670 5149 24583 3196 13872 19659 11017 21137 23523 11294 29448 17128 17189 6599 23302 9802 15401 25976 29429 4016 1430 11408 5837 3846 17465 17146 17373 304 8950 9042 22622 8523 12037 10826 29006 16181 17499 8525 23164 16207 7781 23650 17631 18305 24828 28498 14123 15743 11670 15885 27814 31307 6329 27722 5688 22268 5046 28782 12738 30397 7827 19887 27569 29208 22089 14713 16083 18293 13104 12304 18025 13533
2999 15480 30333 24324 12120 30610 11894 27015 11723 647 23017 25714 7802 105 5042 13061 31798 21272 32580 20408 26920 8035 19517 4476 28426 23664 6206 22084 3991 29278 8953 14020 14655 11304 2187 10104 29728 205 30221 10985 23346 30638 3173 31020 13761 11319 25954 16555 17697 13505 28425 25640 6813 28855 4393 23038 2480 504 20790 4266 2680 30077 26707 31883 8295 24380 32689 13030 6460 27980 1816 13869 14385 13897 22979 22401 8566 18170 9585 20853 6623 13105 18361 21 28378 11763 5534 23079 6819 27865 16739 4016 30907 23222 21153 29114 7830 23930 25750 1877
11411 13143 7872 29660 11058 11042 7082 4729 18562 15355 12807 27371 2520 16432 21501 25479 17862 22367 30915 21629 31307 13275 17518 24669 21320 22353 25096 13786 30003 684 17379 7885 24591 23861 15916 125 32412 5887 12227 12573 13771 2690 11594 18070 2164 8582 25213 17031 9035 323 7617 16266 25873 16838 14847 954 14087 13462 23218 7282 18856 32408 11839 26455 2455 2352 10886 11416 24791 3753 30646 11892 6202 17879 32101 20989 27932 28922 17888 17692 12112 21478 11199 17878 31579 21857 1469 28365 25824 20429 17607 11530 9564 21767 14419 17145 8980 27022 27891 31925
25675 31464 22826 31110 17079 5441 19582 11945 29494 7254 21710 1871 13758 2961 3558 17895 16786 373 3921 2720 16828 6717 27758 9002 30135 24000 31431 1981 19052 17560 21149 10589 32608 6275 15816 30044 11307 13321 2238 12832 14892 25952 27121 6439 9851 30860 29534 21063 8223 11466 16994 13371 22145 6447 25040 28251 3105 17549 4674 32683 16776 29846 27820 7959 3198 30788 4919 30973 28540 29048 25676 26092 17764 25057 25582 32428 5488 32543 20302 12670 25448 4648 3737 15524 20505 26091 30997 12836 7682 2356 8044 26826 28240 26576 4168 32364 18957 32497 19231 20337
19348 12500 21841 1940 31816 31648 9584 12262 14981 6034 22750 24082 15319 16471 26526 26853 32618 11705 19044 17934 17602 32638 18158 29986 23212 8333 22167 7139 23157 25939 23338 14273 9049 26981 5620 2209 10814 28775 5405 6366 29091 20012 2872 1677 15827 6686 17688 29190 22878 12769 12773 13728 32201 20275 12656 19131 13445 13591 7364 4 17438 14386 15614 25844 32181 9845 9310 3738 32432 20988 7581 6555 15024 17206 9601 3447 25027 22087 8880 1293 30428 18346 20418 16482 10880 29723 2969 926 19905 20404 1013 26455 29040 22614 28227 32274 1423 1866 17078 29447
3333 1576 11673 1573 14741 11000 10980 2390 1041 32664 13 17156 5323 22622 2080 23004 4173 15869 1554 11730 7242 11949 29011 16997 12500 31366 28834 7716 2510 16173 30501 17265 19621 18099 14265 9861 13883 19898 25223 17588 25892 29914 24792 16626 5141 24899 810 10647 22681 20643 21890 19295 14854 9290 3589 13749 13488 10124 18882 21553 32092 5478 3027 16735 6392 8549 12964 14018 7305 1988 22418 15896 10596 26836 19640 2016 31137 29601 11525 2842 4301 9171 12946 21070 25823 5842 18227 6607 4973 15406 845 9025 30496 25917 3815 25177 12646 30726 6403 26340
31846 18781 22830 10251 22841 25168 20310 5333 28247 13506 13788 3565 10831 854 23018 11430 32444 143 19975 31548 18292 26933 10984 605 12802 7674 21129 20455 14679 93 27005 23284 2492 5839 31363 26900 24843 15380 30809 22745 16159 24045 4565 30105 31369 3828 3121 14447 3460 28615 6055 6787 12076 13160 21053 23691 3306 17124 27875 26514 14387 17459 9915 11000 7282 2144 4792 7099 4418 9450 23402 14580 23777 15465 31000 14757 15073 14964 3600 18353 15137 1731 23867 27692 3324 29585 3828 4309 2752 27460 14362 15073 6498 8528 22372 25339 12400 19033 15605 3720
7750 8088 4145 3631 23685 12671 26574 1433 2241 19872 10286 8309 21882 31691 7148 6336 1870 22134 31413 29251 21100 16994 21081 3933 11340 18812 1569 770 26014 7426 22628 17412 8320 742 12885 9617 30451 12919 7711 14590 26000 25662 10036 31938 20087 6438 5345 31942 10377 23777 13095 18396 11991 1926 7622 24204 9305 17023 16794 32535 32740 21666 2090 29366 5206 31134 24959 16419 2324 18585 8242 26458 14006 28183 23497 2721 15360 15646 19780 10438 24340 23448 23026 19624 3815 3576 16521 22008 6386 26144 7286 16193 26410 22914 13170 1318 23089 646 16726 4844
5070 4396 13872 22584 17819 12019 6806 27673 22525 23033 3642 24904 32089 31587 5311 12207 1413 15615 9419 22313 1405 25128 11614 8073 10072 10219 1378 6621 13946 28776 31107 18164 15370 15738 27712 1821 16295 16026 15426 14130 86 30208 25837 7893 14783 14604 3382 5114 18842 4069 30900 30630 18788 14432 3833 28661 28758 20515 27938 866 20887 27146 13741 31043 19121 4809 4747 9107 13890 2259 7542 30196 14068 11131 8837 3572 11950 25945 28926 4240 13836 5616 11883 247 10253 16013 24560 29840 5644 30322 7643 18493 14322 27188 9597 15074 11433 27234 15673 4385
7892 19815 7898 9832 8637 10418 23593 3886 23182 9492 29120 12409 18885 29289 31769 28836 18658 7802 17130 25951 4194 21282 3765 8951 23025 16304 31898 4312 29404 12685 17521 26448 21189 8223 9493 14997 2714 12268 27394 14090 8136 28931 17699 29374 10155 23704 23525 30773 14153 21998 24208 28268 31553 12922 31447 535 3070 3397 29358 29741 21040 27026 17499 29094 3965 26817 6352 6276 24435 6003 27704 19984 17602 5615 9424 19046 5800 8132 3064 32051 25260 14000 23946 12222 5775 29889 24938 2085 1664 18874 17246 20969 9103 10168 7456 12205 30308 25365 26290 6715
12849 18829 16626 20680 29669 13471 20078 7801 419 6966 3705 6438 7794 26249 28287 15709 17974 3648 1429 2986 26079 16344 11860 2837 25568 5448 29416 21741 3298 7909 32612 3524 14522 17539 3672 28603 15257 16861 934 18944 30595 16951 10641 6548 8707 24385 17431 8018 4636 1855 28289 5933 10882 3687 30520 29881 13323 28554 11738 18669 15456 32759 22413 13607 19704 6813 15764 3952 3655 1647 2592 7169 11058 7181 26472 7 2247 28320 5371 20900 9771 31749 26453 26934 14547 10287 26033 22491 22775 1990 31263 10037 21060 15892 26582 18026 27858 29218 31691 18543
16981 7966 11139 22407 29591 17408 5669 518 21030 13934 7123 17499 21065 7388 32570 29773 22841 21495 17768 29061 15246 17220 18398 16205 32760 25860 11495 27543 14895 1372 14888 26433 4653 31922 13687 13207 19354 26970 18417 2330 24968 11378 5958 23424 2656 11786 2392 24315 14364 11401 26117 29374 26807 6987 19264 5310 23266 21647 10087 17077 31481 8849 11728 27757 7221 25587 31142 23355 21027 20321 21235 13001 32341 6773 18941 28441 26199 2008 7382 967 26084 8363 6959 143 4442 7461 31853 24334 23660 16509 23551 24013 6423 11274 20462 3195 25303 28073 19893 28026
18970 19807 20820 20638 21493 7743 31392 19249 8726 5774 5341 28986 22266 29478 15502 13310 2656 27160 6028 2504 25085 12437 21334 17126 8817 6159 23976 12276 19578 1691 2895 32093 6759 20122 8507 26654 29136 10648 29654 12237 7557 23156 4244 27098 25540 15041 9675 6678 19631 14189 7366 13425 11516 160 6677 27656 18671 28903 22566 29535 9093 28562 4122 4586 19955 21083 25809 13011 19278 584 1095 20727 23692 26578 29476 25650 18603 25158 13966 13276 30000 20076 20546 12947 25299 24679 16611 18235 25209 21724 1169 10052 5730 15702 15806 9771 5028 27625 573 7748
14296 16918 32412 22198 1811 26351 25524 2759 9752 10363 21118 30298 17611 3164 14889 2997 3305 21423 23657 13960 26871 30260 27665 20523 14200 22703 31204 10536 15971 17038 9128 19449 29396 22219 14717 23827 26882 5140 19821 15395 113 8234 24900 19095 8297 25223 9890 31584 6310 12867 1358 4086 31313 6968 23501 9885 32047 32357 11828 32232 17689 4496 14138 4475 7084 559 3985 29716 29249 16265 24439 2765 16415 12313 20104 3483 4336 22067 9686 28955 22386 10218 22587 7566 22639 7728 25838 5921 16879 16191 18517 31603 17068 10296 28442 30801 13766 23050 24449 8132
14008 19862 3321 15693 12683 4881 2545 4207 17226 169 3052 4206 32437 13419 30168 7511 26937 28004 23707 16960 17440 6 14832 27857 30214 27086 16753 15875 10380 18468 3060 22568 28240 13955 3355 20012 1308 22489 1831 6170 2141 3889 28941 12513 10199 11151 716 16729 13976 2843 23549 31873 9770 31106 30892 4363 16909 19866 26726 21530 16228 2629 31635 2378 29935 1687 23303 27633 20281 24891 15827 23972 21779 17170 12641 24061 20544 13598 10176 12188 28274 3487 16444 20076 28278 14459 32306 6951 11691 24291 25122 24605 10680 12852 6406 4913 19070 24091 13794 31012
2124 26109 10653 3606 16978 29078 27919 22345 22873 19680 4443 553 25265 7990 10879 29833 1898 7609 18473 12848 25543 15603 28877 15252 31471 9658 21236 18917 4838 29015 8407 3149 3260 28904 18988 19063 3332 1027 2112 4174 2184 17052 28742 18183 2363 32297 32750 24417 16239 24067 22586 28971 13128 6928 6798 29703 10865 7839 7174 30063 5645 2195 25355 28661 7409 24772 9001 10191 5648 30626 11035 12434 1846 14876 31016 62 31738 31936 27059 13179 18670 547 13325 26402 3864 16515 10637 19199 5030 10923 27363 20950 16349 23 1961 8867 23891 26713 15419 12070
25182 23995 16841 5023 25292 11046 25770 9175 30932 322 21747 18783 14925 26335 25929 5916 3614 2196 11251 13828 30198 11173 14899 3874 8253 18474 24023 22240 22090 3694 8459 23941 6870 23446 31857 18685 3248 24963 28532 7129 25011 1529 29401 11670 3574 15616 31126 30754 27458 25226 29672 24220 29897 22359 2208 20827 27412 25878 30909 29491 29758 11725 24896 9203 3168 10874 20284 5170 23116 31995 23085 17996 15486 6443 14474 8359 8783 2382 670 30011 1388 20911 6035 8785 6023 14215 22736 12426 30796 28449 12165 4644 1943 30012 4227 26489 10212 6065 29266 27848
1287 29013 27005 30008 13085 23841 24369 5914 14786 9360 5638 28015 24452 27977 28957 4778 18840 10750 12651 14519 17356 4756 7508 571 17597 26500 18044 286 586 1153 25050 32327 10824 1627 26126 28326 4983 2083 25588 14712 31413 15248 19833 13254 8306 24737 7853 29999 23140 24708 7450 27112 28028 4023 8533 17921 17432 23405 7890 15850 21626 26163 24060 10293 19321 22483 7301 27805 20342 25720 2043 25672 28562 20244 18077 3913 4894 27391 620 17257 32084 24801 10885 14375 14660 15057 24237 5117 528 31678 14638 24293 31580 17934 27362 32284 19969 21894 23949 7462
32001 20586 20591 10258 1728 13285 8986 15103 9841 24490 17026 10975 18894 1244 27731 2939 3852 31788 15495 22200 24334 18241 14647 6424 30681 16732 20657 18307 31560 17212 32204 8776 22016 15935 1656 18783 4775 4811 2201 26097 27985 9708 18710 3353 15163 31294 31020 16365 31420 20494 26121 11448 8056 4284 18070 5514 28375 2403 7060 32755 182 14524 21994 4619 14428 13376 14141 16565 18863 26765 8386 13093 7847 14603 17488 32672 12548 17103 27578 9603 11324 18112 19035 26759 27576 32504 3314 28995 10559 25453 7089 22259 28595 8656 17040 30327 9723 19637 13287 15007
17984 1525 6460 14757 5468 10320 9817 19451 28303 13399 25250 71 30580 1162 7334 4269 20532 3261 15348 15692 5114 10432 25904 12299 15783 15934 9318 19861 17606 13798 4509 6050 1730 4041 9136 1145 20566 5891 9561 28594 6982 30878 143 2113 21581 16819 21522 24496 15702 2258 1860 32428 16367 18084 20538 8899 17402 8655 24595 2412 24229 12826 10632 27720 28061 32466 30149 4775 29311 15468 15223 7246 17040 3435 27687 27000 24237 19077 11206 17434 1925 5633 9865 11883 25093 15971 30967 31396 16404 13387 24128 4100 24961 6043 6352 280 16697 8152 18724 22329
17086 25555 9948 14166 21460 17544 20498 17396 22142 32582 8939 24690 26408 11024 21867 14738 21286 9540 16270 14133 21341 12666 2964 15206 24384 20655 16540 21146 11263 5027 23412 14646 11258 27775 27056 23122 8828 17339 23289 11197 8102 21567 31912 2881 30889 4808 21396 296 4153 9358 18471 3070 830 10532 22712 22937 3532 23455 17940 4439 15445 20218 28254 5031 15645 18873 18970 21195 26095 1229 16260 10460 16911 20920 16422 20238 15471 27633 25769 23093 14885 31114 31468 24712 14621 32528 14931 11429 18187 19123 4706 8662 25764 6822 18314 13715 10510 713 21058 8776
14741 21894 13402 14168 27039 5112 14476 27233 5858 10579 20565 3522 5588 30080 1027 20570 16995 27399 10510 27283 2279 17458 21163 7327 31573 4976 12447 25090 18101 13047 20561 32337 7382 22445 29732 18233 26176 19273 29955 20418 20586 4533 25150 22741 3117 32183 21396 11005 20601 30929 8593 15722 30023 614 30746 20027 15054 10781 30534 20477 4346 2443 22127 20590 29466 268 15753 15495 11225 15345 18611 9658 5487 16353 27148 27769 10776 2937 7624 29687 30917 2102 9347 17202 21010 21397 14292 14129 16761 9080 27942 10890 9925 18892 15043 13864 969 7017 21298 28491
21073 15929 19139 18128 30297 8861 15208 28083 8317 11276 23238 25298 13489 19710 13964 3572 2354 6664 2820 3081 4541 6216 26600 4276 19198 19203 6006 262 31307 17549 31686 11149 5522 15977 22108 16781 26512 31922 11770 30093 17476 185 18103 25365 24996 20208 24661 9143 10382 19463 11984 13644 4609 30036 16691 5504 25741 30840 19119 13969 26120 28224 494 12627 21891 15561 2725 22648 16764 25832 7529 4366 3670 16072 25027 5193 16646 27093 11910 32387 25102 29657 9312 20353 3247 31589 22192 16376 32346 20851 30359 4175 14953 24137 13394 13479 5644 19873 19143 537
16518 17926 26973 16702 7065 12161 28689 18933 30782 19829 12743 3168 2970 12232 12509 11056 12334 16195 2566 2851 18254 26940 342 31690 20180 11890 26009 23952 32533 6456 15849 26872 1300 24278 30080 31526 11510 12332 31178 2977 4278 32152 32446 12119 7962 12826 23919 19682 3814 10678 16606 26121 4687 26394 5395 6794 24242 19585 27756 18455 23686 23511 20276 27550 5008 16926 10615 10189 10069 12816 19221 5334 30677 20998 11798 15727 14966 16664 30525 27933 7999 30598 25824 13235 22086 1623 8183 16917 2412 31295 9074 1090 7751 26054 11728 7314 21600 22183 28909 9276
5023 14966 29723 21786 32515 30342 23669 177 8086 14090 3952 30828 15265 14714 25523 19240 11804 5689 21545 31733 21096 19828 26964 5659 22593 6989 19684 16988 5102 22329 15240 16761 7866 25254 18692 28664 23464 27362 10884 14115 13411 568 31535 3924 8820 21596 12032 30576 22711 31241 10193 1458 8464 12264 8377 30122 16986 29876 25496 22405 672 21148 31984 17550 6544 22504 25079 15605 10028 736 15594 4815 707 9449 21411 1631 30240 242 15470 30612 14593 10510 21785 20690 16587 24418 12362 3830 14459 32322 27925 2708 13536 11159 11470 26242 30984 23428 6940 18331
24312 26185 15439 14781 14495 13671 30196 26132 15629 19461 1446 32411 21985 11922 23079 735 24832 28076 687 16903 14989 22592 10371 15889 8981 6387 18122 21598 22025 17089 5276 20337 25714 4324 21853 17908 10208 24056 841 27387 24995 5724 2127 13197 23102 10715 31011 30049 5401 16524 1679 25317 27766 14070 6410 2180 10662 9592 19083 12073 28029 30441 12959 18431 32003 21115 14522 17788 18028 23781 24778 1437 12875 5313 17938 12659 5378 20018 14390 13790 21629 4555 11922 14745 5664 25260 1488 13430 2301 12270 15290 3051 8267 30018 7500 22734 21011 20180 6926 14941
11821 1142 14241 23169 24939 20474 17559 1876 30996 25311 24968 1504 31380 28465 29025 554 9073 14250 31232 16495 25985 27421 8702 29613 29531 20245 16588 23909 28939 32185 13570 6815 7434 15090 29939 16944 1389 9424 3461 14392 7516 17194 832 23278 18118 14981 18852 27808 9299 9783 17600 24309 18330 24013 2304 25462 3989 10665 19783 25932 19281 10992 17213 20555 29930 31395 18923 18736 6327 17419 11909 15143 15554 24155 28550 24209 23675 10641 13826 7427 19629 12957 31032 30354 7088 25285 104 19534 16865 15944 14052 13324 13903 30273 1640 14697 15287 20943 11182 12299
31155 12915 14654 31530 13870 14265 15492 28239 17179 17947 14628 11100 29798 29986 28306 8653 12843 10446 7133 4925 31527 23096 13771 16684 27500 21366 17195 10239 7000 25279 21351 27464 27335 18639 17241 22344 3208 26253 17503 7091 26126 28140 22962 9138 5992 6671 16371 12078 16244 12976 29447 4428 20559 24258 17957 14388 2063 2645 16941 25111 25013 25531 15932 9072 4701 13289 26237 8842 26296 5663 9538 11330 5308 21196 8787 1550 21914 25004 19589 8510 23537 22323 8591 4994 31297 16686 10266 30893 3490 13992 20503 8632 182 7946 11605 13578 31452 29831 16467 9206
4006 1463 16723 6534 654 31362 8623 18039 29412 8256 14192 11908 1035 16670 18205 23272 21989 2756 24529 5662 24972 18485 15760 5355 3651 29430 9691 12446 4780 24434 29314 5783 30267 2205 16058 4358 18154 16088 27247 19701 22318 15893 26588 16777 6186 28475 1880 7300 25635 22732 13683 22543 19765 709 24385 23991 17476 20933 28918 23221 11317 7538 8883 10610 11613 1560 1952 29770 23865 19860 4923 30096 3680 14193 2288 30931 23735 13392 2537 352 18916 23693 13607 14856 32261 32287 3538 4644 161 16832 7117 11222 32222 11087 31374 32657 27637 31090 18989 22747
9444 10367 14010 4177 18531 7325 2516 9964 31256 14118 31351 9860 20494 23376 12054 27538 1380 9741 9706 15418 17730 23855 30601 20617 8721 22992 10170 12283 3308 29169 30856 2112 24913 9569 29589 24895 22813 4577 7601 21084 31927 29317 2219 7414 25483 11869 14183 20532 22714 14933 2097 23042 14351 21082 6481 10582 5942 19902 23520 17848 3880 4830 18650 1 14826 28162 27764 8291 14455 20356 15279 13737 21755 13621 26669 27072 5441 17148 9795 32631 20847 20160 6481 23939 8945 25480 23118 19142 16307 32737 19623 16337 5523 4993 13642 29095 14870 41 18429 31171
601 8656 7925 16221 22347 8701 20644 1514 6682 6773 6098 17634 11499 19222 16879 11461 29646 26371 22440 32096 25073 15617 13240 4429 26388 16161 31745 17081 20796 11680 12507 3433 30380 26891 18092 4607 15377 12198 32185 24186 19197 18959 27707 8189 3222 27423 28342 8657 15504 18193 29318 15788 10328 9702 20154 8500 28306 29959 7974 3263 21190 7213 21940 28509 31062 6526 30203 1048 8116 10489 12051 21626 9425 31507 18343 17488 30169 16034 4171 2734 13085 507 20496 15411 8529 12119 24406 19086 15095 10364 25826 7489 30235 17817 26929 10149 4673 15217 13323 8239
668 11451 10331 15601 18560 27337 4669 6500 21018 10601 7001 10596 12639 10761 22896 23932 16194 8734 11060 23652 32554 24774 22365 30152 22179 30635 8697 12875 27987 27435 19459 9420 18737 11703 12600 24808 31473 27257 30758 15040 28354 25402 2182 13308 13628 25986 15307 14864 22676 6913 31739 6589 4627 14637 17598 19419 29638 21549 15029 32599 23158 22774 19724 1144 15322 29364 5459 32102 9484 24427 27017 30700 32058 30686 21626 21629 24734 28336 26700 7797 10160 2761 8020 14754 28314 24827 16174 2307 12524 20709 29196 29391 19857 18712 2638 26041 1794 5753 9299 17267
21433 17127 6799 21617 4841 18205 32734 10479 31084 5081 5144 2869 19196 13886 26342 26394 13223 7030 7380 19143 21885 14237 2727 25789 24204 5082 6896 8986 15118 1999 12769 22551 14304 8756 864 2006 10550 1214 3930 17243 27022 14150 14426 13528 17634 13863 10330 16685 9250 16360 30681 25263 3297 9755 19245 8488 18767 9604 23067 19232 19559 2430 5541 21595 9833 7835 24611 32163 7563 14475 2965 10696 16107 20287 4664 996 31689 30541 15703 23267 9971 14743 11876 22083 26240 3624 32327 26649 28097 32350 26358 8277 4981 12878 11078 17734 6204 28004 12545 21857
12623 15946 312 22078 11117 26123 8922 5347 14873 14969 902 15173 18178 1996 25246 24332 21955 13707 29341 28055 20428 12976 9386 6464 19616 27911 21101 11233 10818 22487 14881 25239 2537 17860 234 14021 1275 6644 12137 14428 11833 5233 23694 23898 13111 15822 31406 27281 12816 13838 31446 22954 5975 27329 14942 24681 6225 30832 28353 32051 7521 15163 940 11469 12483 21185 8020 11622 17789 7488 16653 29400 27283 28157 11801 12331 15995 743 8381 6746 14032 32119 28058 18522 4171 25306 4923 21593 31470 26450 26603 8772 22146 2266 22985 28555 4932 15625 29982 4136
2780 13880 9453 31966 25998 999 25036 5822 24500 4701 17139 17392 876 19855 9619 18864 10894 27459 24169 1943 23777 8309 10642 30748 24206 17914 19617 6746 724 12387 7919 10516 5886 16164 27698 17142 31122 26358 25937 26653 12748 15225 4983 28890 6986 15390 359 25011 31241 26692 3855 16555 2704 24225 9055 20420 25195 3044 12379 20673 13531 11416 15727 13872 20428 9804 27651 26024 25863 31729 10832 28496 29609 24963 2162 24224 26068 13036 25534 2156 13988 21029 23637 31262 13413 12446 18681 28227 13059 2016 7456 27209 17089 1393 30023 27014 16174 28151 15753 14717
19030 31649 9840 27485 2101 31683 23563 32459 11889 28608 13121 10721 15432 13613 16740 25207 28358 31027 4618 3233 17724 31541 28440 29304 10735 25267 28447 26910 4877 11375 15852 18172 12261 29390 21338 3918 30294 5504 3179 30434 9352 1123 23191 9756 2779 12709 32100 23614 12829 28458 31287 22502 12800 15149 18026 10457 19403 16425 22430 20222 7503 3066 3667 19118 29 16959 11958 555 26870 19972 23481 8301 23427 22174 18537 20773 17990 31701 4989 32252 23249 7497 298 28955 13878 12558 1855 241 28094 28058 24429 10544 21470 19169 5094 13593 2406 7870 14891 24314
12028 22677 20510 2293 19145 8247 28511 29442 13938 23557 19157 4663 10570 25177 10891 27976 12998 23073 22974 8778 14641 3789 15156 31164 20640 15212 30671 10951 32297 4369 31585 13509 15184 31868 13250 29185 19906 28406 17952 18365 18246 11901 11927 6010 16880 28961 32257 21875 11415 18350 10768 26731 15242 7051 9114 13992 20863 17378 10035 1088 29900 30209 31745 1683 9434 5377 5324 20761 9174 9381 18261 32606 2217 25476 3561 16458 11563 20587 1845 9894 19603 7933 10332 25308 26163 24476 21831 18942 14434 24205 21309 19978 26553 32342 18867 19309 9858 4459 17765 20421
28781 30474 29093 15851 11909 32612 31731 29489 22371 23293 21967 20968 24481 6485 18635 21798 3730 31432 4324 4550 2864 6579 28946 18607 13654 11992 30238 28250 7984 29956 23476 19342 15087 28655 18361 7022 4289 6755 20446 19126 4352 16288 32118 15426 22185 1024 17285 14032 28177 24791 6937 24582 29651 6045 14813 26807 8205 24655 5867 20066 4556 22290 12770 22011 28356 27930 20536 9198 11077 24778 9426 5474 3690 284 5586 16058 18068 16452 5297 13154 8726 22928 15501 31432 16434 3731 10948 22184 20037 16258 17857 16013 9534 25310 26134 13461 23380 8275 5579 22388
7673 4833 23030 21947 26633 30265 14988 9819 26696 17258 31863 10852 11275 188 16873 7187 25141 18652 1263 28428 19045 19770 8265 1508 9326 22448 23161 24802 13320 3940 10010 10759 11461 1263 4723 16971 6726 18879 2892 13354 6318 5817 32512 12127 29015 17955 31700 29168 28612 9410 19847 17002 727 24127 18475 24430 32324 2256 13619 2156 4166 5140 5836 943 16273 7998 13681 17818 1415 31349 11193 7473 22702 22395 25716 2523 15202 28045 16119 7781 8903 5259 19892 5451 18946 7001 25358 31283 17833 23941 24683 3259 27511 23594 31626 16500 25157 24084 28183 32302
28213 23332 17276 2679 19761 14070 14587 13662 14228 3778 25593 14205 22822 7808 4765 24630 22094 336 6810 31036 12675 20760 2633 853 9476 26991 28667 12383 17609 20922 11149 16017 31929 4756 32317 6404 16157 31348 19643 24946 30549 5513 18308 18237 5321 23785 28011 20403 16931 24811 7288 29584 7356 29393 9462 13764 83 4523 4808 6007 15109 7800 8444 3403 15737 7053 2979 23009 7004 31547 13279 29086 28685 16812 19005 19375 31641 32270 29509 17482 3049 24307 6736 29751 1594 26104 26266 8592 9422 32421 1688 11717 15585 31893 17804 9442 8415 17623 8022 21013
29396 9875 18061 32107 31524 9969 20686 14042 22396 17462 32084 21124 5640 29745 18889 31290 4327 25045 18780 30783 7644 11815 29204 8015 26182 14427 21604 29664 31570 12601 28927 31400 31343 32198 8429 20575 22018 11553 17375 28358 5723 1451 10432 17128 9960 28010 25740 30880 937 12720 2917 8027 23268 29175 32740 3103 30490 12816 19629 7373 1337 22397 15430 16547 2835 5659 9001 27140 8719 4100 4119 19836 18975 11443 22192 4607 26866 27497 10305 22129 18794 13520 11997 12396 12112 28638 24239 2109 21319 24061 29070 30255 23294 617 16594 1293 8618 6361 29030 32226
25780 24417 9759 8451 10414 14231 11340 28751 27276 25333 22159 28342 28945 24190 31211 30968 21127 8612 16669 7087 691 17514 18992 2704 32008 20678 16972 7406 24347 17225 29647 29567 1879 32513 31390 11107 3058 14495 4798 16994 7711 7381 13598 4214 11654 13826 30391 31369 24561 21777 24023 17023 12616 414 8634 6263 20415 13659 2139 20814 2126 26291 22153 26213 22370 9901 1597 8869 29138 22034 14123 8384 23060 13778 3479 32441 21937 22180 29546 27302 22262 11245 28549 27829 12012 17891 1877 4717 7051 30450 24232 24374 1579 26719 2495 9756 1595 25131 17828 12496
31797 19002 2750 22511 22737 7860 11682 28807 25722 28588 556 13016 6910 7167 13519 32343 28553 21887 20009 7929 3284 12369 5338 30637 26010 16788 16791 13866 10572 4419 14714 29676 28933 25437 17052 26745 14528 7235 26342 4329 30921 17505 31012 28837 29553 28432 28763 20335 2822 2235 3421 6307 13314 20545 32410 16316 22403 32667 30265 19993 14843 26559 26216 32258 14889 964 22512 1766 31816 18246 3852 32486 21894 11276 29307 30104 2999 17128 26836 11268 15691 19423 8218 3571 1405 6538 29584 20586 12494 17340 25550 22897 5554 28006 21781 21784 25993 8631 2016 7100
2512 3207 32699 19847 24985 4597 19544 18230 29496 2383 26848 21535 26176 7987 9607 16754 22958 8948 20323 14015 27235 17215 2686 30648 32216 32255 4650 29497 9485 18301 21396 17285 11202 11468 5788 979 10218 30052 10468 7945 7517 2061 16167 31687 2509 5887 205 10663 27899 22343 29116 29635 8490 18284 11888 31864 6100 18771 11854 18026 20125 4960 53 20168 4229 15582 13655 7378 22369 27041 28231 27288 24972 22761 15954 19204 20442 23434 22803 28954 24525 30026 15938 31871 5644 11659 22477 28472 27920 21290 15914 12469 23585 14246 5867 16910 19073 9605 16787 1932
17127 5619 18088 19307 31534 27053 15625 24030 1103 10525 6530 30292 13965 4038 7326 14842 11759 26339 21180 2945 27379 29515 23141 2081 27521 31384 25821 21982 20510 9096 9464 9994 24930 13732 8239 5899 2476 31775 5619 17502 5908 20480 28994 19420 22945 3460 30839 2364 29117 30909 12134 16602 25317 21888 8104 5814 16037 13950 31540 30400 31684 18353 19759 21075 19900 6138 11526 22271 4204 9736 10169 651 7185 13435 21370 14394 5491 10569 16758 15182 3676 31841 16883 13003 2638 31119 11931 6781 15221 22944 12055 17724 3035 30406 11232 21615 18139 8254 25426 18639
30424 20783 21763 4206 19247 20182 30546 13815 6761 29152 27459 5431 21686 7959 8842 14556 31383 13121 11237 17789 27610 26181 6575 5595 8907 27024 14003 27751 12201 17847 32062 24068 2135 15198 1144 23053 84 11096 22515 29594 31981 18960 28037 20479 14769 8743 11603 24214 12582 10846 16431 15807 32186 29367 6180 28964 18172 11479 26446 19778 3852 5039 30959 15397 29776 30299 8384 16242 15209 27210 13445 21419 13670 26784 17380 6319 22071 23256 631 25472 3940 23214 6176 7497 17151 10556 19357 5024 25303 8547 15196 7688 4078 10604 6288 15546 20013 26607 6276 5285
8279 16372 4143 27827 8252 22617 28170 4174 26415 12916 1566 15139 23225 5112 25697 29221 12687 18461 6466 28117 17602 31739 13443 31169 310 14903 25159 27979 3413 18914 24172 8620 30468 29854 12826 2361 32214 30723 28572 19428 19840 9793 24687 3333 15502 31238 22937 15963 25428 8610 10812 9293 7974 17769 22635 28534 21964 3416 8252 3937 3376 10748 26911 8849 11098 25744 9582 10181 29342 31334 20549 21626 3604 18312 32147 13488 16969 1182 12401 30705 5684 7186 27571 3984 2156 23155 12477 559 9368 32279 24729 6275 3366 27141 13126 18268 19776 17 14674 31455
1787 26185 7083 10006 20946 15248 3506 16812 23892 32649 9617 2289 11289 12727 3790 15396 31482 27618 19233 10482 10369 31676 30083 12858 12447 16324 15240 13331 4253 19307 238 26896 10069 5749 24950 13507 26018 15267 1266 30591 25365 2703 31136 20322 10986 28887 2230 27283 21818 32381 14654 20169 16498 2446 29988 14861 32515 13570 1166 192 19803 24292 21355 3295 9237 14771 13647 25222 14956 5383 7038 19891 3318 6519 28999 7501 15503 31675 4755 3941 22930 27406 4285 21179 28496 16086 14756 16772 25530 10119 5375 14698 32609 26309 19441 13525 12705 21193 11998 2409
25880 10501 19836 28624 30813 29707 21805 14521 12015 2219 10636 21280 11884 24155 27461 2000 23556 18141 24875 3623 11820 18715 30596 24090 18071 9046 18855 25464 26722 14463 27082 30323 7823 27877 23317 15708 9908 13841 29179 23470 29684 25070 3785 4686 24111 22830 26239 13585 20854 24808 19936 6527 4546 8070 15045 25303 26341 26846 28598 20307 17600 5535 1467 27308 17335 27119 18544 18913 32098 20306 6232 13365 8581 26062 18291 23926 22339 12365 9235 5509 16014 24642 9707 4371 9698 1167 29033 12201 18483 8103 9542 25323 10020 26863 9819 6941 21881 15723 23990 23782
17871 918 7405 25684 29066 1681 7346 31009 27664 3200 18856 22581 13877 11314 21365 22123 26101 9728 12825 8344 30313 17399 5502 15562 21492 1337 29519 12493 30910 6304 9998 29172 11619 27301 22625 533 16876 19072 7085 24022 21246 27281 230 8231 28497 16383 1190 32528 12644 1439 6012 1453 8559 26135 12166 12151 29594 4419 6210 18628 30316 16599 29857 14482 17798 28742 10077 6016 5265 19427 5517 14365 9845 6982 30583 1125 17611 10994 11173 21641 19350 31029 16443 8943 7469 10831 9863 16762 4732 2006 17626 29707 15212 3928 23190 5192 928 21571 27273 8860
3938 14594 8057 26750 25821 17257 24320 4087 13708 4179 32411 21598 23538 10889 20221 12391 24972 18662 29097 11612 8452 14265 11455 14249 22695 29035 12566 7326 16665 10850 1676 5489 31815 21540 4762 898 28830 23488 27948 16867 25723 10090 30639 12312 28130 5989 27243 23067 2674 3622 19475 24996 29592 17334 1946 3238 772 26712 5193 7453 15193 23148 25615 22023 18729 29587 3096 20912 4128 12564 23456 3379 6271 15230 21770 19774 28876 4495 15660 16405 22472 23125 13550 218 17058 8851 4371 24587 4970 2406 25686 5452 5064 8232 28601 15975 2030 405 27930 20369
28107 25644 26631 22767 15490 11224 6355 17752 14362 16080 30185 30301 11639 8636 28513 24966 10889 7961 2257 4831 1731 32222 17766 14515 20431 2912 6707 7320 28288 31859 23240 11691 6152 27090 21511 29 24427 27585 2355 26095 31539 6384 18250 1273 4966 27811 661 3633 11189 22544 12925 31274 32246 776 8096 28379 22740 32730 22564 12962 22213 30325 15947 20617 317 2764 25928 20935 13346 639 12370 12426 21887 28087 26614 26611 13692 22353 14769 17762 10894 16448 21950 24309 15851 27180 7981 21323 31809 13663 8757 13966 16039 5602 17611 20656 32724 25571 25971 4340
4494 2906 23639 23217 18022 24301 4758 3923 25507 4624 9182 31138 28540 7792 15933 32327 12170 6290 13364 13707 27516 14263 29966 21091 18445 5380 24431 31402 20019 26079 8752 29869 29337 13724 8042 19948 12624 25177 1489 24351 4546 24870 5188 20856 9959 3434 15266 2344 24507 1922 4830 6436 15343 26282 20822 9257 14558 16929 17248 20221 2756 21896 27942 10233 30250 17547 20405 10180 23973 16836 1104 12129 22464 7388 8714 10092 24887 31732 8596 9376 32614 17475 13139 13725 26368 30208 15285 15848 31492 32642 27078 564 14317 19366 7166 18912 24362 3953 1885 14784
30413 6902 21691 19488 29063 12666 10329 2566 4820 11479 18363 27064 25459 28702 20922 30334 18969 28032 15573 9641 7270 17263 4040 31956 15384 13568 2144 28010 5247 404 9357 2409 3121 24503 16825 30053 16126 8008 18008 15311 5158 14043 2496 25975 1226 16475 28219 31568 9889 10484 24923 21875 20204 6191 13966 23399 25004 21087 4082 6560 8466 6717 18795 20549 4407 21967 6642 24375 17421 31374 24368 13134 8598 1223 18251 6374 83 32322 19712 6042 8704 22562 14834 15183 26750 7180 9025 28277 22289 14475 5215 18825 13259 27827 23583 31710 23880 5893 12303 12702
10396 27539 6664 6923 23434 21861 25603 30987 5879 1818 30254 21220 17821 32466 23360 14660 25348 332 24329 14980 11950 20556 31565 27693 8082 8256 1746 11708 11213 4386 23224 2210 14483 11936 25097 20879 18027 15227 18321 28400 11676 19501 13808 26807 32482 29902 24045 9562 23654 3640 14093 30750 24301 22122 11877 25749 23376 28714 14252 15205 7212 1519 29844 29772 25562 5117 26202 26977 19106 7634 23964 22429 19755 21185 7276 18585 7990 26077 24226 18841 5772 7448 15478 5066 16949 23468 6990 2504 491 11194 8404 11875 12751 2865 23628 30883 15962 32754 6693 10506
13461 14130 5581 1048 8845 13343 32202 5653 23553 20934 32263 25610 30559 7220 17515 11793 5871 17627 13232 9934 21069 13880 14451 17470 21532 2739 29831 3503 32761 27335 13455 2832 13486 5730 25548 14699 32424 7567 29235 10416 20140 3154 24771 9908 2245 3539 26645 7033 32641 19135 27957 31408 12124 1772 14512 28284 20093 16956 9198 8057 1184 24771 12482 15869 24404 7724 16192 12446 22118 20568 21967 3060 29853 15689 12159 14240 30887 2111 1180 25740 596 31264 16771 14453 8194 10525 8116 21159 20569 17299 21801 3592 19512 559 19942 9304 11502 1366 9170 5815
17070 8644 18629 32616 12093 24691 5858 12500 6382 13758 15143 17874 2512 13254 11842 1829 20262 15381 12198 19014 27927 29825 30431 11621 31399 851 3874 21674 31206 22185 4393 3264 103 31513 12094 30356 17396 17815 18325 8282 24448 21657 28894 12242 25693 11385 13595 457 2992 29466 28335 25314 7201 3790 31672 17814 22487 11383 15263 6522 1699 28909 2798 10176 28795 22944 12641 6401 23595 4223 30271 2106 26183 14104 20202 18196 17508 27904 23477 14184 18567 5493 9975 24066 14558 8258 23134 4773 20398 23011 24197 29008 30605 1770 6344 28864 6097 20129 15191 16950
1352 14577 23433 24186 27434 17282 17011 25632 16459 21028 11194 11018 7317 32366 26277 12590 694 2724 3446 17561 29206 31710 18171 3764 21772 8039 18016 25799 8017 32612 32071 443 12469 2742 13338 3364 20496 29729 31904 4991 21116 3245 13007 21431 17089 7500 32738 1519 7441 958 5035 32635 29430 5810 2089 22575 2952 5422 9053 29917 21475 9520 27482 6937 13272 9622 16540 29247 6883 22331 29338 5560 22877 8547 670 7288 6643 30041 2261 14795 3927 5462 28578 23378 10805 17061 31032 26696 27497 5893 17256 1546 9839 3407 15799 1495 18459 32088 17844 24532
30090 3865 23945 24403 5976 26893 12495 25684 9491 7643 23463 24140 17648 7477 10246 25638 5053 11264 13648 3464 10519 10165 15913 29015 11229 6407 28808 28029 2789 22982 3084 7146 11757 20995 14996 6360 13012 4213 22282 32340 2826 16923 5759 14586 3397 19747 18301 6656 20341 4875 7064 19062 23803 7686 12103 971 7445 15777 17394 12692 32157 22182 24652 24713 13812 27200 19171 7888 13881 6241 4854 12671 5822 8545 7046 17244 7100 10984 23727 28903 8517 19469 20281 21914 891 9407 13931 32367 22272 1124 15391 26019 1453 25537 4892 23481 9095 13850 5023 451
4078 21914 1595 14557 14104 3829 4323 11002 1982 4171 31302 20707 28949 16208 14171 6524 32000 15018 30524 5705 23172 2714 8503 20786 27772 17631 31010 12163 12430 10199 24048 1591 4701 28904 22146 17270 32512 29214 24767 20828 19636 11029 14055 5628 19149 26906 32548 13477 3571 12941 6499 29796 19594 393 32609 28617 24434 4552 27401 29166 15089 17856 14077 9398 29677 26386 11635 29779 9567 17957 14658 19467 18948 32014 11580 4155 24150 22964 5567 31132 24250 13105 18567 13765 30203 11899 9926 28913 28663 13891 17783 11523 17560 10781 28655 2503 20230 2274 14517 25211
1307 6738 3219 25742 17176 23550 31725 935 32662 13670 11858 28393 31679 14174 13393 27510 17341 27318 11150 14385 4979 29209 26901 24265 29547 822 7661 5619 8720 31518 10737 6390 7454 4589 4315 6253 24406 29101 17826 10312 9846 13431 16390 20245 21864 3547 4200 6782 18106 9091 26080 23826 9038 22802 14986 31048 4435 4946 6688 24000 20339 13967 14030 5837 4174 25662 16449 6449 10792 15331 12546 10791 28382 9009 1538 2215 16415 22898 5238 15333 13272 23081 29156 11035 23792 21238 8830 25224 3126 12475 432 10680 7576 2045 6389 20231 9621 23693 22766 19553
4853 3175 26805 10571 6327 25050 32623 15911 29771 4329 31776 15539 25601 9202 12228 8660 25026 7053 3483 29842 30206 17847 13764 30307 14053 4144 3597 10412 18394 23073 23818 19333 27940 2306 7012 14781 2023 25787 28532 17949 3667 32521 1808 32241 21532 10788 17317 29893 14122 17055 27782 32109 1169 20623 23428 29768 10691 17391 22463 32453 1541 20547 4796 25637 28703 11132 31671 25475 17496 13340 23866 11026 3745 17050 30958 21671 9489 10760 5554 2935 18065 11251 13290 16161 4569 25483 23577 2031 26779 27651 15283 8280 4861 17979 1068 6090 14157 16797 16469 8871
31216 27717 5096 11150 22940 20068 6497 2523 7112 29926 21008 369 23904 3922 23661 28599 7100 9458 25771 18912 18899 9525 912 20592 17836 22353 32643 7163 16918 27948 9191 26416 30873 15741 8871 14871 14252 26926 13330 23191 8488 28678 26858 9787 11517 30852 25271 14646 17444 20238 26209 1700 2005 24651 31998 17938 6393 13005 5865 23105 29666 9203 25876 5415 13370 27661 23711 32055 21817 11714 6313 30690 16923 5295 3686 32094 19154 18257 18289 14758 20728 12325 5732 16066 16647 25101 31143 11336 11212 7158 8325 28707 5145 12216 18053 1171 17595 20541 22775 20341
17067 2790 6861 1733 12169 28714 15020 15969 12357 12161 3907 783 11296 10880 28124 9922 30675 17221 20272 8729 16653 27157 13952 12073 20003 11844 3809 380 26115 22101 29400 16217 29803 17251 4646 8262 15960 9152 10725 21708 15040 14555 17108 7034 25475 13415 10736 10029 4768 28857 22340 14990 16292 2162 14081 7387 12649 4447 2257 19435 30716 32413 18793 3948 17119 28161 23133 20848 26481 25782 23609 24616 11178 16168 28365 31982 10507 22561 19400 23689 23509 11058 28553 31917 12922 30293 17457 29378 12625 7888 765 6118 32397 23901 16339 13877 27248 30087 21274 6984
18364 31831 5583 13307 10347 29232 9173 5492 21151 13304 6285 5985 476 1912 31143 25472 18549 18182 17464 7781 9540 28769 20492 3448 8606 6876 32061 24125 2950 6335 24580 29400 8225 18410 24272 22480 14955 21947 30357 18195 23079 31282 6503 23610 5916 28243 23367 24079 21630 8652 24893 16716 18603 29656 18087 18598 11544 29539 27856 26122 10890 27247 26820 16679 21897 14518 867 1836 20241 16785 32693 26579 23948 28952 7037 25502 4605 7307 32273 20320 19838 16881 2408 12544 15084 27390 16757 22906 4321 14138 15795 24614 12258 20832 22786 25405 28890 21508 5041 12697
14279 24953 23516 16828 7860 29426 12280 6676 19687 8935 20396 3710 20059 30395 28386 30472 32625 27547 7967 17403 24802 19113 25359 4889 26616 2138 8293 10787 7934 13084 25570 31390 10741 13629 11186 4823 904 28168 11263 8229 1602 26161 16833 26222 5631 9075 2003 20716 32160 24439 16972 49 21763 9720 5132 31081 819 7717 12949 23264 12507 838 3101 14788 16129 4259 5089 3371 5616 25761 10427 19031 24694 7983 18935 5689 1872 16224 3683 12341 227 1113 4517 31269 18733 21870 19409 16800 5626 30088 1851 11900 7003 1482 26762 31377 29780 7028 15630 22208
981 27911 852 8501 25067 23210 25079 20712 10552 21964 184 14954 14497 27659 30673 4574 15686 31060 18823 20037 6327 17740 6655 20992 30565 4079 6482 31887 11094 20855 21475 2463 7965 12672 23793 24900 29962 31081 1896 15747 9886 1533 8445 18707 14401 31827 25465 7012 21815 17906 4181 13793 26577 6201 27272 26227 480 2815 669 13126 10607 630 2312 13263 23986 28757 6842 31502 26681 12342 15347 30480 20073 828 30040 27065 30509 28410 18245 24256 22761 912 26468 17147 17328 19735 31871 221 7094 29760 19602 17981 6152 21047 4389 22360 22906 31694 26072 4890
28129 2007 1344 3225 4995 5329 18417 24035 20684 20936 6620 6137 13379 3702 23004 29723 20668 5806 22411 10822 18894 23803 25434 4348 1159 14468 9441 27203 20575 14898 11123 496 7275 23829 27894 293 3283 5636 9969 6937 1158 1668 21991 30487 30508 22252 14052 31690 5981 31686 1877 24503 13584 27255 30492 8971 24662 291 228 22167 9288 9675 7346 21529 28221 24760 189 19389 30017 30237 25728 19171 13763 17144 31245 8227 21902 24889 4516 16526 1019 22310 7044 4663 10852 22014 31745 16371 219 19420 26071 31324 23324 19679 11966 18972 16833 6024 21055 22376
11189 14435 5829 19146 27627 4330 2295 11044 10064 17830 16709 23794 26366 22423 10177 9935 6834 27862 10801 24379 8064 3193 6242 10139 7877 20919 6847 22657 22878 23117 30497 814 13079 29727 6121 11349 4710 20003 2381 9250 26714 12411 24815 8059 29902 32737 17332 30342 6882 4168 32211 11371 22956 2752 24876 9307 15658 27291 24028 10193 23419 21966 2318 8727 12879 21658 1555 13581 30877 11371 1462 2854 14484 25088 20425 2739 17875 9932 2820 20068 25564 13724 14096 1803 12486 25211 3294 10916 10291 25042 14653 5267 21122 2772 9644 31532 29766 6425 17260 24184
20982 12681 3290 21558 23526 11900 12540 21793 22133 30496 7514 28529 21128 26138 23055 676 2616 880 27679 26750 30152 5542 12811 12111 11482 20007 28323 18804 26594 5351 30236 22048 13786 14151 12642 26461 14904 32313 27567 26957 1821 28580 7773 3766 26575 16138 12025 26301 12137 12648 21400 32754 24529 30813 4462 15501 15595 18575 2460 15351 8204 12107 2122 32141 8114 27499 2550 8352 24434 19837 11019 26048 7217 25377 13750 21818 18583 29107 16885 11999 19905 1066 7153 1799 17462 4160 25741 13526 14621 30420 8255 30142 21421 25484 10271 27205 28388 20414 12605 20489
31612 11409 24120 7425 15899 30815 3852 24581 15818 17246 25388 2705 30376 26496 8657 1990 9439 30615 31889 17585 15320 10685 24627 3536 23979 16627 18370 26066 26330 14856 17888 14751 25150 16317 14429 5528 31041 10790 23048 16416 13390 3411 9925 23899 8070 6960 17888 53 10165 23722 28321 19623 17284 1555 31521 3894 15600 27336 7515 28092 12026 21521 27270 5482 2976 16200 12451 2574 15885 18238 19026 31378 15629 15578 25833 16069 8643 13059 27847 25183 5790 448 5094 24895 12937 1182 9904 30966 5218 6227 8980 13193 21166 7072 17880 3955 5003 30588 561 26858
24805 29294 6033 2147 3309 21307 14784 31320 15047 5825 32558 5193 24451 15651 2440 19201 20303 29222 7305 15898 10987 5339 5907 7363 16733 25215 638 18369 14821 18591 11312 21684 6707 8831 32109 22172 31960 26045 1393 3995 3067 562 27068 28669 5197 31001 12462 1653 17471 28531 6739 17833 27506 16298 31616 17137 20078 20084 20255 21084 25240 9978 29127 9205 1630 8762 15248 17988 2485 7593 27685 12823 6853 1309 7450 17282 27362 13291 11904 17444 8127 29004 25015 27308 25822 3078 5764 29596 12619 22856 24163 14157 5514 6869 23071 24883 9678 4196 5535 11363
21612 14407 22019 18770 20622 844 3568 20704 15660 32737 27687 26773 21560 16507 14429 31786 18969 312 29255 12363 1371 20675 26356 29339 32421 16504 12383 19193 23787 24520 21317 20994 8676 1759 28468 28886 31423 13445 13541 19999 2322 834 5835 3152 14355 31174 26604 15659 29194 14983 23792 11910 18950 22188 9079 29774 28111 18474 944 21452 29725 22317 16424 29735 23303 28345 10207 30763 19134 9361 3745 25928 28795 30808 8083 31710 1462 3574 15885 25784 22425 26429 26791 22486 25268 24781 21143 8303 22258 30260 10042 8758 6092 4442 11248 17373 3260 26909 13357 25303
22005 13112 7117 13411 14673 11625 15272 14278 23435 16851 3175 7639 6574 19105 27542 18881 5837 14572 14074 20229 20981 8926 12836 4286 22624 32024 27206 26153 26603 850 3142 26724 5578 5185 24849 19830 19835 1214 25650 29840 15352 11812 10403 1939 31537 15354 32738 21969 4537 31954 5960 19480 6848 14960 32663 11757 10817 23855 21202 29717 16764 24225 27729 29786 26535 20342 26388 13963 15073 29855 22104 6853 3431 16307 27752 13553 25354 9873 950 398 25313 7751 15914 22449 4411 15666 11962 15433 26071 18535 16699 31400 4696 12370 21622 9791 3315 16541 14975 27049