100 100
5996 27694 30170 8306 27522 1204 31018 3611 8448 14615 27825 21430 30937 7111 22829 22236 730 31666 5860 32650 29847 12136 31801 31849 27813 7037 23165 7250 30217 30767 15623 24849 24561 6729 7815 12137 15778 17224 2199 16473 8882 15547 20883 14238 28535 17136 27819 889 16831 716 54 27058 24001 12027 13897 26077 9044 28746 31625 15580 25439 13648 8253 27045 10641 9556 4008 18246 20050 14955 4501 7206 25849 18145 18995 27277 23103 27098 27683 10854 22259 14137 20688 20548 15088 5825 27391 17828 17485 7802 18343 13938 14035 27735 4354 22478 6068 17173 18404 3087
20857 28262 10060 2056 21565 12879 26168 23947 1561 18895 19390 3884 6111 14529 18777 4423 4619 29955 3969 23621 11766 10968 20606 29722 20301 8331 9597 2322 12738 32086 18916 5582 7937 30593 8419 7817 16614 11726 14667 30113 25581 12309 17316 10578 15850 31532 11898 32452 3322 27657 23799 7752 8889 28203 11191 21726 12213 26934 14295 3836 25379 12765 7247 28810 13009 516 6530 11825 24412 15398 23316 3029 2211 32245 20476 9312 26235 17985 18650 24258 31141 12827 20618 13366 18685 5434 29433 11206 32499 29086 26167 12049 31551 4722 18894 7244 11473 20023 28755 14727
18439 13343 26426 27953 11555 10423 12526 24543 4860 13769 25890 27465 18932 4481 11105 31381 11049 8398 17389 16345 2032 30987 4806 25307 11647 9439 24841 3355 20713 12386 18555 30483 30544 16513 32102 23229 11861 14755 27300 28502 10452 14733 21497 21090 5071 26754 29350 496 14247 26031 16442 19487 14738 21191 25516 22497 4425 17131 29863 11007 1793 4300 2341 20829 19869 24595 16703 2432 3362 19969 17731 6733 29035 5458 27144 13843 4382 10600 28542 3788 16606 3237 3465 32672 9922 26137 17168 28587 8710 6749 6993 20992 23297 27582 23927 26350 3927 26014 23150 8834
28272 5912 19702 23628 6697 24803 32758 11366 8137 23161 12051 6579 32054 4728 21890 32101 1641 11848 24346 16322 16159 11518 28590 21031 31953 20864 13465 2637 25831 30698 29850 17099 6953 23089 20963 25820 13430 2055 29292 16227 16824 5630 653 20268 1815 18415 17868 23669 13165 15005 10740 4525 11258 20630 4199 28539 16474 26202 16820 16898 23219 4543 16236 31588 51 28820 26674 6020 13754 19077 8722 27921 7379 2622 32532 4032 23785 20948 4112 10200 11448 11872 22979 25332 4097 12013 8227 25092 7554 25236 31728 18582 24869 485 28300 20820 11896 18313 26636 3021
30557 15398 29583 10104 31491 31107 32206 28661 24852 10477 27125 24215 5424 16601 26802 25888 30363 17866 17803 21963 12338 4725 7796 3216 19620 27427 14753 15779 23262 24664 28057 3390 14023 17586 20364 21664 18990 14867 7142 14422 23040 6659 3364 29625 13247 15695 5350 32184 20271 26358 11078 27351 14419 22086 10345 12408 21911 17475 23635 11609 24143 20552 22784 7007 5472 8177 8880 20114 7229 13879 14978 25960 29206 17885 14148 20038 29516 780 24714 17988 27943 14394 32765 13617 6603 8784 23798 2775 6248 22539 5708 383 13746 16546 20074 27064 6289 23978 23972 25429
10009 27703 32459 10165 14268 8517 10750 18759 25278 1366 4548 3148 2026 13148 30296 15583 23684 32472 17220 9779 5502 17732 11057 3869 494 28335 13822 24530 10688 24999 29967 21745 17576 28251 20968 25540 7515 29953 11002 13251 13567 19318 12988 20825 15072 9764 17662 32235 11364 2089 9851 16663 12609 32438 25261 7993 2029 11188 15333 6452 5719 25518 24986 22895 29396 25323 24833 12829 31068 24026 991 20674 16630 28852 4508 19186 1393 12892 9880 26716 22869 28298 5570 19976 13337 19240 2150 28381 12438 23804 20550 25958 4028 28552 8173 6870 21380 1070 7488 24393
1573 19608 598 22348 395 9303 16521 25248 19205 19914 22989 24635 22334 30274 25665 29584 19054 17763 27652 12048 2257 31694 10058 18417 11097 25853 12463 14126 11424 8301 15307 27599 25120 1539 30726 29290 5542 10665 5549 13802 21252 16952 8518 15759 15878 30618 10529 3126 1192 23600 24880 1243 16774 5489 14616 30812 25236 30676 6280 16511 26639 6640 13770 3127 4020 8930 15000 16675 16431 22512 11056 5720 18646 11628 17323 19552 18839 24282 16266 9858 22319 21077 16274 2372 12189 19246 16858 25135 4823 12247 24610 15570 5051 26367 18534 10506 30024 4095 9139 22144
26638 6773 24378 2418 15331 302 2979 19639 23000 11338 18083 1277 6764 16026 25297 18774 19455 21069 16821 9459 32137 26828 5154 9774 24971 4578 29894 24270 23878 3616 4352 14727 6188 28800 21489 18625 8084 840 18390 29339 29361 29745 8597 7726 2757 3017 10901 17942 13202 29718 31955 5167 18449 21116 17715 27292 10087 14560 20 32270 30229 12814 25638 25922 32623 27992 28544 16844 19279 19840 19181 26132 15370 24281 30599 7326 18595 30888 31368 29838 10047 3536 31580 14187 31705 28847 2043 27683 24375 3651 29557 2895 21021 25745 718 18617 28864 14407 23565 5659
31357 19872 27536 17194 459 10376 13218 24275 22639 6145 14928 15813 3055 4293 2424 18991 1608 6956 29986 203 9955 22609 7187 16155 26566 25200 22176 18163 25352 3219 1985 6967 19591 17774 1126 6630 13277 8583 1294 30551 8847 20634 21909 32451 27272 571 14157 15364 14534 32189 10577 29340 16468 29011 2838 1529 4472 15477 19779 14072 28973 14725 9411 23207 17619 19123 29720 28239 26150 11806 24306 11442 29549 23867 15360 2193 28659 31611 22790 12401 18619 6184 17712 32671 4464 18320 5542 114 3483 22374 22624 25552 23065 8805 10556 4595 19147 18230 7501 14445
20623 18068 30838 31082 31599 19630 24888 8246 27929 10701 1737 32511 20367 15926 28006 23003 9248 23890 21737 781 32407 27660 28062 3204 178 15995 20307 12964 10710 30913 26286 25673 20224 30515 19652 3081 20223 442 15590 32442 22241 20088 7358 13108 19115 6063 19100 10072 9805 18655 9738 5714 27348 1839 1702 25626 27618 6414 5425 25153 4443 28954 15075 20970 24930 24641 6913 18199 26244 13094 19122 20774 17970 16070 15119 3227 7029 8283 2425 543 27101 13441 10799 30409 15547 2455 8479 4509 18063 20840 15613 31314 5316 5642 2195 21849 11163 13831 26200 16666
7782 27579 2627 14465 30710 25597 17889 32441 1878 10242 23206 30775 25786 24189 18049 5371 17074 10251 16050 12306 24483 6863 19680 2144 11128 8537 16998 13980 30101 16589 30191 17564 14092 2625 32578 18899 19732 15206 25951 12568 14263 21099 29386 2984 12490 6430 9255 5487 12066 27477 25863 20099 10757 15500 3842 19954 12511 8399 24326 12733 11062 23771 21742 20516 21728 16768 12630 3620 19060 22089 1454 32575 14846 5983 2702 12923 3063 19115 12361 20653 6260 12347 7621 28663 15517 4583 4490 16528 25697 30260 22808 30403 23656 31352 21118 5691 73 6207 11304 637
6398 23022 22265 30902 32661 17062 24218 22199 22567 28011 7185 21310 30990 10118 30357 2935 21075 2599 9888 2498 26982 22351 12103 10679 15634 7661 455 32103 9647 26952 32608 6117 1434 32668 19814 24838 24034 29704 12181 22116 6980 4007 23717 23977 12122 22014 286 3082 18959 10390 25710 1809 18262 19945 25656 25248 9500 24451 14832 8243 5498 25441 16037 13157 304 5277 8477 12214 3663 8013 16935 907 32565 21416 11053 25718 32190 5226 21257 20664 9913 1146 9497 18948 27033 14282 32406 11654 4205 27519 5665 19748 1043 2387 415 11780 8360 31287 20039 4174
11842 3132 24313 9267 20962 28595 1234 4142 2724 3987 1533 11401 3897 18716 1740 6180 8087 18106 2311 2674 7919 556 30084 1732 2528 12773 25591 21706 7402 9651 5388 25174 16165 22174 21171 29284 1331 11795 10939 15704 24691 18498 14243 26246 20087 13764 27565 27383 7353 129 4659 28010 5257 30673 31550 922 9034 2017 1365 26815 21214 8281 31123 14679 9823 28219 28157 7206 12048 27918 8722 31868 28051 4925 2467 14774 21340 7610 31204 28679 30821 16102 11460 15993 22819 13493 3706 11822 12474 2573 2400 7916 17261 1904 17413 23769 11608 5851 1405 17282
2401 7918 13308 4642 1132 6476 8612 21794 12494 26693 7066 2268 11780 12211 28511 22948 30886 13601 23134 9481 30358 2867 6081 8280 4989 3138 137 18530 376 26694 29150 32383 29198 18937 28067 30419 23398 22329 10574 23504 7606 4270 32503 19196 7423 21678 29870 3829 8952 2397 19986 15026 7495 12825 23584 2571 3063 29717 32584 11132 13351 20035 4038 22310 27391 2168 8239 22294 3305 7627 20042 25802 29949 9790 5666 32753 2236 928 23385 8819 11266 21937 7359 30129 12598 31112 1571 27918 6596 6194 21610 27054 15053 2204 16350 19326 6685 2226 24776 4980
5981 4553 16960 31512 13705 19514 5956 9539 6309 26192 17928 19494 2988 21093 15757 4239 8906 12359 18805 20072 19914 26081 22550 6784 28370 11031 26317 19855 18766 3313 2196 16500 23850 11260 15063 7616 580 14829 31876 27768 22561 31368 23394 14359 24031 19392 27555 31187 18026 31008 23996 10017 23795 24169 9844 2427 3486 7549 27963 17249 26235 27515 13502 9886 9400 14636 29112 16332 8725 15006 1035 15130 13975 4622 17935 1613 25217 8715 9770 21509 21632 19161 32417 25666 8230 5908 8109 13862 14489 7061 16338 1789 909 3738 18028 17018 6255 23072 9355 18499
32739 11668 12288 10929 1905 21163 13496 19152 32123 18831 12361 30126 26995 28731 27595 26322 5195 14632 26601 21514 29996 13609 20279 26218 22122 29843 25287 17553 18104 930 5367 4654 10904 1560 18060 2243 534 13863 23045 3497 14006 19089 4393 26965 1451 2062 26851 985 23113 494 26447 19117 11453 19967 4117 9136 14588 12209 29430 4458 8697 32376 2212 27796 21787 19314 20951 22234 16878 2634 27805 19167 14873 16732 5105 28034 3472 1306 15760 1120 14090 17070 18952 13721 11446 7649 31506 29912 10537 26171 9249 16781 155 26475 18747 6781 22100 6378 8200 19069
18017 28892 10025 29306 22411 24119 18378 29885 18826 11814 13691 9581 4981 24752 59 25686 9853 12437 3286 1000 18651 21112 26482 8579 7431 12099 9316 21234 10539 7624 17224 19765 29399 24484 18512 26755 758 25961 32732 9615 26113 7676 8267 6155 31858 21819 15889 23146 12156 26083 17930 28395 24057 17073 29199 12755 5540 6856 27590 16633 27784 7507 4542 31880 3768 8299 4795 1281 21569 12091 21326 23167 29533 17250 20905 319 8937 11672 31666 20319 16665 29077 11094 18406 21099 6447 15648 9989 27865 17090 29962 925 25427 28372 9619 10752 17772 20729 19729 5116
1876 10229 7497 8726 26118 24865 8509 31251 23490 2832 30021 11965 14526 23409 17761 5347 13337 19511 1486 27042 2320 5112 6615 11747 29812 32147 23790 23333 9819 25366 16891 21885 31767 20447 31988 16090 5732 3585 27310 3982 8165 8937 10995 6154 22482 32577 8404 20457 13547 26132 19776 5681 13488 20275 14294 18133 10963 18648 23032 18814 9454 7306 16417 32138 13938 15168 21880 10069 16607 13513 3493 17080 3131 15979 24803 24272 17341 3275 20054 26369 10953 1292 22688 32058 7713 2363 12463 18810 13657 25579 728 25235 6283 5916 6698 13358 24141 4706 19964 1551
1504 5187 28105 2202 25002 15072 7998 2710 1510 2008 25232 15410 3995 23401 12563 9029 22474 10968 27145 9434 26348 30227 439 18412 15516 16534 9919 5486 16272 4491 20905 14735 27085 16181 29379 19003 1307 2446 12843 22245 2999 18479 30250 9604 329 12145 9155 16603 22549 28882 19852 15358 13941 15002 17597 20242 12423 23230 16519 12628 18979 2308 4007 21597 21776 7272 2106 25764 32631 12222 10707 13124 9879 31130 9675 27903 16827 23405 16856 17027 31081 27632 18657 26093 16093 198 32273 396 30646 31581 17963 3047 4590 23829 31517 7425 5135 26276 7639 10459
32164 18105 23133 17211 3054 7135 4635 20652 14041 19876 24698 18630 31278 251 19888 28079 16138 11232 9180 7394 31119 3130 6738 7471 20185 1541 19251 3587 22324 11440 10050 23530 20620 31684 23538 24146 21797 711 24516 658 27276 2144 6351 10283 31949 26812 20896 4685 6630 13103 28741 4765 380 19231 9125 20789 23757 4126 31507 21996 13030 20822 7202 14040 27925 4138 2746 4114 32674 22042 14187 10425 2746 8679 18434 26938 1964 12280 20058 1742 22104 8701 24949 2116 16099 18898 19659 2048 15280 7078 18914 22340 8076 2908 30751 26286 27689 22833 1756 6146
27854 4512 17851 23850 26956 17539 3897 18555 1332 14202 16774 29242 8007 6032 14740 22367 17710 28188 1133 5528 3948 23782 15051 10385 31120 25995 15074 3187 2735 16419 13441 27051 25105 1312 15193 11756 31787 11897 21404 13943 17357 13321 11467 28570 17309 18226 32457 3446 3012 29125 15667 16902 8167 7206 5364 5213 345 16043 26643 15663 10639 16966 15312 11411 2260 21604 19696 7431 23869 12820 15957 22453 30176 11884 5585 3573 13889 30760 31548 27666 28173 25237 28100 18769 22795 13742 25477 6447 23375 18820 1882 491 19889 28899 2290 15428 28285 30514 13094 8324
19052 13723 15497 1213 12755 876 1601 20563 3611 1469 15638 26810 11121 8788 4297 23425 19134 6597 30119 27024 4058 3293 9309 22446 8189 28993 19470 10310 1142 14675 10915 8810 9631 13141 32611 18968 29200 25553 3011 11708 1555 24376 5759 11511 26456 26313 9449 7327 10474 19636 24193 27655 2914 25472 20167 12160 27995 31914 31053 13343 8229 14991 29712 193 29886 14731 31752 26701 5373 21603 14334 4409 32017 2016 7582 5712 10538 14781 11469 9394 19318 26308 30013 15132 7759 31795 6718 28265 9907 24676 18647 22361 31476 28333 21525 3474 25008 27270 27555 21476
23812 11753 8347 22993 30205 5887 11420 13901 23631 30968 12061 32706 11850 5178 21760 9559 32009 22975 7786 28018 24813 32184 14035 15739 12874 7543 4953 3812 14943 31883 19290 13670 28812 7469 24385 23181 6079 14299 24992 21110 20528 22082 13952 11736 29006 5473 23797 11585 16376 21228 30453 31138 21745 18926 873 17934 18318 25267 32389 16063 28850 14821 23637 26970 23036 8949 4505 23155 11583 10684 7891 25684 14387 22371 20894 8954 22634 16000 12353 2401 25477 4737 17284 21506 24487 20046 12995 1177 8234 11818 26176 19243 6801 218 9149 72 1982 5130 22859 5262
9574 16364 2653 6510 11201 22050 4896 18227 19334 30686 13839 9279 18454 5960 10178 12696 503 10272 3334 16548 1413 17316 7987 22065 29156 17332 27322 16056 19513 6452 23550 14307 4890 25010 3685 21324 9795 72 4526 30344 22154 15812 6533 7268 12821 13319 19284 15214 24778 2219 7773 30136 9479 15081 518 30168 21651 2233 15987 7475 24021 12090 17242 26492 11588 2645 22803 10103 1823 22429 26607 259 10590 8314 18891 17495 18920 3975 23013 3724 17670 13624 14062 21340 4120 32704 27488 13353 17543 27186 28689 18496 22266 9958 15625 14944 20173 18718 23696 24438
4543 12777 13452 10923 6122 17480 31242 8864 7161 9360 795 15352 7061 1807 27361 15640 15392 20978 15337 3882 26534 5734 5307 8296 13840 9470 31408 15255 30363 16725 20228 30929 28041 14580 6700 11144 6679 24950 8554 29128 6318 16874 31390 18620 30045 27512 4703 19060 647 17736 22602 30949 2009 20383 1434 14898 23935 8779 12794 27178 18328 10818 10903 9489 9703 27270 16248 12195 19403 17483 31506 8278 5233 2652 30743 11744 1864 25531 18832 18169 8373 16775 10539 22370 4873 27683 24534 24102 5040 27541 7308 14624 2218 20268 11631 18877 10816 6246 20248 22275
27887 19728 1579 20690 18345 29871 14126 22634 10813 1311 28827 12846 14355 634 6963 1192 6940 22076 1174 2252 777 8612 30737 3969 9403 3933 22967 93 19963 26717 30643 13744 24940 28686 1500 22981 20157 19371 30602 10596 23331 30957 11176 16283 19975 6120 7947 20159 22012 3119 6402 27309 14835 14655 1583 18517 10930 24091 30101 5754 18562 21555 27633 21427 12584 13706 334 17846 10775 11800 31956 30165 15076 31854 25313 22217 19450 26008 10587 30639 7567 8263 1604 26704 10967 31536 3214 12965 19831 17071 2865 3483 13628 10672 25212 11539 2061 14799 17320 21293
15902 3774 3763 1734 3687 24807 17004 4927 32597 9043 13002 13696 28607 14539 31105 6717 11291 1085 21719 4472 25586 22625 26804 6984 5009 2715 5625 12760 13826 11556 23571 29874 21306 13413 30928 6462 16020 2979 14961 17541 6526 23777 14336 12859 28274 4098 25572 19709 30761 17711 11442 7127 26891 20088 8262 10505 18153 27838 17683 17931 12014 21456 7607 20686 5587 14804 2770 24133 22611 30185 32537 28196 12255 29194 14758 3048 24466 29749 31378 279 11623 717 26054 31945 31658 26686 2062 21607 5804 6623 12912 16819 2747 1564 8123 16904 5713 3540 6242 31459
3212 11520 2187 18339 15326 5782 15460 21645 11526 18349 14006 27411 20031 21985 21948 21334 24247 31993 14901 28393 11842 12231 9400 28888 1360 12368 15688 22249 18717 29485 31016 2081 12327 21041 4848 15498 6885 21068 18657 4660 25782 175 21878 29562 16664 11057 22075 12934 31002 30706 5346 32280 7444 8254 26260 4994 32405 21172 5509 20984 1693 167 2251 4870 15372 6852 7792 27746 3675 245 27590 16100 14474 10630 22522 14035 20569 17287 17644 8546 21947 22641 14910 15226 22152 12556 18092 23994 31346 399 2971 10685 2874 8457 9972 7323 19748 20481 28466 10930
15272 21081 13754 18598 32362 24697 875 1446 10860 13225 887 6897 9090 12733 4209 5273 12807 31736 6055 30599 8399 25899 18097 2240 30556 4893 14154 6631 9301 20271 3423 32514 11315 19008 15206 4481 12350 22479 24817 25724 25016 25695 30595 3644 13656 11040 16802 11005 27386 28363 12333 31986 15764 14798 12784 19850 20332 27049 8566 29682 9864 2456 17694 9435 19814 16498 5489 28541 27630 21969 15795 3035 27813 4723 2744 24137 547 32736 15354 21548 8391 19277 27368 32258 16553 20417 31872 2722 31696 2934 20767 1988 23718 1154 9880 3011 28840 24758 24708 11426
29538 13511 10970 26702 9627 20139 10944 25122 9421 32582 12704 6576 22232 10054 9853 32447 15862 2892 6536 1680 18674 13132 13806 9830 29589 22838 1525 22340 19298 10966 15687 1785 11395 25337 32141 6746 19202 32209 18752 25807 23612 3226 6332 14609 29843 27774 17815 30513 28004 25782 16432 15325 26425 28659 17291 5343 15423 13564 31580 24294 30458 29336 20577 12425 8503 25262 20213 30345 32578 22699 23523 9558 2906 7972 11128 9173 17762 22717 11996 21345 10969 26697 27554 22800 27404 9266 29085 3127 11146 22811 25333 11824 28889 24517 17019 20314 32615 18991 31802 1378
18627 27650 23630 22209 14605 16939 26618 32646 30892 32202 19700 29526 30270 13899 23299 16561 19669 1746 15308 14710 23136 6877 23785 1194 6759 28197 16444 32117 6396 17349 9859 877 4590 6301 18476 8216 4159 5369 4202 9643 8664 16750 3720 11032 29564 773 4478 2376 26875 8860 8642 15781 1448 25480 19808 21980 14604 28031 31309 18657 25564 3510 13048 24883 10537 4934 8483 7265 24535 19156 10993 9165 14416 23921 26176 17072 27257 5823 22072 32094 32742 22101 10020 11724 3658 12389 23681 18767 30257 412 9557 13222 31217 31306 19139 17211 16605 25795 27867 23206
6845 11013 439 15219 6011 24475 19139 30245 18207 19905 13404 7034 13821 21704 21405 4849 31021 4796 30325 14986 24380 8773 31229 13261 6433 28619 23305 525 28531 27101 13566 24046 22489 4308 8931 25125 32449 10675 14010 30079 6485 6226 31504 5669 5034 9404 13011 27166 28475 12245 19300 14613 26007 6976 13549 13149 9046 26751 5365 10802 12113 21340 1841 7490 21011 27528 24733 16748 4490 29059 10444 25799 5378 31419 15740 21478 1365 8440 21614 9306 15707 16631 20341 2169 24232 3157 5836 4190 7799 29360 28076 31793 24289 9736 29982 937 26707 15979 20751 14030
22334 16593 9122 23556 4624 3397 21194 28485 23396 30789 19479 9902 21621 4972 15056 8253 985 26958 25667 7385 13420 12452 7769 27794 16522 15017 5229 28715 7553 8387 20062 21461 15173 30054 11747 26430 3174 31797 22047 14026 19008 11627 12662 18976 18802 2170 2462 11241 29329 31218 26105 7892 13085 22691 9250 9182 31411 15878 32454 13776 6277 15833 30389 24073 3336 16650 21048 1661 9196 2006 9894 11518 27217 5938 8242 23483 21816 5482 31751 2822 11319 23048 26775 20570 3186 13559 16431 32412 6086 12520 20943 7073 9287 21749 11322 20209 32749 10628 8009 11722
7306 1135 26500 2152 14335 24674 14323 7300 21680 17284 5682 20763 5685 31065 15556 24432 22099 9191 30633 3412 1578 26647 12083 23717 12207 14687 5397 21525 11101 2206 10173 17708 24104 23111 32740 13201 5043 1986 7267 16773 18626 12303 8264 17840 31218 7085 14121 28192 19112 6074 5048 5263 6215 3163 15512 10212 19878 21086 7023 20221 2753 3102 573 10412 29870 1447 6892 19711 16851 24603 29992 29637 22103 3157 9840 25677 1238 22731 12397 4721 18265 5817 8579 3283 1157 6780 9127 8295 13586 6971 28016 21810 32127 13773 18800 10321 4100 5847 10180 10044
27337 4149 28138 20556 18005 7580 30931 23675 18505 7293 1337 22124 20046 15148 29235 8875 25932 25409 4615 23861 16605 9023 32063 12347 18177 23411 7167 2083 1043 12831 22933 18640 6907 4824 13906 26659 1446 15661 11160 4545 14771 9865 5685 14359 1391 13147 6895 13980 14596 2931 14688 26966 28653 3503 261 23968 3757 9944 7313 42 18625 4039 10119 27713 17107 14028 519 16465 9520 22608 5864 7080 12924 2744 18440 10620 13989 16781 29920 23856 25109 3034 20316 17363 25900 4566 29417 3818 24557 5571 29135 15471 31223 31766 19649 25 14007 7896 2226 20958
23005 28748 22251 17847 28684 12498 859 4259 20438 15371 7470 24302 9959 12606 3489 24499 26496 31483 4372 10656 10792 31230 18016 23801 22430 22357 18540 9951 12049 16838 1531 2515 31891 6763 19400 3958 5068 21663 13525 18322 25323 3358 29952 14430 12770 7271 12759 9214 25043 10341 23981 18250 16581 31055 18670 30160 17820 5581 23983 14108 18504 27228 14729 18743 2620 32755 6568 11373 8994 1511 19743 7251 9677 13068 8574 6665 4463 16925 32167 27581 25356 3421 7901 13680 23342 3455 11294 3837 19419 16323 5043 15191 708 14179 26373 25874 9151 24109 10418 1061
1911 10353 16608 20718 29282 16413 3026 26742 14324 27431 14009 1527 7699 12587 24268 30107 5322 1110 9882 9351 5697 29058 13727 29208 17133 7074 22038 9836 3588 1633 9487 12837 3636 29702 2241 7017 18068 23195 24865 15405 31707 13390 9908 13748 27088 12055 27553 15698 27905 32667 29450 9846 29880 23377 21148 19944 20779 24035 21093 19022 12787 24023 32486 1525 26815 29806 8554 9678 17482 15564 4758 25015 6026 3674 6976 12796 16683 13929 22405 30238 18235 29976 20501 30931 23335 16759 15826 30029 23014 6380 11162 447 7284 24022 27232 798 11394 2417 2946 3621
12652 13562 21846 22939 10603 15891 26118 9688 17164 2664 30879 15750 27360 11923 100 29605 24949 31805 3688 17105 28038 15238 13660 29128 32367 5031 24485 24871 21219 26326 19378 26228 30689 9579 8844 22625 13284 23616 23726 12367 12891 605 26904 25874 856 18901 19103 25332 17292 30699 8071 17660 115 2169 18259 13168 11468 8339 6876 2968 14668 5223 27297 13509 9619 1127 14174 18066 7519 21931 22752 25706 30208 2448 1815 29258 8204 14502 31085 1736 24915 13513 4182 15957 27413 5773 15656 21439 8307 14816 7214 8698 8484 28138 29943 29471 27753 23608 5364 16565
12355 27418 14403 18736 6371 8009 29893 7863 13410 16589 23414 4906 16050 18206 17406 9572 27093 20618 30339 21437 30284 10454 10178 30675 12243 9000 31582 3979 8779 19237 119 5970 6904 12630 23679 22953 18924 22224 6217 22496 6083 31764 17251 12321 913 22324 24998 9393 7449 30007 22283 10355 28480 19135 17857 5294 28353 14313 4732 27663 16673 885 783 20210 28646 4391 11069 1245 23556 22380 7116 16205 1432 22593 2012 31158 31704 8529 21623 6853 2378 5981 18025 15080 28725 4321 16978 13328 19286 1013 21241 24246 26323 19313 27107 8220 9589 18260 3621 11733
17937 23655 28022 10887 7495 5917 904 32752 5999 30142 19353 6695 5841 7620 12357 26660 532 134 11678 17795 5882 13075 22910 12677 21834 32097 17948 30552 5645 25767 29406 11160 8956 13575 16238 8981 25146 20080 5392 18135 27199 14531 14899 26975 4628 17204 1093 304 20934 13044 23500 27790 1813 17677 18099 8838 29292 1933 27873 29998 22 19942 19217 18734 12718 17557 2013 26239 15319 26626 7963 18035 11310 25255 22381 758 11133 5749 13844 19219 12338 21875 25861 186 13583 3497 16191 25536 18466 27708 30555 28199 1528 15322 3173 17824 21774 600 234 26190
30088 8602 2130 27341 14629 32692 7792 5491 30579 31310 15704 32469 4671 10573 9585 3469 7760 13488 27595 6971 1109 16823 17074 27338 11803 15179 12419 21493 5123 31130 10430 18441 16052 3330 15197 5100 4365 12336 20068 862 28253 9609 5562 18815 4311 968 15671 21137 9280 13801 30974 25344 30955 12871 28685 10143 25319 11521 13586 6965 6519 18849 16768 25912 10946 4096 9955 5592 22476 10340 27249 25408 27813 8940 16097 19480 26849 20014 4224 17230 3143 24862 6017 18710 7118 31794 25748 5423 29381 17859 7099 13928 13393 9655 20825 19300 12572 25693 15756 14490
21836 12440 14781 32671 12978 20800 15478 7080 31556 1477 18291 1867 32718 23061 31739 20357 1764 29120 18801 22529 4123 3674 27174 13463 22393 21794 8817 15380 11561 6112 30210 14393 30067 9492 18291 22278 25836 25420 5664 16696 19690 15318 20025 31248 3131 6295 24341 27734 30743 31035 3017 18590 20818 25487 10746 6346 6614 13098 17135 11472 24145 3155 19178 17597 18475 30239 25273 7162 3003 24538 22408 14798 1722 5544 21753 11045 8952 26732 32119 2448 20813 3305 23751 29580 12499 30248 26847 23047 13906 12057 1276 18208 26620 30588 15087 559 347 10242 7863 13573
4999 8624 4181 30325 30108 19589 20444 24083 6507 26972 6088 1339 6256 15124 12688 6485 3333 19181 14463 25432 3028 19509 32447 26765 20882 25381 18615 2198 30955 21254 21143 15534 19640 22423 21552 23602 2680 11699 30474 2657 10494 3887 29360 12640 30567 9730 17231 11904 10319 15016 11903 5060 7493 8648 2657 8862 1659 11540 31466 25594 10946 9072 6526 381 27574 1111 15041 17423 23094 6779 18090 23447 28440 8620 22233 21509 15386 1019 3882 23446 10523 29215 25738 15955 4491 23320 17929 15068 22048 1810 23601 5219 14026 22923 21142 1531 2282 32440 24495 31507
7615 2085 32484 12605 27936 15517 4328 10037 22641 8009 22089 32030 6608 29211 30790 10766 13199 14190 5088 10957 29671 30438 31540 3546 24810 18846 8455 175 8378 29058 25251 16966 12793 32761 9186 7900 2176 20424 29064 22773 25172 22067 7637 9120 26837 3940 2907 4604 29241 2577 6670 8187 30521 22106 27290 14438 4362 23536 27641 23586 5007 23420 26436 20145 6093 7999 32201 27643 2719 7925 19807 2895 5035 6912 12022 5029 26772 29378 17266 9510 24690 14923 17082 31726 23423 21300 16651 28688 21266 3274 24211 14042 9682 3952 5435 18779 29731 5950 6340 5155
8421 16878 32021 21578 19038 29689 5843 17844 20340 6397 18995 1682 13600 17250 15372 21548 31 28477 6449 1247 22251 27764 26621 25441 32745 13348 6191 20301 4068 11583 17656 18139 23738 9338 23891 15854 2133 31590 9877 26197 14301 21212 19781 19786 19244 13471 30765 29247 10371 61 4529 15067 28795 7990 15200 26687 11838 17504 8137 29069 22518 14986 5776 26539 13190 1632 20161 17988 29561 24463 29539 22032 8247 17705 32337 1110 8575 12618 11589 21423 31761 12284 19766 18956 6059 23896 20452 32762 8503 3822 24497 13605 23875 11367 26034 3611 32433 31593 13830 24403
21936 25275 22118 10606 27371 26794 4862 10940 23296 28843 21883 10754 1587 31809 29286 24187 26724 29473 24752 6428 11582 13973 3982 4892 21682 1054 20103 1460 31651 27485 31690 28452 7395 23347 27846 10486 24159 2600 17653 13190 16022 15881 12024 23234 13904 14037 11241 6191 8844 16603 27885 22061 2746 12828 27400 30843 5930 22262 12598 19965 19397 4612 3255 20413 23291 13120 6058 20785 9468 19050 20957 1468 14123 30894 15332 32630 24527 1409 10344 2864 10764 15052 14274 3507 22035 19532 12744 17993 8597 20024 12775 6783 29821 32549 22899 20264 17886 26920 31802 21157
19754 7738 31583 31844 21414 5088 16998 26023 14874 25099 6795 16263 1741 26940 18520 19000 4016 9197 10102 20878 5338 10029 14532 21184 24372 5770 22182 12141 14198 3891 928 4572 18770 20062 1827 26248 18158 5864 19622 3804 24728 6715 14585 12603 25782 26741 27094 19011 7163 11207 5050 25427 13793 13082 29170 4682 22867 4089 31993 9874 11689 19371 23297 10078 28634 30623 16080 1839 26605 7438 10445 12445 21169 20443 15963 20564 5038 26814 11109 93 17243 10913 16954 14495 28050 22346 19868 10405 5184 30523 18707 24225 19041 22742 29576 24497 31532 2757 28686 5474
12682 21913 26883 13427 29645 30897 26968 219 1951 11870 24621 4876 12856 15172 673 634 18645 3332 32744 6487 9573 11288 15262 30113 21381 1278 602 15199 2478 19608 27783 15400 17069 979 25455 14308 2900 24199 31897 6871 22640 4510 8021 23771 30971 19577 10389 26092 30866 24975 254 7146 1577 25175 22847 32155 13053 12905 162 28400 7626 21984 2528 6793 24126 32514 12858 3194 17582 7971 16069 27216 16905 32454 17414 27727 3082 8454 3006 31742 20913 30260 3335 7142 5107 8642 10912 31894 30385 22367 11142 25322 7655 4964 8644 17293 27430 12911 13195 14269
12100 11341 31365 12110 9298 30238 28007 1010 17358 20403 1990 20919 19738 59 9259 14545 4141 17951 15465 27802 20617 32298 1070 13271 21612 17901 4569 15933 29771 7522 2443 29492 15996 19407 32385 7642 819 3053 32417 6731 23727 17226 31826 26656 1973 18668 2705 17973 8254 32567 8002 15280 5741 17681 20419 12862 28611 579 15303 1440 10390 21282 6754 11367 18879 6000 7520 24059 1684 26749 7899 23010 30486 14993 19725 13375 17003 11662 18530 19353 19854 20690 26577 19422 16965 24155 5997 25256 595 12590 1335 2238 23279 31481 4151 1246 3190 31991 11723 3002
31325 18452 14654 8512 5993 18514 24988 7966 25122 8043 10693 1158 1413 4792 11969 29486 29177 4177 10323 32156 644 3958 22481 10912 575 20525 22834 21026 9735 15917 2665 14109 20086 31483 31986 748 9745 21331 9642 1477 28611 9161 16099 24707 6539 28848 4280 31656 26481 13627 5022 28578 19134 11746 8508 16973 14700 8711 10109 7610 6620 28890 4579 25647 5831 25978 23838 17774 28535 5725 2269 14650 6199 21489 23524 792 16136 27267 11870 9043 2197 15201 11893 22850 6505 28987 21281 6861 16224 21455 28989 9518 20315 32454 9952 2805 2872 32728 4330 25423
9218 8247 32477 32391 11364 23851 6383 17357 3940 21497 11357 7223 24398 9482 4609 3845 4333 4681 25383 29481 30465 23757 28829 23047 4590 9656 12297 6009 1970 22111 4991 2838 22553 21419 32595 3764 8500 191 21036 11819 2055 21722 13146 3164 6530 2175 7018 6514 14259 7636 19191 32360 26425 18505 9155 25036 4348 30585 6150 27074 3099 2389 9221 8011 1062 26495 1511 5831 3982 5108 10180 441 2649 26862 28672 3531 2330 4105 27607 13586 30753 29860 2104 25490 15087 13706 19671 5637 24557 22994 19838 21976 15453 19715 17827 13943 1168 26236 4672 14282
13401 19 32223 12799 23491 24573 4852 11915 9215 31214 26736 21099 8352 19328 7315 15792 16651 22489 29186 1082 30248 1672 17177 9156 24670 27057 16258 6945 6591 12138 10247 1732 28799 16996 31908 26246 9643 24014 20705 28836 1047 6262 14943 5639 25497 11058 3504 7113 27764 30334 23915 28148 12055 2918 28544 3981 25608 15271 7370 19409 26651 29969 20195 3262 18663 27695 4156 31445 30074 23082 25197 18975 26444 20971 20169 22638 22386 28800 25910 229 21524 27841 7484 18618 18977 18995 19803 18747 22337 13100 11426 31503 30732 15928 4733 18111 26233 8892 26831 32373
15513 8409 1088 9475 12165 8339 22233 9766 30357 19507 12494 25612 13010 10729 922 15893 27310 30902 23377 29911 28147 21641 562 3940 13818 26025 636 9679 5661 8018 31364 13548 20590 20899 30467 24408 25258 4792 18356 16313 8040 17171 543 12359 26518 12608 9903 11148 6182 8376 7179 10855 5 14343 29859 9047 29261 6698 12937 3830 18619 12091 32131 5572 27235 24656 32606 19238 10914 19104 23173 6575 5205 11751 28370 17565 30024 6668 24739 8871 15858 8193 5681 30198 2399 2540 7965 1393 24941 24196 14924 23357 4923 13245 28149 19588 10207 5287 26104 11894
21847 32403 3186 23694 31682 14713 4238 29719 721 3990 20382 26862 11128 10329 21610 22409 10729 2688 24775 14392 7106 2431 13676 22443 11909 8737 3074 14517 2634 2673 30586 17231 21680 30939 7843 25824 24601 26255 1276 1468 23319 20774 21959 30698 5153 16264 25950 17194 9611 3597 23754 29238 7605 17890 17298 17737 30594 943 23505 28126 30475 12662 1163 14266 16021 6079 5697 17196 12225 2546 28099 13460 27907 12804 6470 32034 3925 16213 23478 8416 25645 31961 31310 7667 18348 4727 2149 22814 28440 30126 9611 13191 14220 19838 25044 11710 19694 19846 15476 15355
15650 19562 28812 12199 19325 6519 1092 23070 6269 21898 19994 19636 29111 21293 25722 23030 24080 16900 11150 15410 14896 10600 30039 1337 31028 30289 26621 15203 23971 8313 7779 18388 16036 10942 14079 6654 11630 712 17641 9319 3839 1005 22321 5804 32273 8529 2678 30919 2378 31570 22708 2957 8627 25635 7006 4730 19819 6070 29613 27313 29341 10976 3383 4927 20143 30136 28355 2720 28092 32064 19804 9604 13893 8263 5540 17107 23843 2957 8043 238 21952 14633 16256 22584 4743 32552 11207 16085 10649 29047 25996 14769 12738 6915 7703 32452 27563 21022 18817 3221
2897 11301 21446 23293 13749 21599 11290 2350 1750 18985 6785 11507 13276 19024 5018 10042 7574 26559 32443 8655 26406 5978 8771 6762 25851 13097 10796 7916 30720 14521 31968 7910 10515 18111 21070 30299 6329 7679 16700 5575 5904 10604 14047 27487 30725 20881 3241 29083 30662 7983 12386 1778 17275 28968 4730 29412 31281 18843 20126 15422 14870 30289 17033 13466 3564 6232 1821 23845 20152 20205 32690 2213 19898 2464 29614 24250 23202 17842 26197 9315 31233 15042 8419 28101 24574 15016 8920 7464 842 18594 27796 21315 23638 11182 22563 13497 9411 54 29786 10467
11034 3314 5667 30160 3773 24331 5141 23946 30749 29052 24648 8347 8494 25534 29799 2512 16920 932 17414 26429 13872 11908 10550 5249 27942 19863 32599 31308 31871 29090 24622 10014 25926 20950 14136 25937 25087 12789 7997 29273 20701 29623 15911 15179 3637 22380 4885 17052 21297 12258 27308 4907 27849 3465 28077 25730 24303 9429 32205 21593 18442 29668 21697 22876 6310 27489 6552 21295 29546 7848 24653 23470 18762 16171 18333 15737 1534 26388 10518 13232 24754 30508 3953 22267 9471 3067 26401 23502 2074 20017 7468 1515 24139 8772 8250 29992 17569 31579 30699 12146
4837 21867 26222 3090 10700 6815 18512 25647 29040 30718 9873 11412 7169 25928 12029 23732 184 25632 1721 18155 8973 14960 11037 17927 14890 11274 21697 25607 19615 30603 4315 24099 13399 6789 1224 10764 7883 8413 4072 24692 23925 881 16303 12497 6792 23038 18937 16990 17886 25666 414 9827 20018 11869 31047 16311 31375 21629 18560 17283 30728 10682 9998 14152 28586 17983 21122 4132 14511 16555 29198 22353 31476 5815 27800 30702 21934 2328 25869 6658 24152 28327 20728 11966 3056 17087 23891 4610 25186 29414 5532 25891 29253 12208 300 1772 197 17633 10949 19682
27616 15570 18026 25036 7894 21270 26995 28019 10970 31324 2272 27047 22542 31127 12782 18562 17070 25693 12520 20465 22667 29325 6720 20079 19132 31541 27102 3348 18320 5811 11448 8911 4295 11290 26787 3312 16897 28119 13928 12521 23414 2452 16923 11093 25832 3932 9640 4153 15574 21504 20911 138 26611 21178 30866 14576 29910 21009 12236 32202 18419 20476 15236 2162 25546 31050 14433 22978 350 12353 6049 5591 3305 26246 8549 19732 23246 20029 29007 22122 10447 9840 8527 7895 16256 9909 5818 4653 18427 19979 9629 277 10710 6406 32336 10323 1362 25388 6478 15692
7637 30622 5443 9157 18587 5371 15207 12525 13224 26753 7691 8094 6401 17525 1393 6624 12827 5573 7905 31663 32660 23789 8697 13054 14625 11799 24645 24827 31176 31878 29456 8341 31823 13620 31609 5691 31732 27834 10441 11495 3422 9329 30979 9308 980 27351 26557 21676 13997 23348 32559 19196 15111 16509 32650 9099 26044 24440 4235 17649 10642 11297 12623 24741 9650 28237 23145 23746 30812 6541 1586 2827 10712 23637 4960 20780 17328 10845 13786 9795 26652 17992 27083 2462 32190 3716 7413 22214 17295 4465 585 6845 24858 11461 17332 20101 18152 15407 1595 6881
29499 6970 29770 2400 28415 32373 16969 18070 5885 26577 24945 22957 1362 14922 21726 29981 12063 12489 23781 17591 2691 15433 27815 23784 20678 3385 7654 12092 12503 19490 5912 10273 1529 17802 6074 23022 26297 3352 7911 22819 8227 23545 24617 11762 28981 11905 31375 32511 6804 25878 9728 22885 5758 27722 19150 14841 3328 12359 14222 15314 22633 24432 26920 4105 11774 16453 6442 8893 16111 7815 1634 4442 25994 5021 11179 22043 12975 11831 22791 19662 28548 15665 25326 29912 26473 16826 23526 5240 3631 19637 3156 8528 22148 19295 7314 4641 19634 1843 9537 32214
18826 23819 6625 11204 20890 28551 16799 31024 29863 22706 12909 14353 16727 7907 600 27416 8493 28898 8982 750 12474 27980 7135 189 26642 31033 5503 8689 10110 27163 27816 31040 31856 1770 16012 6375 12988 9342 9131 12855 1540 24892 3306 20049 1908 17396 30438 1070 2992 16906 26503 20450 13579 28884 27096 28449 28154 26180 31766 26370 26568 3271 9223 5891 29067 28268 7564 32077 15190 15177 22394 4154 22960 3867 12966 20757 7493 14892 14143 31777 4828 4474 13409 31196 16265 2581 32230 30084 27940 9161 15488 15579 6905 26365 1029 19752 26305 31195 9225 12670
466 4273 26290 5696 1682 15767 12744 13797 16945 25427 15884 761 18072 20345 22731 13156 22684 16343 25522 4335 3704 22287 1764 13060 12922 17542 18762 1461 15868 9085 810 16897 150 21886 24316 15186 18322 23546 23673 9801 6560 30000 2548 15550 23243 80 26605 25347 27820 27873 10980 12905 7902 14688 20331 3334 946 17706 13439 7861 32035 31132 12312 28509 5644 3704 20991 27255 31640 28042 18656 32714 11002 31116 7584 16761 10079 15432 14576 9024 19489 16380 26403 16123 3902 6146 20028 17000 18440 23728 2636 27181 19998 7806 25595 11805 1178 5222 21860 695
9612 2449 20774 21487 25000 20015 32695 7474 10299 12199 26364 17060 11108 15344 12311 4012 29824 21566 32641 32434 7398 21218 4952 11815 32469 18539 7162 9926 29354 5138 722 22298 27734 23381 4978 26689 3344 9441 15074 20463 32071 6837 20792 17334 8923 14213 8553 29060 1932 25436 9055 8557 947 17286 7244 9386 304 16813 6461 13794 27299 3650 30706 11945 6879 8735 29165 13895 24731 874 24009 19898 27243 20924 6861 23806 12015 23938 23233 9611 9546 20132 15872 15904 25046 7781 30159 31679 27415 26763 24813 27640 23277 22463 22124 17515 8205 12598 4798 27529
29617 17297 31507 32410 22415 15618 10979 30980 12296 11441 32710 24778 20131 13150 6028 7251 185 10055 29834 21869 30322 12108 15410 3473 5616 6481 17383 18281 3785 28644 24591 27023 16827 4895 10601 16024 20635 22736 11424 13905 27279 30680 14369 19528 10365 17105 15402 14222 3523 30196 28964 18364 297 7225 14387 4916 21011 20415 27147 23209 7676 22895 2053 17890 10783 29661 882 23994 1399 13678 3887 26476 1770 26048 12154 1293 31682 16966 31747 16218 6748 30259 18502 23732 3364 18842 9753 10601 10689 19411 30337 5429 10380 32032 31946 18953 28743 15248 10199 8202
18956 30500 1462 4829 4483 28977 5495 7202 13656 2821 27455 5950 7148 26573 23192 4702 16459 26039 6923 12473 7007 12883 6897 533 11619 32319 29830 29580 15257 5123 14655 15760 5696 22074 1886 29485 31425 26867 7619 5774 26153 2646 25093 22211 27611 24203 3265 23233 25735 13015 28722 15786 2390 31752 3330 8271 20327 5140 26976 29684 6015 31485 24147 25171 1532 7927 20302 30435 5899 28621 4 27993 17179 16769 31869 18799 18322 16947 18282 7141 26558 1859 17078 6342 14862 30138 1629 25325 21890 2534 6529 12487 29536 16965 16827 11867 22825 12709 23727 16519
7883 31880 30691 3468 9496 17869 6865 28365 20599 20109 30522 12243 23513 19780 29630 16021 22511 16433 17578 12534 10907 16127 1809 17296 8868 4004 4638 13744 29613 650 29352 9889 11880 23020 17671 22574 2311 16516 24870 31330 3059 4963 3290 25746 30401 800 10354 24478 29026 20532 2448 25971 23961 9893 30775 31188 23730 23778 548 91 23922 6638 6242 13242 17994 9921 11033 8775 4047 28396 14247 21432 25455 29819 31985 31786 4700 15135 18939 24681 30925 28301 6839 20331 8550 18465 30491 21789 15604 30663 18550 2659 16990 5147 6404 9817 19161 21967 29120 13536
32346 8781 19065 5718 9297 10654 16424 11428 11412 7051 1409 22910 17561 14338 16840 12774 19689 16059 20966 2802 17105 538 8124 17360 29275 8536 951 28935 1149 11742 25765 19711 15759 16369 2503 4548 2 16020 21287 8199 26448 24234 19499 5990 3887 7516 19563 17389 23306 14778 6848 1244 20913 29093 18077 4266 24912 1516 11171 14923 8094 18869 21359 7087 23126 16671 10679 18827 3051 4901 13973 29787 2168 21190 21282 6824 30453 25442 3143 12422 27313 31848 10192 24674 12540 4142 32706 18682 10020 6688 10223 23725 11428 6173 4551 17909 1431 13086 8817 30002
16755 23321 28443 15273 31219 23077 5006 6092 32341 8926 22277 5820 16070 24075 4927 28428 3099 31614 4563 14536 32705 19004 21444 26293 8183 23518 30549 25819 5178 14135 12318 65 32257 7735 1376 31736 18859 27407 19094 30554 2998 18582 1612 2452 15921 18924 15156 13922 29300 9565 18295 8218 19214 5768 20041 6892 20991 11200 24512 1384 32552 690 21222 2624 767 14408 1549 12112 10631 4046 31074 21979 27008 5460 30661 4120 29658 16211 16856 28653 22384 21395 28502 13050 3315 4939 31399 28633 32548 29323 10929 10404 25415 24279 20208 26296 30164 22804 457 17337
28527 26281 25883 983 17946 7646 3352 9551 3754 20871 3411 2356 4727 8167 23577 6511 27992 26831 5 4101 18383 28422 15311 17304 384 10477 11365 7473 24552 1123 3389 6972 5451 8679 5865 1492 13294 19196 11244 14401 24967 10194 18380 9151 24306 30754 25704 28545 14373 21338 18828 23030 12390 13306 31427 16203 16060 21054 14188 26929 11939 4605 16656 3040 14595 2001 23539 5212 10595 22904 15849 11255 25434 32122 24427 5399 23623 7692 25322 17721 23874 9013 1635 24630 8531 10287 21300 30917 9185 24592 46 14914 13165 11690 14827 24494 7296 29359 17762 7158
225 23065 12472 22392 12044 8648 1626 26307 3552 10093 13896 7838 28824 15528 10676 26957 26364 1645 13515 16655 24024 27564 23251 13291 9134 22321 6262 21676 9640 20681 10333 15659 30928 12710 30209 1484 899 30724 12990 22091 23331 32269 16682 29625 10765 6138 27300 28609 12747 23932 4912 23856 15754 8794 24450 11701 6350 25179 344 7396 24164 9318 7693 19585 13209 6376 875 30204 17321 30582 7874 21816 3962 24500 27190 12432 25994 16757 17501 8732 5670 4131 26122 1584 14302 17762 27235 13094 4149 30448 7482 24158 29853 975 922 21122 14242 7335 21151 23311
30309 11110 18571 2321 23116 24105 7191 13614 8952 22879 30215 25317 3191 21803 10497 26904 26043 10763 7071 968 27467 4280 6339 13089 14905 6477 31275 2998 28500 7594 24901 23565 18078 13083 29252 19294 20225 24373 17779 21912 1597 5121 713 18597 28965 14173 23486 9967 1035 14750 22366 4899 28537 32634 9372 10549 9506 8998 26344 26788 10519 20667 12548 5119 830 16862 8723 10664 25857 7328 22771 23000 22339 14755 12748 7651 1176 5503 489 21693 29621 29027 17863 2237 17957 26368 30060 17058 20286 29602 29434 3540 5972 16032 18308 4588 7980 7927 8736 25973
30643 9266 19774 32244 496 9869 3640 24871 27448 8793 9002 31627 14753 25250 21251 16416 31929 16144 17372 30064 30327 28939 2953 21454 20593 17442 11886 22748 12624 9646 148 29776 18049 22450 7421 29175 5678 19206 26420 17658 11629 25781 19239 6240 32439 12963 12089 18644 1179 21363 19604 11176 31923 5543 25020 18203 20184 4617 29546 24535 29842 17738 3991 32702 29906 27882 18135 23014 18404 11095 20456 12258 14239 14169 2443 7236 4063 6829 20114 26207 13109 17393 20539 17234 26588 28608 27324 10306 28911 11549 10271 4582 18394 277 25936 25929 2575 28064 19829 19915
28410 24521 8061 15465 23094 18702 29180 27711 24065 26634 26934 4171 16877 1105 4985 3700 25049 8604 24497 27595 31008 28198 25142 19984 11792 28757 23528 13944 29086 14237 14206 22957 1879 5282 28955 14615 18842 7324 7202 24922 32261 31744 31564 29216 20013 23645 24312 21272 14482 24963 15810 14911 3538 491 15190 26462 19996 15955 4487 14547 31464 31913 3995 32149 12517 2602 9193 10355 7731 2251 9127 18588 10451 19416 17661 27492 22876 26587 32605 19269 24047 31167 17943 28708 14700 26933 20776 9430 29414 10839 26707 26083 22869 17035 25716 11658 12171 5291 23312 16645
21610 14435 10288 25358 15187 24794 19056 4001 18657 5780 17747 9476 26584 18583 32217 7685 27224 30924 17748 16771 2903 1961 1655 27439 9294 25357 18608 20884 27441 7275 32184 27989 19621 10795 19816 26038 13934 22605 21454 9822 26150 11344 1408 604 4149 16466 11824 2151 29437 22904 15745 27754 10837 15760 22041 10816 22329 3061 21239 17851 28607 7603 14087 19436 19277 12524 15092 31134 16138 25467 27966 11044 24210 16598 6284 31061 13550 26425 25667 10196 2499 2049 25431 18581 1737 18262 1378 14492 20863 16140 7667 23048 27934 10443 30248 12113 30923 29550 7295 15310
7696 18346 26345 19834 17293 16368 23328 5111 22507 22420 28987 10451 18706 21806 25728 27915 31644 13377 1657 24525 22153 21018 18506 21122 14132 25083 28225 7692 24965 27769 8623 15692 16489 24099 21750 28904 2687 26980 11748 20555 7957 16299 27199 27629 12114 26056 29345 25812 1972 10138 3974 7515 3518 28391 29860 26418 17898 395 5755 21158 30181 27349 32300 802 14075 5166 3982 11510 3280 20731 30079 8280 21586 25029 10360 1448 7915 12951 17253 12025 19963 22696 6835 8908 645 4922 18858 17438 13609 21442 10749 15270 2642 4425 27039 1624 14000 27410 13017 19757
2025 24189 6810 27174 25995 5163 18702 16015 24134 2147 4209 16001 5464 4789 26150 21930 9288 4317 29187 2384 17623 14570 10224 31636 22324 22175 8112 13300 6255 30745 7934 20756 7472 19890 2524 1982 25769 16678 11560 4903 6089 2036 6000 31348 18610 13575 29703 20348 18030 3478 7256 19152 22749 9545 21371 26873 30962 1437 24582 27904 22815 25737 30758 27700 21006 11874 13294 18215 1938 26364 31214 13306 23005 9746 6664 15834 30451 13031 2687 24011 8287 814 31569 4260 31012 8487 13255 3675 28662 15628 28234 1667 6570 28075 9848 1555 4076 25684 3447 27241
10288 6133 6281 1423 5867 11140 24033 22460 21250 5021 13238 542 19842 16237 17813 22230 20883 18638 5115 10821 8359 28595 4643 18822 7927 25799 22045 14907 9264 10065 3872 10125 17513 31323 13857 8302 9561 13587 11428 2849 13255 29297 15827 29181 19777 25626 13773 3438 12817 19589 832 12092 21357 25692 5946 29456 20974 12069 30524 22580 16452 801 13713 10394 32295 18548 17373 20768 16272 13191 21497 3858 5162 32427 15102 5872 771 26367 2720 6258 3720 28819 21694 17354 13488 13773 19766 13353 16247 17932 15870 25476 31118 22412 369 2968 6993 20618 30438 6188
1017 27560 9607 3734 4883 31634 353 3712 13873 4578 1719 20460 32479 3393 8092 17014 21720 21199 1985 12761 6266 14022 8843 5045 18808 22618 30568 25232 1487 29923 18532 10778 29947 30269 30455 10421 29546 16495 11041 10804 4657 652 28857 32739 16126 3799 16131 14792 10317 32298 7808 1321 12767 8857 24842 21583 3432 3410 8224 13193 19337 11207 30078 28531 30973 16400 8688 28791 7191 14474 5737 28565 9836 10949 4943 26720 11981 30109 21018 27721 1912 20134 27933 15136 1166 16078 31139 17624 1736 21053 2110 30859 7782 32640 32604 1213 23145 2535 1051 27877
6146 25387 25951 6186 26186 20564 15649 15722 21043 21978 15370 20608 11967 12043 21312 21703 11632 21676 12416 14554 23295 22243 16493 8094 21585 3669 11047 14979 18342 26763 32544 6406 5652 21402 32299 4475 10548 3331 16598 9993 20763 22488 9210 4342 16011 24096 13456 18212 28011 16765 3526 14300 4981 7948 23891 2763 26415 2701 519 5450 21276 17604 30886 25571 26931 12574 2806 32016 10896 20120 29975 16709 30570 14301 29971 3121 15173 28334 30902 31554 10600 30343 23968 32103 7570 640 30616 4121 29929 14961 20771 19868 29491 23385 23125 12418 2120 14081 31208 12402
2503 22236 13451 7207 13577 17970 24188 21691 3411 18301 2905 20006 27216 30996 12340 30978 19134 11526 11237 31121 16231 30793 10660 20480 595 15636 4567 21997 3644 13449 32040 13608 19010 15255 24027 15286 7648 26399 21342 12572 287 9045 23586 4314 23817 25194 22954 20021 20577 7784 6882 1337 11409 12893 24753 15615 16100 20155 4305 7980 14837 3327 2783 18618 21352 26257 21422 6139 27095 4843 2785 7130 18191 4350 24249 2149 21117 24529 29227 21640 18403 10860 26934 25883 17999 27380 3955 26912 19278 18711 19694 19269 28253 14251 23860 23729 28832 5521 31917 7420
29911 21984 44 17279 29581 29503 2757 28111 16274 12947 21983 6020 11948 30939 16265 16191 14986 14423 4882 23787 11769 14576 16339 3394 12891 16340 29264 5779 20820 23137 17280 10947 16070 20548 29288 2707 32512 226 23535 28192 15666 12279 9453 22192 26148 1404 19077 11691 23336 17615 3253 21736 20814 32526 26411 3114 12502 17603 3162 20459 2283 6855 5838 5464 27534 13920 25788 1948 17872 17581 20958 10849 2116 16708 17277 1428 13236 8217 15056 15977 7699 20130 24964 16800 947 20536 17564 25350 14520 31169 12667 5694 3789 4236 26943 9409 17173 20604 7761 1316
2148 7529 28730 14234 432 25539 22969 19385 16578 27768 17682 29569 7473 10264 15016 18330 30609 13624 24014 8413 15592 9748 11227 11030 15969 18808 12668 5384 12613 31456 10831 434 27430 15838 16045 7889 11870 10428 21447 1190 6840 25186 8692 17145 5740 14203 1353 16222 17233 2772 15467 18615 21582 9476 2465 1018 22289 10066 27181 5685 17924 9683 22493 12239 30333 11475 18653 23824 14134 13686 25039 16355 13052 19871 3613 5851 27563 30481 29326 13685 24921 469 28184 20893 14802 26075 7414 19059 31813 24548 4602 19534 13628 21918 14883 30209 5841 17681 7794 25438
26911 17211 30714 16633 24312 19959 18999 19759 8918 29988 30624 27238 12307 7938 1151 9877 19548 27615 31745 23560 13667 31988 11145 20317 22228 8842 10314 28371 7307 13665 21269 5828 13572 8017 20079 32623 22546 22322 6887 14331 26068 21498 19879 21177 29157 15141 5448 9898 3796 20058 235 19009 28116 23627 15749 11113 9908 14557 15738 26826 15377 137 32366 20552 12234 11009 24919 9933 15284 12567 18647 7497 655 18907 29130 5879 19769 772 14875 9441 10274 14482 18907 23206 29952 12209 21140 24699 17604 22751 22746 26224 3532 32081 15396 23797 4698 23443 28890 5788
2885 30576 8367 14112 27374 8465 9521 5031 19574 30569 4254 26692 25390 27088 14586 1728 32335 31981 31070 25242 29932 22234 7571 7756 3620 22147 11232 32208 14748 14927 287 25187 11309 6659 29462 13193 13529 14307 27909 22865 24068 27930 14972 11226 12000 13659 29807 31766 8490 7625 17548 6606 7956 6932 29388 31462 7554 2789 29001 26595 9848 25725 23119 20906 26579 23705 5301 13450 6712 152 4718 11389 21579 3295 23899 7851 7713 637 26211 7216 22775 16395 19142 25119 20260 8662 942 6855 76 27969 13320 17461 32215 2916 2193 24570 27553 22265 24116 20526
30963 377 8851 1460 26035 21378 8932 25536 26583 19580 15614 31895 1311 25980 9907 2966 13572 31592 16225 20598 24300 9309 8132 12238 2207 29773 23566 15577 18686 29933 11322 4218 21235 21710 28317 4477 11428 4553 14526 4640 26348 8865 27239 26322 26891 25572 30460 23098 9372 19474 22796 8827 17864 11009 25638 15287 13242 30848 26862 19410 30034 30267 24431 29560 19998 10463 2995 12385 10118 27774 20625 13523 6726 10292 9415 22633 11298 25867 24137 1556 5588 19484 18392 19295 9546 20471 13525 27895 4110 1349 1880 9322 18950 28332 23677 27439 13405 16371 21246 30439
14529 23655 8199 19170 9423 5245 26181 741 22987 26296 833 15146 9365 18381 18156 14761 20952 13830 18810 15510 21125 7140 21364 4651 1152 17928 3081 23975 29593 28755 24998 11671 9917 11853 24774 18260 19821 12995 27914 19405 24944 15029 4236 6534 4293 8047 21873 4065 988 21493 23997 6045 21510 20900 11627 5276 17961 14359 23230 9449 7608 9288 6354 20729 7138 759 20598 4401 32522 25168 15166 19625 5752 1736 13523 13616 15950 18248 13966 9360 22461 29837 12613 24339 4472 20431 14693 24389 5225 21664 14657 3836 26788 23064 7594 4502 9881 20271 12480 898
18573 5738 5895 21250 12363 17594 8894 5678 13590 18337 29036 573 19939 13974 1979 26624 11205 21419 24457 22959 22697 32621 7229 24040 11843 9227 22871 21493 14664 23483 18252 27982 23774 22106 2704 24670 19025 16978 4340 14474 8455 15553 20786 26480 19126 3288 10438 31596 26580 11905 19456 8033 24655 28740 31832 18358 27775 10347 30977 12446 10841 17764 24001 4509 4837 15720 25599 10824 25586 8538 14878 3148 21000 22258 25865 18097 5790 15898 24591 22112 11917 17816 28402 32739 23749 13038 22074 30317 17726 8574 28111 29722 13362 31986 16839 10103 25994 31451 13693 6725
24726 22424 23779 30074 15360 23162 25 18057 24067 25894 32062 10723 3288 4666 31878 32446 25457 10035 10892 2069 32362 23950 27882 7920 30013 18221 17672 23013 29621 20989 21809 19935 1957 11990 15340 19486 30425 8098 14729 16767 12621 28866 21498 6910 13213 8621 27876 21369 28093 218 32246 3767 490 16097 28538 26024 28640 15581 15657 18414 78 6676 23876 5789 1159 17626 7648 23615 15994 4786 27778 17948 1252 9143 15339 17080 30660 5434 31797 27036 22800 18349 22815 4185 23974 15295 12966 12491 2693 19145 981 1179 29245 15977 11229 31239 26276 2924 19816 26086
29387 13298 14379 5862 12592 5324 4282 11801 21045 8745 10913 24752 26321 22386 18608 1798 17286 24178 14230 7392 3987 12730 30386 5875 21610 15940 25381 12710 8548 18518 6444 7450 6068 6057 32685 10855 29338 11979 12815 24105 24537 4546 15439 3132 15466 24562 23888 24771 2418 17729 17267 31343 11634 1656 30568 31230 21949 11500 26948 11009 3120 5471 21459 10723 21789 26145 27183 11047 27016 12410 913 18417 24982 16717 14696 29640 25410 25845 11176 32666 10578 8819 24421 19968 30345 12747 27552 7364 18719 12715 26721 1953 25198 24654 21510 10313 30446 23456 25306 30637
6755 11427 27881 21624 15445 8721 28179 21212 18625 15939 19552 14738 16654 15441 22675 20508 24898 28795 15618 25166 9590 1991 20132 7436 17288 27372 29804 10325 27919 18543 6357 8833 28052 2572 22975 24774 30975 14679 27257 6401 15951 6051 23583 22707 4750 27939 16422 27978 18436 21327 22837 8611 1452 32393 20022 29900 13028 19201 5038 11790 19304 4310 32585 29227 12161 894 14778 15844 17530 8295 705 27070 31060 28894 31629 6918 955 9009 27461 17939 26936 16144 12770 9675 10407 31033 23871 19561 6124 27221 5235 12669 18914 11548 19806 24883 4244 10176 130 12505
28592 1161 20244 7324 4920 7612 20307 12946 7803 24770 29465 12030 26436 27782 15536 11727 29009 28447 13798 5481 15878 1711 23908 7848 17507 10635 32315 7714 9524 22940 9664 29357 28551 9989 11162 15650 2403 17925 25 17760 4279 15391 13514 12435 18577 26745 29512 27830 26256 27523 22100 30038 21660 12760 22824 21913 15060 9833 20745 2944 26056 20440 9500 12393 23785 23842 14458 2776 15678 25985 14982 28022 11352 24465 20863 1882 30599 5041 21329 2440 13134 3500 177 17847 28437 20889 30312 10840 20766 22527 18671 16339 11962 5437 32317 2836 29885 4137 23005 31046
29743 19448 12099 14558 26436 2398 11872 9180 17038 8949 24180 8013 9842 2275 15140 5141 1241 8120 10188 25835 20263 1685 11542 1445 16497 2195 13516 6070 6123 15714 14314 12277 22431 7473 4856 10656 23397 3022 29846 10912 23567 7951 6745 15630 13028 9328 20437 8695 29008 10749 25595 16732 8409 3699 2214 23421 16213 23714 20592 24408 19290 30229 16074 2668 29943 20725 7756 13762 18081 19755 4425 29742 23152 25797 4263 26067 28556 15259 19693 25829 29666 21042 9630 28595 22043 24544 10950 29668 13262 6193 23762 24320 14324 24458 7844 6195 15773 13068 3559 18254
2786 18363 13728 3343 14363 9440 20230 4258 5970 15788 1172 1639 12279 19997 27484 5110 8916 32550 9886 13665 2628 5642 27033 1977 10912 13065 19361 7379 1787 25406 8818 15435 11791 2504 22212 13770 21366 25640 26400 10373 2334 11754 3313 25606 11511 10120 14302 17967 24302 1163 21335 14972 4895 1267 2670 16008 5190 15833 32233 4051 2679 21843 8341 26306 23056 13720 11741 25319 28395 31588 28314 3203 18392 9118 16429 3913 22090 15417 4556 4709 1616 7256 19481 20925 711 26549 22265 23671 2511 24899 12707 7355 25979 20754 20727 3258 23757 371 14354 15599
12513 5982 32543 4004 31336 18960 15471 19897 31576 15864 973 30881 14562 1748 28683 32173 29093 5400 27361 11917 17441 4751 9976 8980 6510 29252 65 26683 10285 14243 13963 8297 9152 14556 13909 30961 27574 24712 25568 6364 20361 12943 7305 27882 14988 6217 25174 29907 23583 14307 26063 30162 8229 23301 25103 13924 3000 10417 32538 10062 21019 13935 11889 7645 13807 13479 13796 881 2730 14926 23720 7741 27206 29636 28329 22344 29494 14589 2593 8631 8862 20192 27498 26447 7875 22508 11025 7734 1473 14369 8747 27641 5244 28702 26860 31187 14808 13191 9077 24109
27181 16041 4334 16225 18165 12129 4309 5059 28360 25913 4757 8930 2443 11477 9051 11275 25828 14990 3621 22031 13552 14428 16924 19526 19769 27385 29475 11476 26082 12867 10416 11307 16677 26851 11994 4562 17664 26412 7604 29284 23850 11589 27354 19163 14668 30859 14665 24846 15214 18481 23412 3449 10927 5417 15252 21053 32314 16712 7743 25447 21621 421 29500 1141 27260 18498 10390 24343 10189 28910 13295 14130 4677 13673 17943 8234 15947 11466 23773 5985 3915 23070 10021 10235 23654 3666 28475 31717 19815 8531 32615 32277 1017 18035 13506 29203 25880 15 13383 9400
5830 30318 30253 6709 1535 13805 7029 23896 2286 6233 16831 21515 29025 23965 18785 15646 9083 14237 16826 15174 1192 19809 28612 4453 22230 31094 8937 29707 21475 18321 19480 5181 7505 30070 2839 18294 21569 31512 9755 28908 28063 24066 8086 4116 5786 21493 24144 6248 15703 30931 7097 30312 4582 7099 3198 26079 4981 26486 30554 32103 32195 27154 11823 4911 10968 16332 7509 24316 15604 25908 25905 32110 9413 29835 12810 14469 22492 21104 17945 14691 19298 3516 27103 1876 1799 30378 14012 30731 25660 12603 28604 29999 19874 18136 23732 15126 4802 31545 23438 29904
9214 26759 7137 22887 19143 9917 14533 11877 12817 596 9445 21399 21252 1567 7381 15377 6645 23668 5030 30834 22420 19340 19896 13929 21095 20780 7632 22904 3191 8581 30826 4344 4425 3418 20817 3934 24591 4960 30572 18108 17952 8426 25307 20107 15782 17861 10563 22183 9366 24417 3173 19355 24550 32562 22262 4127 16122 4182 31658 28639 13151 120 10899 12158 12475 28660 20649 24027 18692 11580 13738 19091 22769 32634 11300 17863 22702 1143 1999 3359 9428 9659 20001 2574 21400 26870 21789 17752 27203 8094 17516 13266 1762 14810 11438 16489 21054 16543 10514 14182
19982 15128 16164 30449 21356 844 28903 2259 21894 19963 13604 2432 15510 27080 18945 84 27924 31134 5589 3357 20265 11852 2619 3802 27240 17266 15718 10178 27065 17313 11700 17032 7061 22462 25477 31966 17017 9639 25933 6968 18836 537 12776 27090 12739 31186 13614 12020 19136 30194 27336 4725 3223 32679 9026 7806 9561 26377 8032 15760 3859 20803 30134 22984 16897 29172 30323 354 22272 29653 382 13437 11842 21659 708 16413 28229 14367 2256 19062 28422 30396 10652 29800 25970 27384 10662 13382 25373 16999 6471 19931 32310 21965 23616 2991 13755 19587 20374 7558
26089 3868 417 16426 24823 19783 12383 4714 3 6903 526 15203 16461 26818 11257 17918 16547 23431 31634 21946 13084 18260 30145 6316 5897 20871 124 6852 20265 32307 19096 24145 26652 11461 26078 24007 8986 18407 18274 23232 6373 11428 8720 7746 2300 3277 20360 3648 10514 20636 15148 15459 2238 15256 886 21002 23924 22712 17808 32143 19124 29131 18206 17612 31361 5655 29278 24797 6677 29761 22644 1832 3795 2925 11775 17307 30589 30629 30192 18485 19879 23935 20124 21960 15212 14586 5392 8701 31071 5034 21156 24216 18628 26133 10451 17917 24065 10332 12105 20723