100 100
2166 11823 17402 32551 25508 4372 24891 27601 3481 2967 12239 20478 21150 17449 23157 4414 4237 13710 29675 11811 26433 28039 19207 4611 19787 7854 17667 22009 23782 2465 12825 4909 27950 354 20559 10837 19340 3838 28821 9340 10613 30829 29197 4354 4692 11962 1962 1253 32196 26468 31740 7998 20995 25859 26442 14095 27299 13102 3042 5691 30595 22941 19629 26070 18430 19083 29190 12191 22114 4190 12492 6347 10148 32394 10166 14853 21330 27059 18151 14514 18376 11026 21955 1401 7847 29465 2816 25603 5507 12122 27392 8191 32476 1957 24670 4970 16208 13936 17095 25101
11022 16508 16395 3655 22414 20406 23411 19212 13696 13660 30550 12078 1794 22368 7399 11739 1557 3345 30289 30824 20306 12024 12038 11596 25817 24064 11859 30832 23947 17883 24633 2214 5241 24224 120 32374 27803 29113 7148 14369 31942 26108 15388 7904 14296 5912 28945 22893 25910 15411 11620 1988 32120 8657 10395 27691 16226 15096 15286 9584 4374 19858 27652 24178 393 15890 6203 5858 32308 15962 31688 26955 4364 25564 31844 29264 15027 26880 30184 15670 15600 7622 30818 22946 26973 19373 11368 32419 18527 4307 20908 24306 11355 30301 3025 4729 1319 17945 29053 14611
1983 25442 4528 14995 32314 11077 25428 18439 21500 8162 21269 574 12844 25364 25458 27015 16489 17492 4884 31420 23992 26074 32095 7551 26049 15622 26952 18372 22076 29183 14950 31376 26790 25242 30795 31743 29752 19581 24596 29324 11289 25220 13375 17805 3539 20835 16061 26365 5124 30605 14664 27262 342 21589 4087 3486 22448 29267 12816 5466 20398 20746 25885 9441 25679 4551 20034 29082 18158 27596 9677 30823 20340 11182 18703 6188 15563 16892 7787 13707 22934 9505 32684 19442 22815 2700 7835 4056 144 15118 6098 1603 28775 1667 10187 13710 8740 6836 13884 21353
28228 16764 11175 5153 11891 18986 17708 32546 20478 8743 23203 27834 27271 24793 19175 4383 12028 19142 628 14516 17098 4093 20533 6536 23373 18866 31895 24095 11659 31528 22242 19830 1571 6612 11465 13377 7552 24767 24640 29559 31826 29484 3981 22544 1087 4731 930 8206 28885 27469 22698 20666 25796 15849 5346 16944 22346 26078 8618 1053 30190 1258 23260 32712 20081 21787 10332 31567 21762 26164 22000 25139 6833 19026 7506 30487 18470 30159 5764 21189 12435 22119 612 21618 4327 26009 9088 26435 20293 14928 6443 16656 20148 24003 28881 32359 11032 26522 24967 16340
29025 9554 26086 11359 10242 20706 10266 32087 15268 6815 29750 30542 9244 2653 9418 29797 21915 31703 15800 25546 21029 14929 10563 25214 28485 32635 19305 20828 9214 22937 24435 3159 29444 15585 21450 9987 17709 17444 6156 21079 18466 25777 4447 20401 9562 6519 10502 5402 9545 18793 10546 1739 4820 27943 23578 27121 29449 14298 8525 29870 25869 18271 27975 8032 15957 8105 26435 6949 14105 30048 6481 4511 15110 3022 26280 4596 12852 10748 15421 20249 22103 27416 12181 4945 26681 28186 32727 3312 22888 10408 11557 22629 15915 24886 6700 27511 7099 5233 27642 17871
26288 18910 7184 2743 17850 7102 28857 26657 27793 30262 20378 28395 9007 20908 7817 16481 19772 27764 9891 13572 1482 18348 11672 24714 9026 27492 14666 5925 14238 13827 12695 22536 24793 15077 21618 16680 32164 29769 12345 28735 6747 19563 6210 29975 10807 16877 18360 14597 24773 11131 9893 32691 16279 24239 25935 25891 11321 15922 25032 31985 8806 29477 3009 30425 22140 21951 15007 27768 23598 18743 10705 15447 9593 3812 3936 5669 28121 21667 199 7236 26044 633 6662 16008 12855 2937 6898 12859 5368 17896 28367 11108 20604 3744 21024 15176 7298 15282 2750 30770
16063 8783 26152 21104 7123 13289 29210 15006 21628 30357 9057 32039 17161 23732 24301 30472 27922 16338 6440 2007 15719 718 32646 25860 6726 7995 24669 12896 11217 8711 17656 987 26302 23386 29159 11410 12113 17857 16792 32521 10375 26764 3372 25268 917 14709 6019 25277 25488 16770 11929 6657 10606 2348 30486 8284 15405 4032 5664 23846 8530 20998 11636 25341 31125 9249 23989 14533 13787 25270 17155 13294 6244 16208 8144 18421 22086 11267 10735 28462 27930 10832 11758 4288 245 329 31910 2033 22170 7925 22288 12452 15853 10486 19547 7455 171 105 15931 22802
10585 15630 32643 24021 13946 25513 16630 7154 3589 23464 16474 15843 17686 26629 28111 2077 4068 10094 31583 31309 28147 24484 2774 5601 26251 6177 28116 28106 26984 18429 11296 25472 10163 6930 17471 13639 31025 4703 23110 16818 8635 938 18668 9317 2798 15465 18659 4126 17955 19427 8809 2551 27297 14483 7450 27109 9234 9421 8712 17541 1332 9892 17421 8728 29393 22282 8800 9931 15089 23609 22887 4157 11342 29522 30156 11323 16904 15684 7635 11470 14234 21232 25835 32119 6413 25739 32131 32185 9068 26691 15646 17624 2423 7205 9898 21217 28827 24382 28429 21226
14882 9728 12290 21147 27816 3560 15651 4845 20942 21598 20294 22066 7218 13533 31245 20310 10654 29267 8121 5732 13695 4043 22335 17995 3993 31817 30878 10211 11002 13813 17263 3627 6444 10364 21438 18389 17839 19124 22808 18948 1446 16255 17381 30804 20433 32241 23801 11803 12475 17589 31589 27886 20277 23724 19603 21607 5378 28376 25234 18214 20436 29049 31918 24854 24184 28789 15940 8945 15949 13565 18388 30471 3322 4206 26200 29499 21088 20085 19668 31822 9934 4727 3119 11872 2420 9264 15681 11955 31515 28570 4397 19123 12563 15376 15345 2099 29804 24243 27963 2810
361 27661 19327 29566 31537 11508 9542 6895 18376 23217 19657 20599 26686 26210 20926 31681 8486 20381 3442 18616 1866 20054 13592 16529 17565 21507 26208 29707 10609 10237 25164 6901 24042 9002 27200 19697 18355 20185 29528 14201 30703 27373 9213 29983 13683 7998 20411 27161 30514 23612 25933 18940 25336 11990 762 10952 9308 2970 9509 18725 12272 21789 8991 25068 18106 8605 28223 17641 19944 997 18229 1248 20159 23409 23963 26829 13013 28627 3533 624 4224 23381 12539 3593 7054 2272 13180 32609 3638 18716 25957 24585 7759 17113 14683 25318 21184 17070 26021 20718
19768 11743 7045 13100 23583 7300 18633 24074 26828 24296 6045 16847 5624 29232 8355 9319 8818 10301 838 10339 25621 1747 22603 17728 28408 8698 12968 5356 15588 30116 8858 6790 26891 657 28402 26213 21494 12912 30895 15197 17344 18247 31954 6461 21634 23060 10350 20636 19726 11445 13055 982 11232 21253 29436 14673 81 30536 8368 25349 25614 15817 15173 32571 10441 3009 17442 13972 3630 13691 17527 6990 5145 22454 20757 28099 15622 24651 132 2610 21705 2575 1871 25538 3967 20475 28323 12484 5316 7050 6424 11321 19238 12899 2511 4244 30682 10040 8637 12225
1710 20974 18246 19557 3647 4862 11278 6248 25708 26139 9484 31921 22282 2069 18656 3632 23769 13309 18534 21538 21175 15242 13707 17296 6420 32443 11359 5145 9638 1726 4716 20978 23902 18449 24647 20779 19098 20455 10596 26164 924 24781 22062 1951 21819 17037 17495 15655 1496 18770 16749 32754 17556 22542 5039 28691 6336 25113 1310 851 26006 12315 9431 4401 22054 27691 12959 24615 17810 14648 26816 6191 30590 22952 6164 16006 13507 10560 19039 7856 8291 28228 24289 17596 22722 17887 21804 27849 14611 12228 14900 3017 20240 32022 27557 21893 22766 9862 9593 25570
24464 19899 3529 25442 16635 28150 13027 26861 16138 32758 12190 21714 26210 5401 27114 26377 25001 11717 8107 26811 3315 20230 13768 3843 23933 7032 32126 31479 29086 29544 25595 31458 23802 24630 16424 28884 1273 20221 12998 605 8568 24182 19644 30101 13758 17434 28591 24415 5553 3207 7380 1775 19273 15141 9730 8842 28742 3337 29964 20877 20510 25370 23885 30641 26170 6002 11140 23949 3169 16903 26595 14941 28021 12426 32354 2817 4189 5519 16729 23113 3906 13039 31310 24175 20222 874 32011 4069 19153 10129 28916 7505 18518 6628 17560 24791 1974 28215 32646 14998
17436 8282 26210 29813 6249 13816 9528 4895 7208 14272 29711 14412 19652 17859 27074 31299 5880 19229 28939 21660 5256 5336 5089 5707 21039 20493 4356 28890 12760 13132 28630 3318 15633 22334 1644 18477 31676 649 9701 32758 8967 27892 24826 3570 12447 15820 8407 22897 17953 18822 31785 8760 22738 21157 1145 26754 2447 20959 32184 5700 14599 2427 13339 19893 11303 26621 25641 270 21718 32261 26898 14222 4835 2933 9538 9154 315 26578 22838 28419 9056 18925 23694 24128 1814 12994 28004 13310 11872 32672 2525 29596 21930 26506 2045 27100 27208 26590 24512 7839
17695 25652 23398 5104 32162 32137 8718 30276 26881 25757 20614 8704 6556 11161 5218 8764 29374 23285 32075 3271 9352 19865 30874 24427 9259 6210 11046 17010 29787 40 7513 21608 20992 17630 28042 25379 6446 16761 31878 13825 30295 10484 18544 19825 14271 25043 27084 15285 21297 17671 26326 31462 29681 17426 20760 25656 9457 14955 24891 11391 27463 28196 1310 2546 25823 970 5157 26415 16237 27021 7636 18304 7078 32160 1692 16477 12464 29667 26356 11314 17367 16064 24748 31330 18561 32594 24190 16523 15460 16589 29159 28940 5110 794 17205 23236 19237 22721 18400 22045
28233 7180 13085 17225 12119 32618 21681 15820 23383 32017 23043 10555 17432 27111 9590 31555 29218 12195 12277 26348 13036 29231 10448 19743 22351 9297 18374 5735 13883 20363 1379 23028 18345 4928 11660 30181 27600 7959 88 31943 12956 11429 21793 7256 14172 15430 29659 24977 25787 6475 6309 32228 13553 26971 21918 29123 16954 19219 18170 16481 15239 18416 19797 4284 4468 7535 16966 24539 28539 8562 23352 10324 21863 17894 11893 8978 25867 32675 3716 1365 14387 5267 12213 24570 21211 5399 19450 1021 1439 1190 14584 4156 21619 30136 9310 3198 13716 7394 27254 13747
15551 8002 15098 24446 1696 8221 40 3824 30861 20935 15384 12951 10356 3523 20558 7095 274 14380 25484 7383 30310 29267 23017 29055 24166 24746 4903 21313 16880 2017 25410 24566 14851 1358 31045 13642 11567 9874 10337 25979 330 9338 18240 10589 5477 1315 6551 29602 6142 26978 30715 18776 3448 18786 10741 947 6856 25743 9816 24333 26736 26803 11730 31531 12721 5215 29634 12482 21500 22669 18761 24633 29355 15747 32420 7601 750 3835 28345 24131 21512 4992 26863 2696 26555 21275 27971 6751 12032 12591 28313 7658 32508 23970 3919 22490 21040 24893 3096 19693
10736 18774 18696 27828 9238 13996 13547 14234 6391 21394 30427 1570 21910 30032 6674 21872 17944 27846 11260 15627 9336 19026 144 29153 32636 6388 4321 31372 11752 21680 10224 30931 497 8244 20933 11380 20724 32187 16574 4897 9064 3889 7462 18888 8466 8600 29449 4887 3447 1962 12871 10048 26775 1984 29928 12537 2008 24818 32687 7111 15169 11136 12530 6013 21224 6257 20905 29951 6318 21625 31940 16460 4649 4640 4290 15292 7906 32545 24447 8326 18113 10512 4173 18564 19653 5440 26695 9531 23032 4068 27874 10262 21667 30324 5317 32754 14270 339 31451 20447
32426 20654 18342 17189 31011 16551 17622 8838 7024 18611 20250 20163 7900 27200 6710 17506 1642 29340 31574 3245 23493 5138 11681 16382 14454 6742 17682 32058 28505 15907 17283 31388 27218 23586 1035 5044 4156 4878 28810 30895 18210 3350 13698 25304 26290 30850 26665 29279 12014 29594 21180 6489 5925 28611 23317 14345 2338 20460 14208 20062 23715 17960 26059 26300 9997 13468 6300 7680 13149 5532 3847 27838 13922 12049 2656 5580 4906 5406 22094 24069 17338 16387 5921 28999 14849 14657 21094 6334 19727 9215 26040 9829 1667 9388 24537 14793 25666 27622 28673 16913
25199 26778 24437 24891 24983 25965 18780 5288 15659 5467 1230 18139 9780 21406 29999 11902 5698 6866 13499 7845 28325 30550 19809 11351 6112 30965 29653 19787 13659 26566 30945 21487 16728 16464 25852 27822 9512 15090 29213 115 8607 25219 22481 8297 7109 32309 7564 24326 8654 21183 26428 14919 15437 32443 28708 31549 24484 30284 10216 11976 4543 25093 9700 7075 6146 25862 26306 22944 16767 3688 2124 28213 8557 31196 30590 4664 19925 25486 17632 1255 30351 13136 4883 4139 26733 17140 21417 8734 20662 25593 17978 8138 21718 26731 28083 21812 21075 13060 28658 9881
23299 4759 5008 26359 16765 27823 20478 30671 18893 31603 9172 5673 21100 8908 9573 30938 2415 8394 407 9218 510 7492 23794 5592 15880 23743 19190 12458 53 6801 20402 1567 31260 20039 8082 26560 10935 24643 4473 24758 275 4522 30479 31957 5964 7037 20317 218 6585 18693 1943 30705 11876 4469 15928 14971 28861 29899 15444 21005 21903 8183 6442 24252 2866 7231 15354 24984 10755 3554 12310 4214 18705 17915 32570 5875 19225 11177 1568 26805 30645 16493 30544 2292 13520 17363 54 27449 29789 14933 17526 20838 10824 23420 9092 19191 24237 11080 31855 14727
12361 17106 25597 32406 23342 3120 253 13961 6074 30105 729 9458 26057 24521 26219 13842 6186 19367 32017 14749 13392 2854 27140 15036 31306 31081 2533 6488 10486 32298 30873 18582 21105 24668 10583 22174 21713 11279 17663 8609 19223 12181 17070 24090 2655 21475 28303 21076 32602 21561 21236 27436 32766 6406 14245 3608 25980 14854 11127 19560 627 27565 19489 23500 18787 23496 16460 30743 14180 16738 6121 4674 22296 9188 1735 28852 28638 7553 11621 9408 13640 7377 25605 31088 2768 27068 15361 16257 12230 29082 11106 6830 26509 7832 5807 13362 29191 15966 11523 30344
26702 15343 19042 13941 20901 12496 21581 27976 1198 4460 17556 26721 10461 30903 22124 4592 27692 22290 2497 14079 16656 2159 28878 28339 14508 5557 31722 1742 19781 9574 14245 6521 12535 24447 12563 12353 29862 18591 29800 6239 6967 22636 22981 19516 27903 20274 5202 5684 8059 3790 14221 20634 9538 31435 9954 26365 14905 9162 9083 31914 6 16935 27737 23666 16071 17369 9380 5550 7683 29082 29759 27264 27104 28489 5792 29531 14487 7052 19423 7109 1062 4793 24588 23643 3141 22775 15558 22038 5274 28576 14601 13006 21296 23018 6984 28412 8998 21703 444 28868
20388 17929 9467 4147 2835 9930 10444 29893 26254 27915 28474 27690 23955 14491 8679 7753 18943 18235 26019 17030 21561 29695 27709 14912 13229 17911 22681 13470 21372 21007 10499 16268 12145 29748 7107 27136 32056 9144 16882 23426 30154 26360 13452 1259 21292 10812 8134 20077 22105 32222 6305 26323 27005 32687 28863 6154 12899 29590 31861 17633 10545 20346 32547 29709 1875 15970 12736 3184 8885 24283 6073 9883 2357 16539 5628 6033 28760 25955 79 6349 19771 18730 4327 12679 10445 13687 32310 17716 1084 25615 8964 27468 25005 13520 27841 29775 17712 31453 1050 16394
16883 9467 25546 18711 26550 17723 20915 2467 9342 15322 28205 7539 28302 2405 19870 17705 19091 3104 20555 11972 543 11433 11373 10087 7768 15833 24200 6747 31474 5099 29688 342 1370 5856 25548 10750 31796 21537 27096 29865 17160 21351 6150 28775 7736 13016 4589 30786 27446 20083 9893 13764 10483 30381 15577 11450 25755 31324 17693 13368 24191 2005 9858 221 31571 10577 22888 9304 21913 24726 9364 9771 861 9683 12419 6575 25635 19915 25853 21849 2846 6965 17645 12091 6562 32611 15471 25294 7644 20003 5419 1006 18881 26851 1250 8998 5700 9496 2630 1838
9932 29152 3087 8114 229 229 28235 5461 27701 30341 4597 6902 3763 25905 29386 25650 6419 6163 22360 25898 6020 28916 18264 16262 15006 23900 15421 186 11414 9979 16397 5511 18101 9031 28272 5829 15112 1639 3079 21345 1624 23888 10238 15266 15964 29486 31717 4528 4142 9733 32187 854 764 28312 22604 4359 21248 8074 15806 26143 30898 8131 18534 1644 12348 9237 24032 29933 5422 11295 18526 14297 9843 18034 31296 24035 18052 24563 12261 26813 3035 8833 25537 16603 30123 9943 18608 5753 22734 32179 16010 21471 6398 21560 29944 1252 585 14224 12422 22449
22207 15319 26105 6855 25710 2612 8162 23620 14224 6729 25203 3681 15618 6862 402 21824 26872 19832 7468 25061 13808 23072 14284 32386 4068 23841 7020 12279 32708 13570 139 4249 11043 21333 11135 18482 31793 5342 29709 17738 1513 25848 27447 7077 30859 12341 4949 11277 14925 27205 24167 31058 30797 11033 26282 20110 17355 10055 5481 6829 3989 1969 11286 9517 8642 25698 25497 35 19875 26296 5608 23423 2551 22216 9688 7568 14174 6142 6451 25803 11025 22788 6410 22216 20943 31461 19532 24717 32539 29555 16536 19471 15524 12006 21840 20214 11781 13509 23791 30369
23726 5130 26780 5482 34 23169 29183 5419 5732 7025 22355 21249 24747 18814 23996 26703 6237 26574 11739 1286 28731 22123 32416 16164 13785 15848 25184 31611 10066 24136 27176 21428 20793 17691 4944 7571 2259 12010 13139 30589 22147 6101 21982 32311 25733 16251 16678 4080 17887 9242 5247 16514 10645 14583 13611 25333 19997 23553 32111 19524 18706 20145 25068 13156 30509 13876 301 21123 10352 26316 20861 11662 23716 32372 24827 8693 9222 4803 23536 9138 30782 30226 19807 19336 8592 22497 19934 6792 31830 17527 5285 5850 12974 18377 7909 9658 15984 14237 24923 18113
18275 26863 14372 5222 12720 21652 2259 11716 28822 28445 19137 28062 29024 14334 27044 4768 12948 17392 13923 15591 23406 18067 23081 25796 26508 24408 32697 11965 15083 11678 9985 16597 12818 28699 22257 32014 653 13182 8589 17707 32669 21586 11841 11194 5934 22566 15989 13906 6921 25067 24674 5402 10827 17821 17444 29578 20246 32550 26384 18038 9350 4223 2375 15176 6375 2840 8587 11405 8229 18554 17234 16307 27267 5675 11033 4112 29584 22737 25851 2855 32088 27291 16770 25127 19415 14557 3261 13493 13491 25850 15251 22763 22314 27783 854 25761 4168 7341 3996 23531
32606 21711 19018 10466 11953 23661 27121 16552 13423 20553 14942 6566 24551 27336 21356 22296 18168 11162 12829 19916 18378 8861 26601 17958 21181 25087 21590 8040 4255 23460 7369 14384 14626 11719 22172 16451 11661 8931 6000 22408 11185 26836 24517 7768 11551 17209 5064 6901 18072 15646 30315 6231 7109 7640 23227 25135 15144 9519 32623 550 30291 21187 18620 25189 2648 15528 19569 31067 11392 14676 25663 25274 20288 24763 14936 2499 13160 10424 1085 18628 6558 8367 24528 8671 10251 4209 1713 29964 22612 32351 19399 22369 460 24787 5917 28562 21480 32443 21488 31668
21747 17287 1286 25670 14594 2630 29505 113 9515 9227 10867 28559 13042 7574 14452 11243 18436 2096 25202 15047 5672 18903 17545 7588 22386 14491 3987 26813 6841 1352 22850 8917 13388 14661 12908 21042 9953 19388 30629 23274 6350 4603 4115 4701 10620 3867 3710 11267 15128 26335 26791 25448 1163 30686 14555 1908 32685 24805 15815 19184 1973 30103 3214 32326 15349 26198 10521 5768 31428 8039 30895 9652 2235 9040 17093 10295 14372 25733 13335 19375 9391 25156 6135 4853 22375 3262 15333 31579 26341 13431 12641 1842 26563 2287 25085 20880 16724 27266 10678 3920
14994 5005 27524 8537 21336 23762 21552 7204 15826 8478 16230 26744 3121 1065 29451 24952 26275 8381 9424 5088 23938 25114 32264 652 11211 3226 4535 5178 32211 14737 30955 3728 4149 19063 2383 16993 15119 5961 23037 19756 15726 23596 2708 5093 23814 10836 138 23288 11815 24612 3780 8076 6124 27798 15204 5636 26806 25054 6115 29132 3800 6986 24415 23122 18836 31341 20278 12626 26183 32636 28115 3671 24032 16632 13256 4991 26262 1677 19229 32638 19931 2875 22760 8421 11915 10931 1310 3749 22378 32260 13481 18894 30157 11126 10683 11421 22679 28086 32353 19126
24423 5684 11611 9902 27152 3786 7467 24780 23626 7838 24940 17169 2471 30281 9829 20085 7624 18233 31454 11636 21712 27219 27698 12233 6169 23005 10406 13178 21286 668 7161 7956 5337 12345 14909 20792 20710 6378 27877 10582 21896 19534 22046 3513 18803 2456 24163 4804 17929 16623 16459 10107 25040 17429 1702 27461 16164 27207 12489 4335 29481 11109 28966 29429 22788 30291 14880 15613 9547 18079 3357 20133 19897 15716 16348 15230 6439 16750 11273 3160 27575 27294 32014 9665 9043 15504 4141 30664 6230 29820 6859 23303 5768 28250 2831 16096 25168 25930 22188 3334
7717 4914 11259 26175 9286 29609 14669 7273 10411 11796 32383 3515 14139 27406 23759 17742 25151 6414 22765 1244 13591 25667 17238 7111 16171 26051 15069 12125 19237 19941 15754 22618 5726 3563 15272 14766 7317 17637 24858 29825 19431 29650 2286 7541 13563 15623 3893 5931 2942 13013 29969 30216 2767 31078 2831 20793 4859 16360 5559 9460 4587 21741 8290 10753 3292 23058 29260 18042 24080 23263 23018 31695 31427 19183 17022 30220 21857 12113 18408 8287 12278 30509 15551 25301 29414 18347 22176 28004 23518 16144 29894 13358 6410 29483 13531 260 9353 12015 18958 15913
29726 13153 19046 24153 20776 32693 26198 1546 27860 25779 16017 23026 1169 26464 19487 5833 10948 14043 3761 22096 1981 14725 30002 9618 9962 30052 13470 20586 9291 22474 279 1605 20006 8241 23862 15401 3836 29290 29599 28663 13243 21495 11992 12525 25141 6325 859 4462 21457 702 8169 26118 10369 6541 30754 30121 26100 31843 23891 32571 30476 13290 6543 14422 16274 18200 16641 10567 6185 5975 11648 2649 18048 18403 22628 1623 17868 13427 1688 1612 29558 15131 31473 27277 29712 23921 8894 21753 25742 31983 28833 26752 11187 13976 22941 8674 32713 8670 10351 11705
29845 30404 6946 24506 9610 24384 32478 12088 20541 30691 15873 23785 29465 17339 5232 9709 17492 6009 24112 10252 5409 16335 13360 23360 29992 26396 19305 17523 10803 32331 18985 17801 20522 11512 1964 11937 13633 3285 27117 29848 18032 13389 21947 12495 8228 21607 25871 20015 5940 28140 22429 1898 19990 25036 29097 6787 10835 24766 15644 21904 15928 32295 24791 24767 31438 27197 583 27031 15885 5996 25914 4992 4429 20217 15857 20870 11261 30949 26998 3418 3735 6932 48 16281 18899 21422 30388 23889 17948 21190 16606 16066 8000 5945 11041 25441 26731 29401 24091 14115
27734 6603 16492 15607 15804 16686 10953 17044 11278 4349 8780 374 28775 27959 3342 20771 9922 23101 5368 20147 26475 123 11478 7567 5299 4938 27565 9593 12520 7957 12879 29133 20612 699 20268 5638 31909 6197 5227 15235 6589 20601 5178 15500 9867 18078 30562 28816 26442 3648 8734 3504 20776 16678 6957 17282 18937 4130 26918 29454 4141 23353 23052 10269 24319 5380 26914 14260 8944 30038 14080 10203 21108 16160 18407 17570 16107 7569 31826 1638 29138 23681 30669 11601 27195 15 27146 13856 20090 32649 28210 3113 26146 10125 29817 7324 28720 26478 27125 12041
10629 3545 4784 10018 6042 14521 18940 5059 27503 31831 7430 12079 4292 1478 29614 13469 15756 15486 15254 12019 5535 10055 18809 9425 13999 6233 25791 17873 16509 25793 12622 32013 11596 11014 27554 3298 3734 27917 11040 6132 511 314 7847 15218 29319 7896 30569 7836 31235 2491 30201 7042 30414 8483 19876 25870 10684 21988 20997 20036 28751 19396 8916 5833 28462 10789 18943 24738 16594 24548 32764 13119 31875 24192 2653 12216 10627 4223 26789 23126 29321 3853 17242 7509 11632 23271 20827 26856 2865 7287 10100 5246 1039 12096 9776 25924 21521 31869 31214 24043
7093 26885 24887 15275 30947 23154 11599 17544 11296 6018 12554 19156 7684 1982 4577 2549 22766 5721 12101 16488 19190 15450 5172 11014 25635 30206 9993 17798 25823 10071 2968 29764 28839 13370 27514 31552 14599 20312 6310 26218 21702 17579 15937 18205 5982 17172 5048 27369 31918 26946 17931 28565 31987 6613 2924 22628 23797 23235 5384 2200 20094 17403 21285 18229 29968 16713 16237 12295 8919 11130 8585 13798 25053 31936 498 6713 7549 9304 16132 32185 26 15721 30805 28280 22801 11568 17476 5921 7915 27738 25557 29569 25048 32689 26812 11846 16985 25595 439 3079
16444 28959 24865 1925 30157 30858 29125 817 4939 8913 19952 13294 11929 20632 11466 10519 15158 690 14821 5572 15983 3466 2839 16201 5075 7105 10373 13568 21992 17432 23297 13641 16156 13969 13462 25550 5886 17617 1888 13580 32686 18889 16033 13071 14226 13461 19986 32636 9035 15012 11127 14037 13288 29978 1654 6393 32089 28018 12969 6890 4390 23912 30706 17875 29025 9750 15631 1866 12249 16989 16494 22226 3472 14470 21314 21668 11887 20265 19158 17839 13625 2382 7201 4317 23486 11731 21916 8600 23377 24078 27472 21389 14715 32690 2355 19375 19697 32247 24500 25215
3780 9717 7829 907 3032 8785 4601 9781 2711 23068 5566 17334 14566 14072 21260 28259 30296 5757 31790 28206 3746 27355 31393 1647 30800 20160 17259 18661 27574 4220 17838 6647 26152 30819 10109 19008 28014 20082 17646 26955 10098 25398 9585 13723 6716 8170 23392 19951 10272 25056 471 1988 7222 9506 19653 3866 23307 16984 24387 13179 2966 17388 23589 1594 19566 5741 25807 11769 18746 6193 31307 4973 17512 19519 29848 19302 26914 13419 1092 25097 31101 5827 29245 27488 11508 12842 4580 32022 21270 9795 6499 30075 3707 4753 21568 13262 15356 12508 25651 9660
23075 28374 1077 20004 1249 19198 474 10525 22911 30917 24800 4410 22231 4079 23816 2573 3524 19261 15908 5097 13783 6729 12914 27884 31308 2737 9000 25405 4924 19575 14160 7315 32532 21928 30934 30455 28741 26940 20448 26314 17213 1342 18525 30217 4247 31789 21985 18640 12174 15777 2480 19229 15544 4657 28441 27607 30961 20117 517 2319 5268 16904 29647 29061 15090 25584 12886 8046 29180 1217 25937 4212 8771 1567 21987 24319 23331 24131 29808 179 10042 27295 28846 20026 1311 21957 6143 14403 22609 5253 28158 19914 26222 15957 13143 30618 13478 17655 20189 3345
22894 20309 19670 9764 5753 15280 26777 20130 20196 3321 21596 32445 11697 18303 13127 31942 4214 203 31181 3128 2646 9928 10299 3576 4913 16936 5009 30171 14104 14338 12434 14697 23044 20160 5399 7137 25543 31288 9128 31613 26690 13081 5453 1014 8153 23945 21922 27211 17444 780 25898 5567 9447 25512 13797 23072 2373 8775 13861 10063 12592 4188 32157 20989 2852 23753 20667 22963 29205 10753 28216 20501 1958 20329 23277 17767 32411 18949 8168 24144 27025 8272 11967 30430 25068 15723 24612 30411 6930 1914 16570 15103 13783 13644 8231 14421 26679 10042 5739 15266
19787 18257 29552 27380 29046 13491 19681 27671 28384 15930 7744 21598 11813 28767 12083 17823 8014 14938 13343 23680 32512 28299 23800 21489 31731 8729 18008 506 20646 12249 206 4535 9553 25201 8824 7841 19996 2493 5844 5390 14734 32625 8403 31740 9032 24320 17199 3082 24307 29885 767 14279 20343 10304 14473 2351 24173 26124 25175 30835 2008 19567 11917 8185 19983 8105 11897 29092 10750 18768 26732 20821 19342 26354 15304 14514 15970 11261 19291 18470 18116 6876 25067 26920 2783 22883 1298 26049 23598 9325 10829 6472 13620 9923 16975 7793 16238 14144 3739 7814
30086 16947 30033 9715 13769 25093 18248 8712 22747 27420 11358 27643 8361 28414 10764 1324 5024 31418 30782 26797 6173 5252 6241 5634 25636 15519 25277 14629 5460 30080 32261 5070 1306 5936 29996 3056 11558 29170 24443 903 12315 1062 20193 23953 23179 18285 30858 21594 12322 22798 19378 1277 22817 408 27324 21544 1038 24521 14974 4127 4010 15023 31712 29700 4388 16141 9125 28757 2700 11264 25736 23734 25994 13026 8075 30449 1616 3695 11916 21307 2765 5414 15641 8633 2596 19186 9093 27970 26716 13834 30779 14183 4697 31510 19283 5552 13835 1171 16483 13353
19173 14712 31384 24861 32401 1818 3845 1570 23010 16973 28986 12885 12810 9164 3609 6631 14861 25563 2277 11993 18549 14634 20124 14083 9544 16125 29575 859 29751 1674 3855 11380 3864 22434 2514 30789 25750 25748 4598 19756 12071 30031 10685 22067 6207 19910 1114 15505 7108 21401 9476 6772 16321 14065 29768 2813 29790 8875 16291 31628 12304 14266 22352 8767 7181 22470 15967 15797 25859 793 8455 536 1033 19900 1341 22362 5078 12253 27013 19646 1584 13684 17929 26011 19880 20775 9192 9053 20357 22122 16080 28876 12798 24298 25807 21137 23212 7980 2150 245
12606 28273 14560 20205 31343 1502 29921 596 24373 15065 2882 375 29755 14518 32284 31190 21906 32147 7203 25641 10916 7808 17462 2466 9833 5860 1844 28274 22493 10012 7184 17806 24241 1636 23080 20915 22592 27643 11730 22439 6342 13186 15160 1475 1228 8357 9063 29870 7911 1534 8098 9579 7586 21302 26364 8342 7609 20078 4646 6890 17544 31965 29061 17159 26306 32442 2439 7282 1894 25180 10552 3038 17135 12960 20240 30890 31436 17547 20495 10154 21775 2096 29965 13098 25705 24788 587 17456 3158 18513 23885 28930 30101 16824 17644 25832 9947 24378 20391 13619
5576 24393 9274 1918 17434 9466 8306 27956 15649 4014 25151 6227 1907 30193 26379 19823 24288 18338 13642 14073 19112 6997 17490 32193 25580 10997 5741 19130 24675 942 14637 5629 13646 27913 8192 26385 26286 19289 3332 27242 22196 343 31773 47 10617 5385 17476 10305 4335 7144 25378 28536 5400 12865 9949 16944 11381 476 10802 18436 14530 7132 22212 11481 15328 10726 25011 31519 22803 14981 30321 27475 30317 11469 977 19656 4746 32575 24417 27560 8830 1517 13050 6197 3084 19423 26773 13141 4121 9140 2144 25678 14687 11148 15634 23502 9062 18470 29307 18478
11696 23366 16991 24311 28468 14682 9092 8102 32271 8796 3850 13228 24437 16890 4091 4025 13293 31477 28963 14906 29630 455 32034 23329 20388 2696 1215 30948 2504 3602 8063 1736 23279 27236 23159 10335 14322 25156 18782 20047 2926 16425 11750 4182 14268 8279 10572 26763 29988 9804 11310 13287 24653 8539 6302 7171 19704 25751 19060 20003 12526 22002 31208 9076 15159 30886 11360 7826 27533 30420 10118 25165 15889 28267 6814 1453 16188 1356 29207 26932 7191 2220 2399 29026 687 7097 12028 19071 26307 14720 11993 6548 32449 3598 22237 16059 3313 27349 10690 3224
18671 23122 13349 6440 32094 5869 14297 3001 11739 26913 8577 3130 22832 12508 31838 14261 11210 7721 22629 15898 13934 23820 22165 3390 32039 14509 20359 11555 29315 31161 18503 12666 13054 1030 10594 25702 5311 30582 27712 3715 24450 22557 12980 39 16598 422 31954 16360 20616 27122 28929 606 14687 30467 27217 20266 23049 27673 16654 30518 29270 12826 405 16447 12452 32567 1382 27025 13211 8653 8827 28178 21530 29321 25816 10114 19312 12752 1636 14081 2512 21598 6391 22226 20735 813 5812 31070 26448 21144 19609 22908 30418 29888 21332 24559 27848 27439 2648 560
27993 31675 18737 32367 12169 27821 15124 6356 21864 19491 6331 15882 5257 18099 13424 12030 17078 20817 3175 6628 6882 10867 22352 17532 20063 30323 16173 11155 13906 31540 15969 15308 14691 16136 21258 1952 14777 3793 31889 7844 7973 12135 14208 27146 20893 15930 27539 12907 14317 1337 17 12996 3753 17906 2652 23742 11110 16378 19143 12850 41 30351 27561 22508 29472 31100 14000 17839 24208 13629 13431 14202 19727 3684 27226 17418 17907 19515 10889 15520 15882 5803 10843 14852 140 2908 21221 31434 9293 11806 32716 30420 24887 14472 8279 19480 23032 3294 28360 26787
11768 20536 12781 5598 26510 28641 15602 18705 6771 5630 8569 23845 18039 20848 18412 6574 21106 29947 25106 11049 13182 29095 27617 28801 5219 12390 11924 16857 4435 12024 31229 5253 23512 25612 2075 8281 23306 11944 16111 27175 7173 21706 17548 22403 9882 21840 6510 12233 2629 4373 11532 11874 14175 3933 8368 2626 30869 24947 11399 5813 8345 27024 23284 24924 16407 2303 3626 29042 30699 31103 1018 3156 15249 21993 19433 9025 6109 5650 25478 20062 20972 499 27899 30973 29274 24583 13281 8990 4277 25333 29785 23606 29490 6767 6232 23344 22175 27482 24386 22450
29337 21295 9147 2209 3583 31393 13242 27623 14247 23424 28382 15220 30543 32221 7942 13186 2774 4207 16156 3614 940 24629 9265 22500 22663 29533 15567 522 16215 19301 23178 21920 25469 4736 14809 11285 19511 14395 15396 4350 1887 16736 2078 12563 27734 20250 1109 14970 2875 8539 24584 4681 7264 6267 7736 838 1022 31266 22273 18929 15911 32103 9003 8644 18173 25145 26109 14265 21282 6142 26961 9741 27759 14203 32750 23875 18153 21492 8721 7789 25072 26516 14413 27303 18874 24335 2197 3044 3328 2181 31128 6893 15095 27050 8269 9894 32130 16676 19406 24723
9126 14132 873 29340 12350 409 10996 25101 16624 32433 16738 9185 24927 3042 28052 17984 7842 6968 19825 21318 28406 19535 15161 20742 16815 3188 32022 719 19317 519 4853 20398 25260 18211 5779 29235 52 14210 25051 21880 14419 21914 28527 17248 16367 2828 10629 18461 20993 18495 6900 28405 2374 18248 13966 15429 568 30222 10417 2246 22844 19371 26393 8719 22813 3349 29432 21595 28089 17661 329 16781 12026 29431 32097 10609 6152 13788 6599 1861 16061 30060 25413 10360 8026 20280 2623 8369 20600 19136 22084 16147 13121 6360 30691 26816 29663 25168 11456 31899
28213 27091 27111 9299 19149 1296 95 13981 26642 12568 28675 3776 25536 17927 23693 32087 22680 3559 22772 13906 9304 17105 31992 24639 18922 14421 30970 10440 17372 13341 7186 636 23312 14796 92 28626 21941 20012 20882 32618 4725 30089 25056 23959 25584 29016 243 7963 16490 285 18772 10545 6592 10891 22516 23249 29089 19692 8712 23343 32250 963 23830 12677 29106 7344 11600 2578 15768 9365 3618 19554 23962 20471 10503 26321 1591 17063 3744 29515 17975 31393 1543 6485 28825 25140 26209 20817 25293 19811 11954 27901 31523 26252 20470 2366 21380 20039 23917 19740
5216 29329 5942 6669 29671 24874 799 4470 13692 6459 1980 4975 15718 8252 15798 6855 3273 24085 27494 6727 14805 1155 24226 16187 14398 1470 6359 15663 1516 24153 344 1783 4083 13929 4598 6386 25541 7657 12753 14479 167 26717 12910 19727 23905 27574 8969 13709 30266 9846 28204 16444 30499 4372 30080 9969 22067 7842 8164 13537 29267 12461 3516 31147 2619 613 26507 11673 8093 20221 31429 11042 6815 14165 6366 8628 16783 10967 27815 26033 22738 22431 14810 440 32542 26078 15091 27941 6634 640 4418 3035 26146 32012 31551 23361 286 31948 17693 28810
32213 4399 10146 11322 23118 8555 2357 18149 26968 32614 21817 6970 1147 8663 23961 20801 6702 18856 31396 20193 27722 5792 23836 4517 4799 20286 18057 21952 5766 24552 7123 11854 14551 21829 1552 29404 15003 21991 5531 9771 14372 24365 7014 14897 27932 18791 11409 21857 29883 22332 1083 32044 23101 21577 14232 18888 3476 1803 28739 1840 4186 31231 8406 26476 28425 24583 26553 10770 23150 6160 5175 23821 30043 5106 471 6813 10909 9879 15849 26783 7981 32096 11103 7439 5291 18628 6366 27595 20487 22587 32021 409 22658 11610 19790 20588 8917 19007 8770 28899
31919 16175 7986 15635 19557 15230 20275 2182 30949 9647 27850 6531 3565 32477 18360 18320 28794 5466 15639 25398 14210 19093 30118 19204 31973 28737 24162 20951 15010 179 3926 23128 2118 13964 5299 19397 19627 18329 20003 17397 14302 18167 22619 10902 6497 29307 13551 2490 26259 28496 9323 20370 1388 14818 26271 23928 12141 19707 21818 2099 215 17452 3227 28023 2076 32111 5859 17068 27027 32266 19791 240 27503 7863 25541 4703 32242 17153 21164 25746 5086 8177 4865 1125 24365 21994 24743 9982 17921 25042 30463 17419 9182 10610 31673 9546 11031 10016 3050 3919
31366 30875 8030 26498 15232 21814 13871 31591 23560 12089 1174 19746 14659 1156 4354 2362 20013 8821 30823 2461 14985 24844 19673 2532 13854 6477 16985 28889 17440 23270 7663 21302 15085 9490 6905 5040 29690 9917 15042 17460 14348 18921 12886 11377 15275 3664 27285 6550 16339 30539 18055 23389 10990 4338 9199 4680 11775 20613 18979 13098 18976 21515 15130 25578 18990 17720 6855 5508 1219 25492 8357 32592 31332 31194 18324 24455 9212 17054 12259 9475 1417 51 26542 26182 22806 19404 3434 18878 26089 24545 190 17224 22525 25045 5524 19186 11187 28373 32113 28933
452 28675 23297 29507 28538 31188 13303 14189 7968 15030 13588 20232 21687 15607 31876 26721 10986 32738 24177 20687 7236 11307 22483 27704 11425 26509 9093 17878 18146 2993 9630 7739 8933 17490 8446 6803 18357 22687 27431 31018 32253 9184 4687 28462 18115 349 10675 5045 10834 12155 12333 31745 29560 28201 17673 27907 10994 23674 7957 17951 26405 22931 31223 2351 17423 27848 28099 9162 6012 30978 25805 24006 13693 16228 9148 4347 22806 29998 6112 3658 1335 28897 24518 21471 29165 12964 16905 30898 23002 19430 1642 29012 15331 27205 25891 4584 25896 2478 121 29039
22329 4550 7313 4682 24199 25225 2436 29689 27928 5169 29621 29225 3455 28250 3683 5358 524 23139 19578 13901 25664 21783 7087 8445 22659 9101 21963 3182 10777 20300 23623 6667 25427 11699 4634 14269 13826 30361 10191 2992 18481 11824 28122 19801 14612 26159 8492 12216 29243 6704 26117 16602 6411 11094 25866 25251 13423 16180 16023 16586 23243 1514 18518 26661 31794 11153 18705 25383 7384 30938 9924 32679 5066 26353 15095 8674 8668 10920 16714 18628 29923 31441 5202 10083 27429 5611 11427 30669 11022 19202 5678 27395 25381 2512 20430 23109 17982 15912 18717 7568
6128 31381 29324 11110 23881 13886 5043 26061 1473 8716 23525 14490 8301 22799 24840 27887 29045 28702 163 22019 31688 10430 22329 15137 21262 19270 16854 8948 18911 27712 7655 25601 20530 8465 15182 7797 5656 26589 13494 801 18090 18085 8740 3011 28479 26034 22991 2183 26339 10551 13106 9933 18949 3634 95 21805 24176 20115 12694 10424 29565 4256 22294 10113 4742 9624 30003 7261 5021 7062 24233 22502 27262 9913 2352 710 16323 9602 4177 25906 10839 17533 23159 18356 7469 1316 5193 20782 23858 11264 30263 1564 4992 23057 2131 19737 20436 21872 22627 7333
3906 17715 22068 13861 6951 25745 18993 4651 21600 28999 6707 25080 16057 22841 20635 19007 24744 27485 6559 15148 19260 4053 10977 2469 24144 19291 18758 11728 7428 4578 24837 19157 9838 11386 25598 25573 9868 13941 25166 25211 21373 30152 4384 20961 19185 4788 13253 29687 25567 29349 6920 4912 18550 14938 11963 13789 27733 15174 13718 5806 13054 20534 20290 1653 23176 27957 21680 6958 32405 26284 4783 20541 18308 13262 4798 31734 6632 12339 26142 15970 23096 8387 10028 19776 6344 32726 9454 16715 14839 21658 27884 18619 28330 6580 10049 25358 4346 30506 30961 2568
14634 21376 24701 27641 7900 33 16565 6974 6788 1281 3534 22282 23324 20353 20660 20839 9242 18579 29857 5751 10143 5662 4847 30976 20721 2980 12587 10279 4907 3618 9578 21116 4147 28471 5344 31287 11245 905 16558 24257 24494 30821 5372 8055 25076 11429 11848 31658 30292 4311 18685 21482 31155 21147 20296 20612 32441 22349 31015 20809 3715 18916 12995 2705 24984 16410 15615 29568 9503 15054 15441 27016 8271 1446 10705 11567 20006 14840 23183 7187 16222 26859 4394 19499 22685 12505 19870 27727 16620 16888 20318 3579 5226 5690 32163 15440 12097 24689 10755 1115
9434 30391 24901 21146 14157 15373 15988 18876 25372 19778 29746 30377 21280 29975 79 1474 20675 11168 15770 23914 1136 9453 18423 16837 6728 13034 26290 26047 7959 32388 28947 3409 10630 23565 24883 9472 9106 16098 2317 29350 18492 4171 7640 17268 10626 28066 3477 15160 21135 4536 21220 10460 23087 28020 15131 1071 31109 13245 21145 30953 31488 23706 27480 8937 5515 25496 29122 24512 2052 17773 966 22899 2288 218 32298 11901 24173 7894 29731 23316 12903 1512 17699 18349 30479 7381 17650 8386 28553 123 10752 23507 12517 20733 13818 3499 12113 23072 19611 30180
11149 6901 27845 25517 5279 28857 16336 22475 12743 26873 13090 2014 10421 32505 20479 9958 13306 18519 17827 5893 7613 21740 22926 26759 21167 17907 12832 18975 8513 24685 12133 20083 30996 7876 17970 10971 16048 1454 4465 21350 1914 16468 3513 6175 20960 18356 13090 10126 3543 6467 24919 6785 2439 16599 20972 27916 5700 14789 1266 2254 31169 27462 23497 17526 32640 17440 22070 31878 16013 14722 9653 10583 26476 11567 2833 5725 11856 32478 12849 7853 9614 19681 53 4796 7248 10246 1986 11114 21902 16059 6041 11839 11066 17269 5999 9972 29115 4690 9977 23093
12189 23037 13126 21925 32135 19410 30289 16675 8813 5954 5335 21836 16390 13433 20070 6976 9089 16959 29623 22953 3700 31516 5949 21242 3093 1472 11262 14581 9900 9377 1698 31088 4424 2278 29897 18520 6577 19588 24226 2806 30367 22439 9914 2161 17961 13651 15377 917 20608 6987 4723 8658 25309 10546 29957 17288 22200 8944 26399 12674 6459 10839 1881 17344 18166 15367 10473 25977 12244 29582 5932 6752 22350 23252 14210 26919 17630 18615 32095 20289 14519 4850 25759 8685 6323 5955 26138 112 10637 24525 6777 15265 26704 26299 32584 22187 6159 15654 4684 1295
22487 6456 14102 18920 21730 3986 6872 7283 27917 31724 2680 13774 21900 23803 28387 27648 6621 10136 25508 15930 1786 21790 7093 30301 22227 12564 2196 955 12283 10764 30618 29474 19874 10698 6537 10263 25539 14505 10340 15199 5022 28731 8067 8900 1129 304 14822 1557 29763 20601 10954 25967 21865 28589 17530 29883 19372 29867 360 20600 7715 29825 9084 28603 28957 9612 23980 30579 23641 27873 15309 21234 12666 23276 15528 13737 1717 23383 21073 27187 22989 7213 15540 4758 24385 28736 29297 15813 20932 12488 3050 30313 21997 25164 25753 12000 17968 8390 26280 11910
31501 5890 13499 25652 25479 1351 9745 16903 472 6969 18635 1635 8291 10494 24203 5687 21226 27552 1857 19586 6145 30898 3650 25366 11970 3383 3483 22684 29891 17343 23460 30680 24645 30163 30424 25646 27310 19603 25571 20325 32570 17566 12797 15532 16877 10546 6519 29914 17100 19093 26771 4090 29004 29619 12953 14343 25611 25352 29991 2292 18622 19136 10185 12783 4202 7197 27081 15335 11224 8730 16969 6476 27715 12110 9870 25366 23635 25362 15007 26376 9551 18918 15 27446 21646 23825 26391 19141 5422 9608 30184 20466 12809 1553 31294 28501 29669 28840 31033 18535
12267 2850 20841 3907 6747 1808 17191 17321 12669 12518 21292 22856 21723 31325 15196 13629 23725 1045 24035 9431 17813 27263 28291 12701 17548 23034 17964 30354 22300 11836 5326 23223 9169 8436 25963 21714 16106 19373 10352 7278 10067 246 14405 27683 4056 16576 3107 14615 18579 19463 3366 965 23718 7093 16803 9725 14384 16067 17083 16940 27257 25505 12336 14302 22640 4312 5752 16769 29528 20718 31504 8044 18366 21897 787 29728 30894 21976 26635 13773 31526 11311 12039 22808 9675 30449 21998 6427 26843 16563 27410 173 16995 29598 17160 6372 17074 7189 16568 24793
13581 16024 25520 29355 16548 17641 4286 31175 5573 18029 18621 24166 31568 12244 16815 19031 20587 3581 5644 27390 22134 19 32346 5277 22338 5373 18686 10962 31613 6133 1106 29281 25969 4214 3831 12340 25583 31068 621 14752 20869 29511 11232 23018 29687 30272 1861 12554 28653 18079 28838 28590 9450 12587 32698 5250 1405 21124 16825 3759 16315 28094 17774 27041 18924 5711 11662 26126 10117 12587 15688 9268 31319 4397 4893 17250 13317 12985 1522 6841 31675 23200 22628 28468 7197 7235 13915 19174 3454 2812 12514 22915 28755 6841 11318 28194 3047 29674 29724 5697
9552 16030 27256 24074 17057 10472 1052 10709 11873 11400 2014 18669 20284 22471 17389 9623 10233 7587 11621 13904 5036 28972 7712 5207 4653 12334 9424 23403 14536 8464 6986 14038 6966 2044 30501 16298 16588 5953 2180 4171 31219 16117 6960 12589 10712 8158 11754 17119 22629 9619 13311 2377 8303 3038 5404 15410 20017 21349 24420 16645 16889 27017 24512 12756 27425 1935 5238 21917 28481 3325 11774 28108 20899 22855 4625 32002 12023 26795 5378 27413 24904 14426 23889 10840 8239 13784 9598 16924 28999 15781 20507 25206 31968 27933 549 25923 6904 19357 14228 24682
11367 3815 1585 11617 5209 32456 680 2547 26113 15352 31710 13888 6796 28225 132 13317 25428 7651 25325 2845 27735 15416 12060 14152 8935 8084 18210 9004 21667 30319 6567 21657 15013 30150 9926 11793 17661 18110 18206 27016 14942 30603 26917 12392 24 29584 14528 29912 7750 18119 25873 28734 21577 12388 30864 27394 20853 18613 30558 12694 26121 15949 14294 23219 16485 28257 10596 17125 2679 23666 32154 24905 31607 19756 26496 22933 12756 2191 25900 28506 26990 1868 18323 16006 25093 3954 27807 23853 2545 1097 24450 19081 16660 28030 21321 20287 18446 31105 11188 13027
12207 32556 2117 27327 23730 17061 1431 9680 29608 389 10481 23058 16690 2618 10779 14078 29299 25258 3952 8528 12741 16920 20533 7181 31659 25164 28969 17093 16392 27630 20317 14613 9102 564 3398 13169 30072 12733 22033 32032 11644 18108 27446 8072 1531 20056 12368 3756 1660 18259 10540 32499 4696 17898 7712 18475 20406 3837 23198 31181 31418 28272 14856 1155 30970 19665 30406 7399 16690 18491 28567 15246 27448 21626 22308 24133 31794 9839 475 28314 17158 28342 17914 29087 22802 10119 8682 25834 6942 31194 7375 27872 11918 32207 5469 14388 26332 23116 29421 15530
8006 2024 27856 12577 23748 15112 23523 26832 19517 14663 19043 29648 28922 7708 13827 10458 5979 21175 14396 31827 24521 15659 2277 18565 30187 27346 3843 27440 18461 14829 29666 23617 21278 18060 27749 8673 22024 7854 11418 17841 646 424 14737 12116 32065 11979 3439 2095 17051 1857 16830 3180 17312 1848 13319 27973 20281 23107 22691 10367 7075 3836 12238 31028 1056 11759 4349 17878 20205 14259 16498 12145 3955 20058 781 9776 30913 3596 9317 10019 13370 22766 8983 1855 4235 6728 30558 28583 7393 17640 10212 28458 1112 4289 8408 17676 15798 15320 321 18697
25433 21089 21138 5271 18286 16932 24190 20844 6244 15654 5901 20800 10656 12166 17648 21204 13427 19621 28690 6195 9545 30601 13935 12855 18723 2692 1321 9552 28487 16912 26584 19329 21301 20222 25122 6059 25310 21456 1933 7694 13585 20835 17808 1549 17462 18129 5104 18737 16702 2197 32586 25457 4826 4848 16875 22705 21739 23436 24296 13192 27706 26208 29548 24902 618 8659 12876 3894 32299 20004 15841 27936 19376 29705 21526 30994 2402 11926 192 14432 27862 19553 18990 490 29692 3044 3073 15773 13978 30498 29758 15677 27641 8846 22178 4705 30943 21288 18998 1471
6588 20457 17699 5033 32040 25185 10950 4568 25229 19103 7 25193 4385 10833 14823 22565 15128 11052 23129 12293 8471 25742 20307 17397 2539 17506 18468 23257 25211 32581 29960 14798 6651 19430 25850 23218 3683 28083 30153 27622 7456 21170 2670 32082 11273 18604 31645 32426 16020 3473 30362 29424 27466 16152 15950 32059 17784 28070 666 10934 3880 22129 16875 7659 18255 2277 26895 32578 26696 31559 9543 22212 27265 21144 7325 13093 24437 25020 119 16898 14554 9179 11885 15719 4123 13832 21336 21140 520 5152 17579 26113 29389 7413 1031 22687 20000 8620 8457 12897
6079 1124 28007 22011 24602 10777 14139 8682 29004 17351 32158 8884 18512 13010 21369 14961 11890 3237 25752 24970 1795 409 20736 25793 9553 11033 21123 17521 16087 1285 24721 6423 19888 5715 18001 8466 30546 3324 24304 23463 19320 20758 27706 21832 28512 21309 15207 2326 2359 6712 3127 31652 32722 21466 28225 29438 25246 27941 2183 28650 3546 30134 32591 19565 24323 21085 27694 9105 3472 779 7270 26214 31712 32753 2418 16967 5233 29158 16350 15454 1874 18953 10332 9835 31707 31912 26389 20672 2715 25441 17725 7568 5010 2695 22762 22890 17568 28104 24358 32001
25662 26636 31810 15406 13420 23199 22126 1592 490 20371 16007 23378 13227 7008 23344 7013 28295 16846 2596 12816 8496 8725 27595 17390 3175 11842 19723 16663 7024 12764 25440 233 8387 27592 3887 19208 19204 32618 6231 29091 26165 269 6410 24825 15659 8581 2779 18460 12094 15634 10775 16117 20037 20872 9049 3465 6338 8109 16217 30842 9305 31715 261 14033 19591 4615 27091 29946 14736 8344 22613 2320 21433 28444 13582 15452 30392 959 24964 19992 31081 23614 7574 4984 24002 11779 22288 22763 15625 29074 6013 26782 17476 15651 1084 23105 21746 12944 9430 4111
7672 1138 25487 1288 16606 22151 31803 20609 22331 32088 19795 735 27758 24856 16200 16288 16271 1998 13847 14491 24998 2743 16670 28296 1050 31461 32046 23234 2924 31021 23777 26188 14884 1344 19246 21010 2060 18456 23610 29810 31133 23958 113 28667 2999 24937 28118 18293 1941 17201 13207 29473 21247 9700 11237 23362 4289 20081 16386 23515 9565 26020 12956 13755 29693 4426 25689 4279 26539 10389 18099 29495 7364 1986 28934 21236 16042 18168 3047 8959 28090 22644 1720 774 16766 20963 19321 29651 15139 25871 25825 13589 15405 19390 19118 12387 21865 10967 18489 5502
547 12487 12621 3030 9114 29475 22841 7504 20657 20367 36 15943 19943 21470 10913 5841 16777 29051 6020 28995 30759 7 18419 29175 19780 21315 19904 31820 3153 26673 21494 26863 24029 28022 5553 29017 5382 11011 14131 29849 28979 3316 13621 31060 10245 21944 24187 4362 19338 15219 2987 154 24756 29856 2399 21001 14858 30715 26745 13183 27294 29598 10423 18322 25919 16234 29063 19143 7151 20136 19740 12886 13208 25840 6593 10286 8186 4682 9581 2105 15336 14996 10136 17121 12724 11300 3406 18643 18408 2478 19330 25603 26166 2919 11172 8688 26290 23402 18038 13097
1855 4443 8475 25616 3911 4427 8304 4830 32176 20956 18080 18151 21259 19878 28403 19744 19470 9177 31719 32222 8260 11299 11138 4064 6403 468 1510 7312 5279 19008 6694 14726 18909 14948 32088 19278 24490 8141 16364 30059 11533 28854 19772 19355 13659 10097 26979 10333 13482 27912 16723 19633 20615 22307 16674 11551 16620 15660 9381 4090 1388 26802 30272 24806 31409 9483 28668 23960 25640 29246 29402 32733 15867 24352 2152 18654 27456 20156 8849 20898 5232 11512 3513 17620 18970 22134 18698 9671 16344 14265 14600 2231 13187 26505 26732 8274 21667 16536 19247 17526
16425 15973 14309 22077 25697 8545 2892 9527 24866 7761 10789 14838 14408 7411 21826 10704 25187 18916 993 22496 7089 32705 14392 18254 32074 19340 593 25296 13979 4178 9496 23921 31509 3595 4531 4242 30758 20418 11537 31534 26473 17654 5062 18018 4378 2623 20502 29484 21196 9525 13903 5491 32350 14221 23389 16455 9515 28037 22936 1899 9089 11139 22496 14864 85 16120 1772 15076 30004 5771 2271 6475 12925 17780 30492 20460 13262 22053 31324 19568 14524 12336 10494 9350 13767 5477 8094 7211 20876 31290 2024 24872 16957 15729 430 8156 8015 756 8761 21819
31602 13828 32221 535 23238 30354 28624 9119 22860 30189 5181 5413 5531 1694 10387 16164 13268 25488 17955 14209 3287 29301 10986 14097 23991 1380 1195 2140 2924 24519 29250 21408 20168 628 12084 27673 23725 794 7562 640 24188 29407 8672 24786 20176 6215 1465 4946 3693 88 21525 8913 17779 11004 25670 17453 25816 22182 1791 8472 23572 12088 2478 7706 22302 25637 1035 16857 6296 27090 9201 8601 17478 27203 27502 30463 11717 10483 5398 17178 32634 24067 4764 8868 19912 19607 22947 14212 27270 6270 29393 19352 3248 7953 32549 4274 8284 22365 10123 8672
21232 32132 10926 10737 12179 3424 32014 21300 24545 20586 12114 25731 25827 730 3807 12160 23614 21520 13481 13343 9642 17971 30281 7525 31910 12568 27985 31599 23147 27749 2268 24245 13342 25846 23913 14480 26953 8575 9961 9466 30348 31347 12566 405 16528 2341 6663 30192 2877 4654 8961 20741 28973 28430 913 24582 28512 15126 29399 8793 22833 18309 23333 32481 18568 6897 27593 24191 24146 32744 32038 20440 26414 26328 31498 6233 14441 7980 18747 22137 22829 11192 22099 6462 19445 13911 20686 4355 3140 26322 12898 15736 5271 8452 5519 15594 152 28220 2422 8389
8084 5603 22510 27479 2863 10591 29141 6870 5719 1846 30116 26021 10358 6519 1094 3027 22764 21334 22571 25061 24252 12822 21144 30933 10373 17708 29505 1882 12469 417 28185 30826 25081 25784 21353 17149 8184 10705 32287 28437 18496 6029 15465 27643 16256 10291 26243 7115 24313 4434 22478 14386 22063 28328 32289 29815 21732 5187 29539 184 4422 19430 21850 21111 32360 430 20414 22101 18159 9205 3218 28444 24590 14967 32436 26115 18612 30899 15026 12334 18691 20373 20959 11637 17925 16977 25510 17510 32154 658 22815 32653 16053 6100 32480 4083 29128 5646 28950 22756
1405 10133 3540 26869 5031 28221 25002 1094 21112 32705 17018 9221 9716 357 3207 3891 26021 9945 13775 28843 10897 6241 11163 3680 14697 1075 11860 1510 23811 24352 8088 12852 17674 6263 30349 7848 15605 17703 20085 11083 20277 1571 17283 18007 10419 11787 4589 24310 20601 27144 11075 30029 1967 29176 13823 27577 26058 971 11101 32088 1280 11820 1901 32204 21247 11876 16230 17979 23006 25980 29245 29594 5460 10402 1910 23084 10280 28879 12347 21061 1512 11686 32427 16980 25822 16286 1908 2592 3136 23907 16804 13138 21159 26746 6332 2868 24770 29988 25862 2488
3148 2438 15913 10684 24379 22534 23547 5772 7995 30968 31126 21161 26970 26490 28334 15305 13829 17820 29474 4126 22835 11205 16592 22747 21216 1874 1966 24053 957 19583 26647 1830 6694 32651 26466 20024 19284 22807 4793 9856 11476 2512 17448 32169 16951 24909 15861 14771 4876 23610 4144 22586 23819 23991 31882 4860 13971 6139 19563 11670 13655 26685 19774 20622 27988 10708 26384 5526 23558 17565 345 10511 5083 31389 10777 9421 15336 14567 13095 2074 14298 28608 14790 28925 3120 13826 19578 31420 21160 15294 8986 26015 21239 20517 7461 27639 5053 32425 31321 26719
30648 1887 386 12610 15160 13992 2449 19869 26067 24592 6381 26374 1113 118 3854 7406 16139 19310 3143 7459 8199 10211 3043 9624 7687 24577 25716 21353 16203 2129 8808 25370 26836 25126 28893 17952 11731 15673 1207 12706 13153 7312 15855 2688 31856 8868 29485 21141 12802 2242 7066 31545 15257 9650 19183 16650 15342 18327 13267 29933 17893 25878 9315 22095 24001 27066 12562 25265 6804 8599 435 15971 31738 2094 29908 6799 18439 32401 3406 15482 1406 11464 24090 2567 26180 4722 26726 16253 13844 2735 8168 12937 8563 18238 2419 18055 26855 1763 10184 30205
21604 2828 10926 5480 31495 4275 5189 13116 13063 20614 18583 14630 15848 19014 15216 12948 1265 24429 12400 23671 31201 275 16734 25159 28638 29970 7871 27720 174 30313 16039 25357 21033 13534 28112 3130 20462 30696 30441 25742 11606 26827 21552 23328 17318 18437 8003 20968 8329 4585 13107 1922 22717 22154 13531 20015 29452 18650 30064 13341 32638 18707 25433 232 11981 28246 32064 11360 32281 21394 31593 12941 19165 11176 9026 26864 25378 24781 31036 14604 26098 17199 17626 25637 2064 2779 6919 13384 4326 12510 25261 16011 9151 25514 1923 6806 10550 6844 20263 13154
27886 3452 1132 5441 17284 4453 27893 23839 19650 9061 15619 11527 9750 8327 32139 18921 8514 29135 6284 18074 21332 12133 32671 24604 4057 32503 8400 28448 9294 12632 7596 4809 26583 25453 30875 30899 29492 9801 11376 26164 5360 29335 25151 26337 21979 27448 14702 17492 8635 13102 22031 11053 26687 23225 10605 8535 18996 10175 10469 12685 9979 15729 26360 28700 7739 26412 17054 15594 22995 2717 8412 26295 13331 1321 25752 5027 3627 30860 6317 4848 27363 19136 59 31754 8589 23840 320 16068 15672 16077 7533 2277 23591 24145 27954 9443 9090 32386 20764 13806
6986 29353 19808 30000 1682 26084 17336 21588 3053 12745 32621 10565 16931 2124 18357 18232 29992 29923 27712 10476 14158 30952 14 4144 4793 18238 13955 16039 28435 25399 5821 11208 32642 9909 31013 23592 19671 29584 836 15868 12297 5176 5593 11993 20705 3996 24872 3775 31990 29770 5012 1110 27356 24279 22128 22135 15769 16257 3347 32494 23640 8979 2602 23167 29282 777 12115 6695 11081 24821 10983 22947 32614 12577 18454 32567 9350 22646 1338 18600 30433 16796 25701 10634 28236 19811 10812 24258 29615 8802 32521 23363 10936 8158 9739 29211 977 30701 16145 25011
10832 13530 17991 9298 8942 11724 17999 10724 11899 11939 28819 24314 17616 22307 4058 9489 15364 30036 2330 8215 28643 24360 24205 32043 32155 3935 26887 5797 26553 2472 15239 6486 13908 18953 25868 3857 26504 17280 1194 29289 17447 12779 25564 12221 27818 17189 2844 14194 12910 23410 1201 1408 4381 31005 16841 16944 23657 31583 21959 24612 30209 20611 31710 23447 8125 20296 6879 32486 15900 16263 15183 20559 7921 22037 9149 3321 6233 10219 3922 21813 5104 22660 12970 28164 23109 1927 738 15321 12939 16806 29427 23200 10897 30918 6974 30462 6900 18272 32616 19675
15251 807 26215 28446 23619 25323 30941 15543 5572 15293 6565 9955 1780 6484 11436 11435 29251 13743 16387 12206 20327 5116 19250 1569 9553 17081 30926 28180 16479 2329 11854 17911 6355 937 17946 11868 32132 29747 12261 30975 22227 18658 27453 2307 5601 7848 4192 2174 9215 17117 23378 5944 26214 30761 27948 22192 10793 675 14263 30560 3175 16186 18233 11074 12997 19029 24207 8595 26651 31158 6524 28631 29038 11684 2369 3101 12063 15689 32622 15492 24161 601 31479 8190 3824 18420 27530 13396 8449 8398 16160 32107 24436 26765 28115 12741 2641 29810 30703 4170
25970 14140 2635 17225 8061 23625 15578 29882 9494 7679 8061 30662 13394 23402 2331 11145 17518 12582 23796 31510 5569 6528 14898 7867 32239 22488 18881 647 17504 13130 7777 30218 8944 17549 23290 2396 16104 23322 4911 15201 11822 15761 6709 23882 23736 18777 13286 20319 26182 13703 23569 31484 14417 32002 6165 11738 4158 13284 1710 14992 10712 19491 8718 602 12797 3440 26672 19480 20887 17503 23913 3226 25807 27849 7488 1050 12925 23407 28031 21770 14306 10975 1930 30737 23705 28572 3056 12624 8907 30585 21568 27369 10147 6214 5918 6338 2049 20910 4757 2438
32115 18016 12463 18669 18273 20589 23107 30526 13447 13553 27663 14866 24744 15094 518 10842 31361 10645 3307 25507 9725 29022 26143 6297 20135 1275 21944 20682 32356 9487 16082 13229 3170 9060 26154 1251 14412 24902 1769 13756 1472 3370 10685 12285 27650 25492 29230 15841 11762 30519 22064 13149 28219 17501 29684 15528 21454 5001 31236 30203 21135 28507 21903 12438 27725 12725 6913 2307 32248 27676 23767 12958 27918 12129 25778 7253 18775 30336 682 21165 14034 14536 26340 17157 13295 26428 14695 17439 4094 22842 25643 2012 9704 27738 17267 23111 12061 23449 12381 20949
17101 4535 6584 21740 21851 31453 7957 6305 19471 6531 25121 31942 30987 25233 562 26916 4992 9412 30239 4101 33 32596 14421 14838 32216 11220 31015 32458 2744 8025 19302 4066 5428 18142 32562 30636 19854 25319 7951 29290 11154 18021 17212 17461 31875 31962 12096 12353 3414 7101 28101 30050 17694 17184 24233 29647 17352 4496 27475 24615 22792 3901 21827 10161 26515 21595 21229 27112 2191 28359 28360 11063 839 19182 23714 9473 27940 9195 14646 22244 1497 16111 26624 15679 9181 30182 848 20721 17694 21847 4766 13412 6132 20876 31517 12747 4179 22260 24210 28327
23878 14789 23655 30864 21144 18661 26875 3890 6868 2059 12093 20374 17777 21794 12409 9379 1350 31982 5746 8420 13124 753 27568 9611 26979 8336 11803 31414 18909 16242 28617 15602 18075 29481 31253 17405 31980 13844 9969 26321 31101 28035 25725 16605 30854 31005 5848 23702 30273 20863 19509 26414 9120 31270 30514 20899 4927 19087 9062 764 12952 21148 22585 32720 25462 24122 7673 11015 18860 23617 22826 996 8454 11420 28701 1348 12160 6569 28356 2592 10166 226 7364 23385 3996 28350 14796 19125 32623 12754 21541 32548 19691 10556 28043 22089 30399 21057 25148 32565
25662 22837 17998 12918 19799 12699 11589 11088 24263 31118 4069 17994 28301 11360 17477 26861 21662 26752 15397 5832 15323 19617 32129 22455 32576 12312 2407 21349 26462 14982 9477 17936 23563 7864 14598 12940 24152 31947 15135 30091 24259 12180 21988 7707 17326 2367 17121 12144 13328 17205 2790 12260 31339 9540 8354 10556 5118 10234 2419 32301 16443 5713 2173 14623 9339 29330 32762 14384 22513 8819 31952 23164 27612 9858 8297 4764 17409 24775 23743 620 21337 11941 14006 1041 4359 23042 687 17467 14732 9640 20314 20904 12350 30954 29387 17898 5367 28298 28113 27497
25098 19162 6531 1195 9851 7458 21275 6355 12399 4162 6664 26984 15329 11928 21566 30040 31127 7460 11473 11581 596 4586 16578 15582 2640 2456 3609 3577 26853 105 22835 26688 18571 12873 31838 21153 4870 9786 21923 6602 28126 2294 18147 8173 23312 6870 31782 22976 20995 13554 27695 7369 25789 10634 18260 8920 17751 933 18572 26325 16302 27127 7370 16059 31580 10504 21641 22245 6631 10387 5032 29321 1335 20524 29561 5506 590 7974 19221 31570 23603 31668 20978 32615 15151 32078 20663 23197 31804 13911 21582 23045 7355 16636 5947 29413 3685 4959 5421 22527