100 100
23444 29745 11868 6979 19465 13875 6513 1269 21347 792 31018 17619 24557 15695 24139 16482 14760 25379 2816 14831 16191 10210 14192 21201 28477 10303 1174 750 4478 15861 4428 10625 5347 13997 26025 6938 30026 29218 10381 20710 15806 11139 21370 7472 31466 29209 22694 2344 12756 5417 28494 16355 11976 1820 31308 10916 16529 31709 15596 8794 13296 18051 20988 23145 9030 14896 6434 26797 28308 4664 3699 3772 28581 9606 16448 10348 16010 26940 22323 25494 6727 1690 25755 9497 18892 2081 27397 16161 2343 25080 21772 23721 22263 22926 20082 17982 13860 4225 13167 25606
14285 14015 2632 8450 24962 10219 15140 5008 17332 30722 31260 3892 21609 13118 6033 919 25140 21818 10946 19664 13157 15192 19101 22755 9597 5728 18646 18055 24805 8041 9015 24877 29919 5117 7991 7741 28604 15736 17357 32675 18256 1969 9606 32650 9635 27356 14550 26983 28137 11439 7851 17466 3508 15556 8008 12817 28265 12351 18257 26829 6896 8368 23330 10280 28080 29243 5221 20727 23227 17654 24036 429 10821 5522 411 23585 14171 20798 32018 22673 1746 24776 28650 18918 19069 28421 22709 30521 9379 28276 5131 28311 16303 8734 20954 29953 3626 11712 29949 14263
18151 28972 4368 8887 29053 13037 31363 128 5882 24106 7406 18203 27350 22477 2980 13916 38 12003 139 11110 24338 11334 15659 19821 3721 1402 516 30656 26164 14038 4133 1286 15528 18660 26874 24519 17887 1290 16486 31791 13801 23913 21777 7951 31711 3077 8964 5669 10521 11558 9331 17821 22688 22783 5337 11991 10982 142 27211 21611 10677 4547 30981 8043 10342 9956 30026 10728 29779 17712 18283 4791 27023 28355 26149 15988 16340 3001 11055 10696 9148 28310 22036 12520 28724 30694 12607 28766 7214 7456 3412 8972 12439 22224 1735 8558 23177 14837 18855 26143
28097 16552 18362 15263 27475 1535 5327 30547 24732 31025 23888 26061 12921 19451 11031 19534 10422 8258 27778 9097 19914 14585 29130 28586 30401 12869 21648 22935 1913 1247 32185 28022 18193 22715 15740 8815 22687 27367 10681 4019 11297 2741 13965 29373 31671 29212 15651 27352 10511 32092 25805 3553 3872 1505 8787 14926 7195 25706 16779 19055 18334 24170 11561 3316 14635 686 26841 9904 13018 14657 29067 16796 5194 2701 30734 11551 2525 25026 10721 21388 15397 20092 31814 10477 5017 2464 11671 30463 25741 16774 28893 10877 5985 29022 30623 1441 8440 18380 19960 23529
24427 24790 15596 15127 12031 22272 9980 9595 19285 28597 4856 16756 20705 26345 22805 8757 29341 7677 9792 3525 14335 12771 18865 25673 22312 15490 194 3206 32606 17756 13570 2466 10172 9582 24709 7722 13864 25175 3199 8282 4742 17597 7697 25496 31275 11757 25955 23361 10133 28865 8947 23208 8793 12743 30509 5724 19292 4767 28731 19114 31046 11429 10782 11107 14644 7889 13566 224 1966 13019 13758 5698 5592 23970 29908 23806 28396 7886 20312 27034 4583 948 15962 11697 21379 20859 26745 4925 7270 6781 29105 23830 22425 17136 32117 28853 9531 14534 5886 27966
9591 25297 29666 13246 28595 2859 17640 17584 2570 18645 2331 5831 29949 11422 5917 19175 8037 13639 20670 24948 22188 20196 13517 21712 1853 24965 17199 15647 24889 13078 26413 24910 13676 8324 23570 22867 7807 29218 16374 9654 19055 20298 18645 24656 30782 5447 20452 27219 32232 5490 10020 15242 27288 32412 27959 14050 6428 30124 21363 10282 18070 8585 2613 20247 373 11835 18295 7051 1188 2893 7077 32534 21249 26997 2221 30654 10001 15223 3926 14331 2802 15942 9938 4102 11409 19564 21142 31827 16925 173 19049 32092 4795 27623 26811 7329 30587 25149 21305 17133
26762 9076 4510 17370 27306 25245 1740 17047 28896 28917 27 21481 1644 4105 20209 368 21758 12062 8339 4652 23335 6095 2106 15424 26382 19960 28522 9205 10596 9939 24703 19457 29850 23393 24457 23306 31825 6668 17753 23142 10514 23434 20700 21029 21567 32516 25256 26193 73 29048 5845 22900 24868 25692 12558 6235 18680 22404 3815 13082 19738 31301 5233 26448 14138 10203 18189 8108 5854 776 2685 3248 1807 29950 13377 15029 31825 4991 26912 18736 11993 12867 30981 10035 29947 9114 11532 31031 8674 27730 15325 3096 15491 28379 22585 31073 8915 20905 3538 24778
27960 9434 24672 23295 9790 2841 24817 2467 10892 27074 11648 26773 17686 25670 3786 17522 23444 9938 10333 31323 16178 17451 28402 25848 30089 10973 22780 6844 3534 30100 32129 24939 22089 6858 5417 31450 1545 16290 4501 12023 11991 12820 16113 14088 2920 20043 9165 28216 32215 21323 4904 27471 21074 27351 9422 26561 6675 26770 2021 6122 12945 1124 25538 22680 19704 5151 15105 21962 2519 2147 1236 3767 32025 12479 28827 23314 11831 2840 1973 21901 26796 8783 8598 20380 28840 16414 24090 12923 28680 30275 6681 29042 12166 17121 4668 29016 28717 21539 10255 2390
30993 12066 32087 237 11580 15881 22949 12090 15851 2423 3627 8057 19707 8484 19407 24265 5022 30664 8062 22318 24914 13880 2243 23516 1812 18898 24216 19123 720 12828 30332 26374 32541 20904 16837 20896 31527 17979 21816 16905 12012 3117 3799 25861 32684 28947 19962 1118 6298 6556 29089 23523 31704 7865 4361 16305 8098 1537 8829 30641 27594 6483 1135 29794 11108 25021 7367 16601 18114 18844 635 22022 22947 10757 25952 13112 31143 18276 10304 24547 16646 355 24876 15010 29058 14862 13331 14712 17306 14388 15252 32603 13825 2320 29713 27379 29006 9512 23813 671
5109 23670 17559 25017 31350 19910 29039 2843 22484 27999 7880 17633 12873 24293 32454 24945 6200 9854 14090 6585 8547 30004 2949 23736 4190 5275 11145 14400 10308 13747 21798 16122 2728 9999 17075 4010 12750 13879 5803 25012 23323 16460 14779 15072 30155 13802 24344 12890 27106 5714 8982 25853 19301 9673 30711 32464 19913 25403 21760 32209 2988 292 23507 4594 30403 26033 26616 15970 1044 30242 15549 8205 26725 12658 17728 32102 30964 24122 6858 868 1128 20435 17758 21450 14344 1722 27282 18604 25899 12345 24222 4399 15087 18756 19379 2960 18478 26786 25486 104
22958 29773 20300 9006 2200 17946 20864 31741 3372 924 20099 7831 10674 11590 12043 21163 16820 10449 20735 4435 29034 19165 31370 31713 14710 9179 879 12251 4818 5162 10396 7236 32518 27520 15873 15389 26782 6028 12962 23084 26587 9690 6891 16892 16297 7414 13636 549 9937 28884 7398 9165 12656 5743 7917 31599 28328 31409 26030 30428 3733 24723 28234 3199 9346 27269 31876 12260 22877 21264 207 28540 8809 6330 9387 8090 20531 8490 28978 14018 2503 6028 17390 16163 2083 2615 1518 354 9708 2957 22809 19609 5984 23075 12226 32672 24204 21539 636 14219
20415 14830 6191 18291 14910 1029 5227 23930 2361 20521 16381 30985 28926 10689 16320 5724 31853 12669 11702 13121 3756 26681 18519 4380 11548 8484 11305 22575 9611 24353 19345 24 25771 8557 6377 8603 4290 25474 5842 5538 15524 21564 17100 1410 18143 2107 3588 20608 14645 11144 22636 27284 15439 30331 8721 6253 29615 27100 26282 11444 21991 5704 22380 10901 21768 29398 26406 29052 27486 1787 23689 22044 24666 27563 24263 19638 22992 26561 12385 2200 3427 11169 3129 13540 9789 28700 22767 10898 13059 31892 9834 18360 12295 22624 10677 19465 448 11121 11021 24220
29560 4662 6712 8432 3653 26814 15640 29484 23610 20765 11391 19883 27614 30992 4933 21431 10205 25316 25496 917 22270 13715 30356 10179 22613 22577 18963 28029 28602 23686 20679 17541 13946 31997 2182 27684 1100 12733 19172 20844 25734 8469 3079 8897 27536 28445 31671 15512 153 12442 15541 21373 28554 1315 9806 32603 22328 7298 17455 3064 18398 11101 2171 12991 9674 4886 25627 8642 9302 16623 14678 29695 27930 2162 23713 32482 18272 32016 6072 6412 21464 3848 25325 15955 12430 28554 18624 13578 6424 28 10161 6274 22292 20798 18002 27856 5842 29769 28064 8145
29773 9373 32147 7020 21600 3067 12276 19735 24118 9776 32111 18077 10499 2036 22761 23582 29169 3345 13588 25431 28254 12744 2112 30755 3652 7024 17012 27202 17144 5216 27069 14426 7704 32527 20678 15419 23742 1146 7081 27751 13050 454 1797 22226 27520 31015 9553 14566 12189 2560 1647 22730 2928 13388 32132 996 598 27452 30984 22173 18342 15137 8473 12644 28575 1677 12309 32501 11422 7861 14695 12251 27796 15130 21153 3891 27320 5225 21196 21684 2425 9887 7163 6124 2231 24176 8999 2252 27698 13802 10806 4455 9795 1110 24669 17655 23242 1375 23720 16417
20071 23414 9943 24186 21997 4468 17004 26953 23059 24449 28674 9103 17261 14133 6368 22340 25243 23294 6350 18404 10433 1218 23080 11818 17463 24517 30768 8475 30081 22988 23464 4167 12417 3971 1441 13132 24043 22556 31886 4763 20730 13369 3996 3455 17761 9228 25670 347 31109 10428 547 30259 14569 29963 20739 29805 27369 4407 15675 26585 31148 30237 30269 13296 9556 25508 31596 23897 6007 30297 27438 27826 19155 16471 18498 28300 6973 26986 10580 13495 4571 6772 1742 15553 16787 14351 6898 24505 18371 12403 2086 12088 17715 24731 14734 9123 25416 21667 12768 32682
14714 26485 15476 3348 9991 1444 13467 5823 29929 6040 22322 17378 21510 22252 21111 14486 2984 4884 2075 8085 27692 10563 13720 321 23038 13195 30404 3048 1221 13127 22182 12614 7898 15030 25225 15691 10495 23016 29520 18975 9806 21214 8457 13668 19567 22765 5317 31419 1038 24419 11430 6025 19852 15213 9785 23547 24053 7480 17158 19783 2099 9303 7014 32053 18049 4965 5013 31455 30754 26347 9992 16564 10066 21379 32257 17347 27517 28478 352 2103 15279 2628 24764 24349 17740 31418 16050 12654 6913 24553 30589 31817 20474 8348 13767 25216 21333 10441 18879 30550
8151 10868 30316 9863 5086 26065 10561 23945 1431 15529 20465 23058 26481 5374 16517 16858 4306 20210 26539 26530 32520 20965 12625 24949 8834 29918 24434 21550 3136 17964 17200 6202 3976 30285 3108 7071 11227 27150 8690 9533 21287 14324 15392 23892 24638 5339 11304 16199 20871 29661 3531 22688 7155 23925 20905 31059 10803 16868 22031 14663 23593 19156 528 30482 6812 28732 5847 13317 21295 21635 11067 29032 28820 11240 1428 29446 8957 13089 18381 2797 3283 31042 8635 21103 10155 225 32173 29804 30070 31864 23365 27860 20983 10762 19590 24935 30843 4618 18733 30655
4548 11640 19525 19601 24134 14157 28662 28720 20630 11545 31646 3154 11295 17131 6179 5911 31767 20081 7815 14151 30385 28000 13500 15835 8340 27414 11450 22720 17549 10623 22992 25303 4992 4405 20535 30016 165 19691 17133 7640 11760 21515 29632 24320 31953 2206 27049 23713 5918 27757 24924 23149 1102 12645 11293 28519 7911 10560 28885 4773 32313 22626 869 25940 10317 12289 17978 24062 8217 13193 18978 14600 9205 3391 8286 21119 12371 22052 4856 19732 6826 5404 14167 10852 22707 14671 3856 14461 18392 5072 11007 30878 2282 5245 1175 25407 17426 20006 374 11601
26890 1521 21820 29383 16268 20988 13726 27221 23563 2885 5302 1656 19618 5831 21917 10166 4682 18918 12092 17447 14927 28173 12639 10292 11269 10134 8203 13471 32439 17386 6418 15812 27616 13033 14308 28702 12701 12172 11176 24076 31075 23496 29580 6869 5869 21430 13657 1770 13177 31730 25162 12652 14644 3905 7710 29422 4851 12150 7276 9596 5155 32150 26679 7644 7427 32058 18882 18963 20241 18229 16037 6444 26049 20343 14369 4148 1909 16945 5041 12425 8874 15418 481 4949 11119 25266 20323 24149 19740 7653 17504 30175 25664 31601 3596 4131 21723 31660 26237 3505
4302 20032 28349 15163 25231 16920 28446 24732 20513 27776 29133 16666 10820 19335 27562 28904 7145 26536 26455 9199 19944 14506 26255 22991 29429 20933 28090 2848 20433 6406 28094 15357 5053 3573 23 6083 5428 25460 10538 31254 18137 28906 5334 2341 30895 16033 333 17711 14728 12653 19490 12615 27840 6543 21923 31060 26666 10456 11880 14683 11851 5138 17196 18945 6342 25499 31452 13899 1816 14163 31470 16041 25989 440 1524 3379 8274 32336 10353 32562 22325 26440 10219 10210 25866 11866 26689 28790 4039 15604 15167 31069 29874 32662 20080 8388 1234 16507 11059 21084
9635 5501 32017 1117 18958 25907 4686 1483 6039 18268 19134 504 27609 17536 26842 23882 22063 14548 30995 20286 22965 24159 17255 23981 2927 16987 31537 7502 24775 10718 8517 23421 16957 10681 19516 5434 13914 30112 19213 24437 14565 10892 21982 9353 4698 6238 16665 23302 17304 20165 26305 6579 23002 29025 14855 11475 16104 5929 14616 4264 22927 14602 12602 30006 4686 29648 2327 12105 4178 8522 1368 15033 17061 3241 15222 12781 2466 17962 9933 24222 5292 23029 5107 18397 18463 28228 22087 24920 16263 3271 31693 16345 16400 6984 29497 30479 12094 18315 22601 1169
25054 27256 23128 27680 22333 9851 28977 26924 13463 17708 21537 22938 5330 6187 26448 17861 108 24910 4944 10691 8627 1535 15095 25577 2356 4575 17258 27793 5749 19632 25211 15130 22759 26481 10037 31793 32022 1226 28852 32079 6691 8363 18235 29059 29556 6961 19328 29554 682 27337 12362 26780 24019 14743 29246 10721 19937 29209 16886 5443 10588 32519 21588 27885 18259 17022 3350 10101 7832 2142 14250 5470 25901 30705 16963 32737 17401 18637 12076 9452 29375 16123 12381 13420 20561 12888 8524 13000 19201 9532 21253 25773 11609 11866 24189 10257 8972 14823 28963 24178
2603 26111 18361 19551 25756 32324 19298 4666 32201 23240 1276 8764 6293 9773 23215 22457 14740 20234 19398 5030 24955 10385 7870 600 19413 32367 13725 28302 1528 8180 31878 17842 29240 9844 9865 12636 2906 31469 11455 27160 31820 24297 17303 10089 24595 31910 14955 20750 15876 17013 31063 21891 5687 3424 4426 18891 4665 26383 4701 13933 11777 23277 7268 13757 27941 9862 24003 18268 28750 18739 29828 32002 32490 14074 26022 25723 22816 12976 7863 21232 26121 4960 13733 30056 4637 30961 23249 19086 29163 13314 12645 27061 32014 25881 488 15129 30044 5885 31503 1384
20064 22624 29910 29825 10507 6337 27088 32123 14246 19601 6843 17385 7691 7317 4184 25692 8725 9355 28538 18474 16469 1296 21340 26222 30982 19649 8759 5712 26947 31905 4116 22151 1144 11195 17375 11804 535 3592 21182 2672 21388 25234 1441 16000 13938 3290 7449 1896 14087 23927 1901 14886 14045 19969 15595 32417 19411 13357 13948 15338 2884 12345 12923 6593 5502 23179 15303 15195 30070 29845 10007 5986 10426 8443 31374 4414 25510 26360 29584 14227 26075 1278 7891 19466 29421 22172 14009 30805 17244 20901 15325 21613 454 24207 31723 8734 10330 4121 31414 25030
21136 32304 29060 9306 22295 18452 22700 16041 15887 439 12132 16869 26489 4198 30164 23903 30188 15018 3439 3474 20873 28529 29570 15459 22321 2153 2573 13991 2037 2989 25299 6886 19661 12451 16557 9566 8845 11300 17187 32075 16918 2014 28733 26470 6345 2295 4247 428 9538 27123 4532 27744 3138 27608 25236 1107 31212 656 32393 4707 9013 8334 6726 5186 31638 26037 10041 633 29443 13685 8475 14252 20513 30775 22981 23839 31412 3067 14149 121 19030 10303 6193 14024 11631 14627 21051 28870 15457 30156 32518 25691 3331 13830 2872 12130 23121 19245 15313 6064
21602 24653 7611 3154 11418 9608 5025 19479 12832 19128 30213 21839 4754 3414 31117 721 4856 23963 20382 31299 21751 24292 13612 20373 31816 18267 25553 463 18536 25300 6428 13581 30352 15605 10283 19911 32743 13978 18812 20822 2039 2679 7424 12212 3933 1280 4721 23172 16069 29573 11238 19794 24086 3746 20133 27419 19434 25558 5688 21776 2369 626 24003 7831 11638 28597 29588 659 22130 9781 11004 32229 26911 9344 16477 29491 13855 20228 17285 15335 22207 10540 31802 19067 22054 10700 32022 16885 31443 11967 22678 9901 17478 21455 11373 3158 28924 12500 30494 25916
8353 17184 27593 22219 26242 1563 14405 14161 24641 32555 29040 6405 9420 16599 6595 1607 8079 10539 30250 21289 11241 24414 9490 10287 1245 21682 11203 10835 23819 19612 28144 25676 13022 12325 17292 21776 13574 12432 8416 18328 19241 32061 1243 22499 5845 4301 8617 18749 186 22919 29575 4545 9750 16634 14805 16157 14960 22244 1644 6293 12681 9043 22323 8779 17808 25610 28141 26045 11669 14630 23125 9103 6208 1282 27245 21131 16067 855 29971 4070 9229 23464 13013 25796 21568 13021 6406 1279 14438 46 27409 27428 21088 10562 30222 30143 29982 10648 10899 27097
19734 18727 2253 32446 19694 9793 4815 22276 21116 5821 14633 2760 6129 9301 30141 10043 17745 10317 2254 18270 13863 19030 3162 10761 18294 26289 20906 26930 16882 8087 15655 13932 13424 7641 5231 16558 21148 17604 29352 10070 11242 23879 22293 7789 20175 31832 486 10285 11312 10387 4949 1984 20251 804 8430 20811 15541 30696 13614 15147 4211 14543 27984 5247 10381 2181 10596 1254 30384 6225 673 31114 18676 32061 31740 25437 7949 119 8442 10914 24517 20215 1730 31664 682 19554 25462 20722 515 3374 12227 24115 10505 15368 1719 16664 4692 28274 14291 6894
27284 11441 16226 30630 19329 12518 6409 9758 17173 8571 8350 26019 23288 19136 30013 3251 13372 7126 4761 3335 2890 27341 5265 30929 14364 17417 22788 27970 32429 18666 29669 1615 17326 25004 10642 16309 31099 18059 25441 26426 22861 9259 21116 1078 15537 24376 13552 22611 11065 15177 28928 23953 28785 26891 31423 25997 19988 16283 14302 15874 7808 9523 21954 32400 31592 27401 17881 25532 15561 8308 21551 23353 25631 8529 3132 9574 18392 25509 24577 12311 4873 18564 17747 3736 28000 29745 15734 13039 24410 29062 31469 19554 18101 9366 6545 28473 28457 20626 7393 27077
9043 13545 10393 27297 18930 1459 10118 23608 25429 17232 21656 6535 31508 13644 23097 24613 25087 3206 31709 9088 17492 28818 32218 9577 28725 31835 16251 30675 24664 28173 15183 19415 24321 3634 25031 12796 21805 4635 512 12214 6672 32129 13534 20012 22210 18284 32346 1598 21046 18004 6429 11719 14699 10118 8269 18975 14310 30154 2983 27621 29791 29507 12750 30715 17851 19094 17634 465 13370 23375 32085 6887 6898 9600 26362 15245 32124 6314 1119 10478 26093 18913 15453 31820 24327 21804 17901 12173 24241 28203 1597 21239 13477 25596 5380 20536 20841 7262 23314 24233
31104 18967 32555 3283 14561 25236 5397 819 10920 5840 17136 25658 26892 21367 20678 28056 14737 3146 22115 16058 18814 22213 31591 26769 3730 6143 32153 10902 8179 18899 29054 267 7015 6973 28971 26755 27334 28678 11607 31396 32176 932 5300 18476 19323 13148 1408 5170 12655 13225 15702 21679 310 13537 31563 7228 21390 15126 2102 20765 29505 11578 6479 21887 29783 24455 16636 1278 19338 7454 25063 11114 31226 29935 22612 22731 8482 19928 19890 13986 4875 1553 27247 17010 12991 8647 23057 4479 14593 19719 21891 470 12603 13534 10156 31885 17080 31679 24646 11596
6675 19748 10478 21261 1776 21624 28791 3615 8681 6965 24708 20337 3788 4682 20822 19725 12035 19135 12258 8163 22611 8603 2599 28360 25546 25350 13758 19134 10482 10411 17587 8310 14667 30560 15507 25363 28664 24585 17350 21553 10681 10169 14623 3366 14617 15131 27058 11655 27369 28945 22758 21231 12012 24730 20171 15867 14548 19961 8365 18585 11629 29460 26601 4483 12313 10010 6911 262 25724 10600 15593 2824 14456 5038 5803 21065 2652 14157 12076 4329 32600 27140 30020 27179 7733 1484 20502 2424 578 8192 2464 12967 14994 15297 18320 10107 10596 31641 1625 1645
30691 5726 19079 1708 29200 4954 31823 13667 24316 4520 8555 6202 10554 7905 26917 22815 27540 24825 16049 24390 13821 5987 21951 31086 7879 14204 25937 32103 29718 10278 1226 209 8597 24755 24392 3878 7783 28422 12596 251 30561 10484 17432 22658 18806 3312 23728 18260 16498 5608 20291 16749 28140 1642 11827 16760 3189 28427 18132 8782 790 29705 24698 12729 15610 5679 29142 24701 10599 761 16514 13209 30707 12281 7898 23242 25844 17785 15374 4177 10808 7266 14965 9718 26614 21341 36 25421 6661 16183 30144 6456 27980 14986 10128 3757 2426 6298 31958 10937
8951 16253 31072 32709 26906 11647 15706 7193 9372 28100 14182 17310 6732 16431 15599 30440 1541 30851 31929 27507 16861 22728 32701 22829 28064 27377 11317 16693 10877 7611 32499 4579 16126 10456 28406 19464 14142 31821 12095 3447 21846 16153 17121 9412 26136 8471 5976 4683 19968 1061 6427 6772 25191 16518 30325 19766 25338 2181 1168 9946 10091 12123 31443 11778 21862 22355 30829 13033 12999 19244 2098 5100 26634 1727 5799 11082 18178 13026 3672 18984 27086 6283 3698 25816 15882 20281 28557 21594 20546 10895 2762 20771 27564 11074 30494 2846 25110 30518 12525 753
4125 7396 24539 2177 29088 9727 11999 696 23156 15703 27289 25734 10073 27645 23013 29477 31533 12712 1200 16802 23648 31831 23818 1433 18088 17208 32381 10560 1270 18633 30621 16038 26536 18493 20961 14397 11008 4641 19377 2711 8661 23615 30912 7021 30856 18627 15516 8677 9274 26780 21380 23572 21052 15653 23929 15810 27591 32005 8087 31854 494 8276 28582 7314 13776 30719 32237 25641 28946 21613 28998 22125 653 32610 2424 7397 29507 3364 15296 415 10136 18653 32177 24251 8383 16449 12863 10025 29298 12912 27926 27826 16614 26142 48 1853 23294 10993 1958 16715
17599 2602 26566 11717 17924 27272 29031 2807 20850 11113 8313 22236 22447 31539 10464 30876 23247 27890 17795 9043 22031 4419 32159 22036 19910 5744 21602 7470 7064 13276 5813 30893 19181 25762 15193 3108 6561 13689 2357 31658 28926 10715 30702 6691 27367 31846 32441 19649 14165 16002 17773 18378 30216 6980 27613 2203 22646 16786 23396 12525 8200 14728 22209 10071 19589 10523 15397 8468 3790 19452 11659 30983 21453 8895 4936 30716 31656 7485 11491 29233 4410 17463 9254 24085 5571 9788 22133 18511 13534 3020 18527 18690 29876 14013 30579 24143 13936 12510 32341 20508
6899 28123 16145 276 8136 17504 1966 20719 2138 641 25863 29684 26468 8538 6102 25532 23722 23538 24594 19768 23271 11622 4731 8182 2566 31299 11379 8863 6548 26931 23055 12485 6006 11996 8814 1499 7895 20741 11849 14725 29541 9466 23756 20755 23741 3378 6820 2631 22051 14896 12122 17247 26231 29351 29919 9295 13412 9953 11624 27983 10971 21345 27515 3733 16832 30408 16458 28004 16099 7925 9281 31301 817 20848 19931 31893 14380 21257 27321 14143 29080 4796 28405 19147 6007 15320 28340 30872 11320 13153 13818 11109 17196 1202 4803 26902 15161 358 1359 4533
4562 6265 19133 4024 25126 10411 30171 23938 25752 21029 2621 1068 624 2911 19852 30596 20944 32065 17185 29526 3561 27273 1490 15851 24430 9836 29708 29648 2377 24192 25123 16600 19854 15321 18149 10852 7853 8050 5749 20194 28907 32207 16215 16020 16403 7649 32199 20883 7528 16170 31055 7955 23007 27426 24728 31208 8331 30168 30593 5706 5465 29148 19310 15573 19453 7005 482 11987 11052 32399 30033 8126 4108 23887 5167 26625 17897 6154 13901 21759 9769 7643 23653 14934 29826 10227 3572 10341 19306 17470 18759 27660 11471 29508 14809 15282 2825 23885 10460 13709
24077 25288 23574 4893 6371 3053 22254 13818 4954 7074 12743 29136 15354 18843 31628 14248 9786 26566 22924 1641 18675 30438 22921 17566 277 28285 10763 26489 11417 15344 11514 2840 29110 15590 6252 24584 1624 14577 6588 4616 3022 7792 11996 3087 21186 1716 10732 15760 7023 17761 4875 17660 9742 1815 23661 9097 10129 17234 7341 24114 30356 1423 17253 12286 1169 20913 31741 12678 30547 10146 12992 6577 30381 27197 28725 31683 619 11628 32428 9878 25737 12173 3607 2342 5027 539 18971 16468 6573 9610 5735 12771 21220 7282 25925 22727 6404 14832 23662 9887
11964 12106 15395 7808 32607 7377 15481 3316 1756 10764 21749 322 30192 26898 8792 27632 26266 2360 24252 1671 13520 7404 8160 26774 20336 30433 20417 28153 5497 25197 4970 21083 4987 15151 5132 9722 13644 10228 24145 32682 16381 31963 19438 4125 10252 2232 11128 31329 6107 20919 6776 5546 14945 1346 17857 31826 7712 7972 1025 3102 17495 3054 32407 15299 12408 19097 23716 27049 3036 20846 9317 2030 12726 14883 18112 18862 14150 31047 2332 13698 17487 9440 16758 16710 20426 3666 6321 23328 5340 13186 18222 957 21510 19260 32669 24030 13468 28882 31763 22292
23160 13062 24924 19911 1007 2602 27794 22653 17412 31110 7918 4697 11484 24570 23519 4322 32370 15333 11609 26375 11660 26181 8816 22879 22254 2335 31781 10165 29389 21793 7296 4035 23686 14982 27615 27966 656 10554 10381 6931 21167 7230 21654 31217 13931 29775 13786 16391 13249 26050 7265 30223 1560 32179 25326 17803 17271 606 24023 31822 25076 13005 11283 26943 12656 10676 7829 30298 7553 26521 10712 9207 19376 18487 5564 18767 27109 26405 24464 15932 16671 14259 624 21056 24680 21525 6609 13513 29705 18371 4698 12979 7418 22815 23798 27919 23708 5720 22567 27939
26794 10639 25501 14769 31597 14393 20999 20861 29744 20933 11561 12041 23540 12670 46 14755 8805 22450 7232 18337 9996 15892 2903 5612 25285 11103 9550 22715 17780 27196 31548 18849 7156 26470 3329 22218 4688 31500 32031 22402 9782 24951 14028 27126 7592 9964 14917 24127 22005 2772 868 21148 32488 7706 15989 25855 5695 8405 16198 7628 14174 25383 28285 30685 4933 11620 8494 10697 9408 29559 3757 5222 29917 22402 22689 31372 931 16325 22874 26140 10497 961 11365 24129 517 29853 9565 21238 15951 17608 10499 25033 25028 4832 7313 22494 20103 7123 24396 5430
11045 22596 601 13617 30991 2352 13009 8274 28494 30673 2584 27459 28018 27842 14442 10009 6859 8805 15798 1752 1500 13954 9392 32314 22541 24368 29730 15788 29088 26361 19074 12186 486 13369 22474 23276 28595 24519 10628 20177 9743 7895 32036 31675 6446 1055 3227 7595 6051 23609 2345 7086 15312 10569 14451 167 4513 479 26581 29008 17530 22303 10745 17276 26989 26143 4777 6815 14769 22672 25825 11663 20815 22689 26409 6540 17951 7200 21025 26239 10995 10978 3422 8319 21266 25702 11892 10905 27112 2229 28244 11985 13051 18572 2265 20324 1569 8381 15005 32080
23537 1235 20753 6166 32375 7413 205 15039 12844 6925 30244 23069 27428 27433 21500 6227 25226 17185 5340 29080 8266 21882 583 9783 19725 11146 13897 1498 24682 27357 23375 9 32602 2520 7740 7662 7917 14236 1720 18779 16188 31533 10699 1294 21151 19924 27308 31283 9504 13505 15827 32554 22575 7669 8789 31627 18071 1119 17777 19815 25776 8005 1126 5073 28886 8422 16520 669 2075 18526 14739 9064 29497 19145 25151 10201 16331 22443 25365 12581 31164 15504 16256 12505 6399 27631 20775 18132 30592 27476 3450 16530 25435 27838 18827 7601 8525 5958 28704 15789
29543 17154 24070 6895 30730 11305 22696 14086 29967 24952 21216 7220 25414 29140 29708 6188 20002 7472 5477 5146 23474 3249 10636 11748 4307 22032 16998 30383 9637 20033 10538 31398 32315 28498 15544 30198 7063 21909 2605 23325 6357 6145 21428 3685 2214 32726 31135 31403 18176 25472 31158 25445 4884 10430 30926 6116 1409 12803 2718 27606 14023 15133 11215 6414 10750 26900 8786 28296 20424 4437 14326 28839 13700 31759 826 20162 13508 9694 12895 20959 14081 17575 3266 10430 24974 5059 7785 13594 15819 11103 16860 15915 12699 26402 31798 11375 23576 8209 24443 12970
10885 15792 26412 2092 14723 25194 793 6226 22152 14131 17527 19279 13710 6764 24882 19500 12040 13831 389 28686 6682 16619 3015 8888 5897 28570 25224 31824 24049 22545 18652 25702 26038 19696 24823 26162 30524 29658 30970 6685 219 6943 6669 18564 15885 4760 3502 10680 1898 3027 19784 26441 24279 17776 4104 17028 3066 1483 27372 1082 23793 10460 14109 6595 24387 17755 12926 835 9494 11559 3717 30508 27299 19688 24906 24324 12264 12019 11485 4457 6812 9583 28893 27986 13416 24502 31302 14999 22868 28414 25995 29620 27264 32313 1765 23754 6420 16698 11498 3046
23929 24344 29025 18054 28362 23511 3157 22617 20101 17733 23912 18247 15495 10019 8042 2225 10039 2693 31274 7162 27649 1148 26252 11846 31750 6129 6364 11137 14609 28372 25954 24740 7885 11895 21303 4915 3126 27444 20823 12810 16718 32598 16886 858 25873 18743 20504 29679 10154 5285 17244 27572 21735 13194 17944 19320 27371 2508 20907 30706 2339 4211 13583 5635 19323 5130 27054 23612 26065 12871 10871 7584 5033 23278 304 29099 12323 22514 15886 7571 2603 8413 3459 8909 18672 32115 8279 5843 29847 15250 6650 10277 30512 31837 14617 29837 10729 23706 28271 5288
17025 31831 21982 162 13568 10708 17854 12865 23974 13213 26741 10277 1825 9719 5191 11854 8451 30589 21872 4062 14962 26891 24176 5664 5409 7387 21159 30922 25728 10478 7969 9087 3376 10414 21939 29848 30906 4561 15943 22820 20864 20608 4724 27181 15092 28345 5970 28478 23047 19186 2444 27169 16869 8703 4022 4077 6367 28725 9953 21313 2472 28112 15725 25546 21701 10898 28703 18187 5695 3245 7539 28253 5019 14051 17204 28212 9739 6636 23113 15013 5350 13592 9426 3365 29782 18997 8820 22420 23633 2227 7920 26746 3018 29702 3835 9360 19496 2380 12106 31106
10487 26672 6636 28147 20445 782 17884 29377 11472 6744 9431 22923 5767 1848 21355 5233 7982 6518 3921 8987 23902 3229 26620 20733 16716 22617 23922 10457 19009 24612 24923 16773 12362 17953 28247 18414 22064 25928 10645 27229 6058 14020 17058 2297 18386 9881 1406 20366 29654 7050 21237 7308 15856 13882 29484 22867 25752 2961 30331 10157 18936 24161 6266 2204 4000 7242 22879 24663 6779 8667 16775 31631 4865 2553 850 31222 13743 3205 28468 16898 1972 12345 28169 25070 17390 21459 30121 515 5140 21110 11197 19477 27189 18253 10961 27728 3681 13425 7594 3893
13478 4365 9433 223 12094 704 14992 20875 4358 17986 2229 9047 21554 2891 25909 1354 22847 18352 26779 32661 21034 17871 21217 13592 28128 29230 12933 15912 22517 11359 480 8336 24728 7975 11956 2261 24775 25567 16388 10431 11967 29977 3624 24340 14007 13447 16672 3239 3021 2073 2345 14993 1345 21094 17806 30143 15329 19021 3521 941 31684 30172 20650 21616 32315 19568 32319 22010 5 17438 28501 3226 1986 20050 32693 5314 28842 1974 3699 29197 3455 8022 22651 20352 30656 14593 24941 5393 24352 20210 24235 30309 27959 22192 22704 24286 4470 11570 30371 24277
18784 3655 10283 32292 14583 6965 8582 6120 10101 13472 24021 9093 13373 11182 7098 3818 22545 3689 2085 3606 1669 4965 2923 986 948 26786 27801 26593 16945 27059 16135 19951 23873 288 20016 29286 839 14602 31680 28686 25727 16141 17391 789 31215 24427 23566 32085 14491 15206 8031 20438 1273 16109 15914 19860 31396 6523 25357 2946 23636 15933 17044 462 16398 12147 18698 21095 19352 6424 23182 22717 5424 32453 22889 26312 31869 211 26270 21323 4038 31936 4291 15706 20834 3283 25872 10522 29040 11011 5814 22984 20424 31510 12401 3324 23089 6 1121 31535
6868 16552 19990 16763 2800 8079 15082 6307 32208 27183 19603 32083 14330 25406 18936 11689 1706 19552 12868 8179 27518 13058 26169 22203 12403 1158 31688 13825 30736 11681 28638 15815 7649 18690 10880 19923 31527 8501 2330 22192 25550 2502 25364 7158 28575 21417 15527 27595 25527 24793 7151 28586 20536 6976 13377 31331 13886 21207 23486 30563 18965 18190 32552 24374 9641 24430 2037 21834 32573 22397 26786 21238 14432 25058 17226 954 22813 1737 24183 14025 19315 16777 23608 2500 27397 8580 26484 12489 15633 29263 19325 32684 25766 12052 10728 6276 10002 17716 17053 25450
5274 27184 554 13181 10607 2249 19037 15658 31453 2406 10513 16810 17604 31159 29000 5067 27468 22424 27258 23028 17621 824 2605 12643 16429 7290 27590 5818 15110 20379 31391 14266 7335 21782 601 4686 2273 10436 6516 1227 16197 15432 6684 13174 31380 10410 7494 26439 25719 9026 11260 18924 29040 14808 6901 8977 14609 6665 17513 31455 7788 26604 5155 17858 23754 26614 6616 32112 19616 27 5559 19239 29886 21558 13121 10037 15306 427 26203 4542 19949 15947 7842 18618 2764 24184 17662 7997 4026 1673 14202 23035 12843 2928 14163 13579 32364 18073 32078 30443
3730 24854 26703 13509 19889 23034 31272 11248 31566 19458 5807 21690 790 13947 14611 4709 31952 19807 4976 9327 26768 5314 19616 15639 31533 19308 20565 24860 3830 26824 25956 29896 3233 12797 32356 6701 24708 10842 30840 17583 20488 25335 15465 9666 17242 28057 30200 22261 22371 30423 21874 25904 19451 19323 3972 8505 8793 19755 3921 22909 32718 6729 3778 24846 10420 27927 2333 2024 10145 30239 15322 26744 29920 13778 10674 11871 12833 6511 21496 14963 20079 24358 7724 18438 9827 1406 4046 30572 29847 18932 26736 25015 9822 31460 14863 6597 26802 8365 32163 15997
366 16913 22005 597 18622 18394 29873 19479 22227 17347 21948 21734 14811 7829 17607 26492 18480 29073 24869 9397 25295 3854 5081 29009 15373 32355 11252 28917 30341 28423 5406 12916 12373 26359 23666 29005 20106 12376 30607 4213 7384 19038 491 12886 5519 24940 25707 4631 26058 4733 6961 542 489 32194 3510 13267 24130 27788 11544 11431 8212 3693 19637 3158 23228 4506 26872 2152 11564 6804 20595 16638 21400 24328 25390 21195 370 26611 23615 19041 6041 16137 22939 23726 2766 2904 5676 2246 3687 24873 2596 1763 22343 18727 26000 10409 2829 17091 6448 3759
12172 17878 24966 22332 11900 1928 2093 10830 16750 1650 20332 18145 23046 8703 15371 30061 23140 16664 12645 945 12771 19456 5055 11695 12806 32124 25816 6136 12207 20280 3777 16169 17554 1382 20719 182 17642 7592 911 8422 15722 9520 9497 29215 3447 14885 26152 356 29076 15433 10121 27676 4638 28890 7826 17173 27193 7606 5045 7880 6922 24514 28501 18655 32551 16523 2263 7924 4683 20270 27645 4764 335 16502 2159 27300 30293 23109 32667 10650 30023 11829 1215 15759 23680 26494 836 23836 24008 12315 32590 13731 902 28968 25745 20183 5681 29327 14182 18303
30216 7651 23582 20343 15619 26764 26774 759 15625 10533 13323 2839 11875 23586 6448 10131 8817 7094 7806 1484 3739 20212 30924 2320 907 21556 7199 26651 25753 10936 20163 17374 13191 24463 29339 7039 17519 16826 30901 16800 28153 8590 13089 14052 2513 8025 30980 3503 22873 19784 20712 15150 8859 10376 5462 31128 6529 11692 18343 8115 26952 3151 1303 4505 29234 15866 21019 11964 3963 1096 12277 24872 31119 4679 12421 12808 6266 25890 31842 1900 23200 4093 32553 28489 25518 32545 11797 7105 10192 30297 7376 29861 18213 20123 21641 25145 15728 14059 8519 13623
14864 31869 18813 20502 13362 7706 25566 30091 3909 11972 16242 24657 25518 19357 4586 2086 16317 10501 24625 14358 29920 31491 21827 23035 17687 15590 31554 6981 1192 7212 2759 20215 1044 2722 17526 12530 22089 15309 2261 28278 18201 4489 8798 6118 5611 15344 30162 24523 18609 4221 3281 19228 11034 23665 11944 14013 19976 13942 31594 22085 6980 4995 15682 4100 20849 8959 25607 23109 31806 13865 24337 32208 15584 14007 18763 25011 30400 28861 7050 17474 13424 13265 22813 1373 22756 3949 27302 26097 28895 11925 6952 24769 14507 5817 27488 103 10765 19932 12121 22165
9848 11254 10811 30881 4481 23447 7267 9537 28563 19918 30649 30611 23780 9545 11838 19296 28839 23741 20197 13985 24708 11401 25764 15426 30789 29590 19402 7207 14802 10113 29075 25709 14687 4092 12794 10226 2532 20849 18382 32279 19917 2793 776 12228 16371 2861 14684 13741 18636 24874 9486 27604 29662 19354 9735 7759 22906 19425 6440 21324 20646 24629 14814 30290 32091 10498 16887 18634 3825 32141 15284 15293 17111 13271 14879 5855 32647 8132 27550 4301 7097 3452 15049 15507 9687 15122 29049 28785 16306 5476 4641 2527 25203 15426 23394 13006 7892 4562 10713 3121
11664 22834 11324 25020 25623 10336 7589 19179 24967 12631 31277 23879 2008 9851 25021 21477 5462 15927 7457 20527 29269 6629 31070 6118 1824 5102 27974 29800 11826 14642 15689 5935 5801 29098 4494 10139 10999 7243 12867 24049 20443 8750 24113 20387 3984 17647 28563 20690 1348 11347 17192 3857 7371 30509 5511 18796 31381 21378 19123 18857 8157 25067 21487 717 7972 26683 10195 30946 29918 5986 160 22008 22635 26769 21713 20586 6472 21919 15858 18018 23687 28844 16821 12959 20092 7940 12611 24182 7354 31557 4816 29975 19518 8901 18802 23570 16361 29230 28467 29978
820 30059 5477 11528 11551 3784 24373 31779 28522 6484 10883 15262 9736 2698 15089 29794 31441 22321 6970 2830 29047 8065 10438 27964 28603 26247 32123 9223 5600 22731 11221 28618 31584 26159 313 20777 9183 13082 17030 9046 16477 9430 5870 11149 4271 3383 5380 16865 31024 14718 9749 30523 8372 26748 13244 23712 10941 27643 21425 20402 25074 31065 26082 28794 26316 28022 22725 9316 13971 2001 2028 19083 7817 24813 26842 1335 28517 8186 31253 15524 1282 13233 10364 16134 30297 4736 7899 8649 429 17895 13245 18461 2309 17698 27009 12978 13023 25352 13488 31936
803 21299 31886 10827 86 2657 2543 11173 14608 32282 22604 14900 15792 1939 32022 29301 25166 28115 6474 20289 23793 23316 2374 27216 5122 16748 18139 9723 12545 29356 12707 9286 19319 28553 12693 12061 16428 12793 26582 30174 2201 30432 25042 17432 9888 19180 652 5523 30843 24253 5682 11152 2291 26186 17397 1873 12242 1920 21016 28124 5786 7212 28742 22781 30071 19226 31784 31114 7283 15486 29751 12010 7401 28052 3279 6104 10044 26500 7045 8293 28872 23944 19643 12604 13849 30288 22386 25642 11611 17574 9055 25054 32018 13134 5440 19693 2828 26672 30064 24089
14227 25273 9401 5586 22759 22910 4970 9981 2795 6946 11946 32501 10014 30330 14348 3791 30925 28144 15204 14819 391 14885 5848 3463 25042 24539 18746 9758 14876 23825 31381 25938 6132 12655 29445 23965 17274 17893 29644 5902 276 30608 9891 4426 7011 18909 5966 9937 18806 1008 27507 13698 17725 15687 19628 12386 9792 7578 14555 32409 21648 21510 11454 19389 10238 2411 23747 11603 1932 21011 28701 16787 7457 25236 29207 11116 29057 3063 28072 4040 1147 17177 26440 30737 13669 14162 10499 15860 4037 15445 5324 25701 20561 2903 28947 483 13850 8052 25498 8189
29700 12622 3716 13333 22137 5623 943 5476 29022 1297 579 5182 27206 2611 12939 5783 13030 9615 21508 24007 18378 24530 4532 22922 18246 21836 28861 11339 29870 31825 3378 17570 31689 10975 6441 12315 2180 8064 21010 2873 1764 4466 24647 12986 7998 3078 21732 6685 17066 6470 14808 27490 23477 32730 26684 21521 30550 6189 6372 9085 31268 31947 25396 7754 13765 6670 7733 11053 29354 24825 22504 15603 16889 8548 22235 7621 11211 20313 23033 32682 3480 14271 2726 30285 15599 26677 21772 15873 17003 20033 6831 29698 16610 20906 29512 9213 23775 28194 28624 20179
14419 4136 5083 20123 22151 14637 31015 15334 31829 12022 20853 14406 24728 14913 14999 16913 16609 14507 6347 30050 11884 1489 27463 24161 10066 32694 20245 16580 20479 10853 9249 30870 24807 14039 2193 22583 7285 28950 7764 10149 24900 22947 20222 10489 11410 28181 467 17973 8434 25860 30753 19516 25920 24869 17364 22306 28634 24502 3140 21414 4621 26141 5457 14845 22478 13004 15538 26066 4011 30055 24970 12170 3841 21033 27196 10956 1646 13444 23681 11841 31369 13575 15288 2200 13521 5765 8573 1742 16612 7796 17532 12204 18930 19603 24967 22673 27760 13776 15079 30577
20497 1640 8688 22046 7666 28496 16089 2758 10004 724 2762 22973 20240 17534 12341 25725 3846 28729 17770 18924 9431 15542 5478 7133 17044 7439 27372 19928 21046 17834 4568 286 8591 30817 687 20968 2688 23519 27770 2544 27501 25165 4309 23602 1006 815 9795 3572 2503 19592 13508 12548 2587 3909 8362 21313 27356 10968 22440 18268 8326 15396 21548 27360 27661 13209 27374 3440 13587 5792 5833 23888 21599 28729 14027 32040 25227 13538 29320 9988 24316 7612 14515 158 17176 16105 3055 1248 21938 23864 4578 9893 21193 18180 6283 4288 15219 13401 1494 10047
25108 29273 25966 11761 1747 24030 2259 14373 6223 29025 28076 17845 27789 27163 24158 12611 1590 18537 221 21443 14847 12149 18371 313 18536 26643 31135 17092 16297 2793 17039 29148 14825 5587 1041 6360 19378 28806 22294 15539 13986 9331 29784 29711 13411 19438 30446 28538 28125 31887 11549 22257 29353 12504 27506 8354 17609 29977 5645 17654 19607 23441 21568 29647 18684 31702 8793 12047 4066 375 13755 28249 13036 3551 26420 12315 23652 29052 6026 7116 30837 33 16983 6514 32410 1193 13079 616 28502 6110 4224 20318 23078 24217 12818 26529 32692 29482 29678 30109
25677 32249 31979 25760 26261 16750 10983 27616 11897 7439 6491 19136 2150 19432 30258 6735 184 25136 6364 22545 21366 20009 3998 3587 1084 24648 5932 15321 12920 7830 12409 25994 32217 26454 18638 27406 3845 9960 10266 3430 6283 9453 6537 17630 25624 11436 599 19599 16365 5301 23271 1831 24720 27075 15887 8429 2754 16615 694 4863 6578 29923 5026 27614 13680 21204 31115 301 19876 31253 19316 28342 11392 29535 31035 1710 13811 17205 9326 5946 10016 31615 31584 10546 27150 4213 19068 7204 20897 29886 14298 17308 20937 16601 23824 27042 2041 27069 13131 23173
10203 19132 1438 24023 8258 1709 23961 16569 3168 1098 7710 21849 17721 2519 16496 3000 10071 15365 26509 1969 24767 1045 15806 22583 23333 8512 20588 13278 5724 26967 24117 24220 1808 31911 19263 7377 19895 28959 12236 22406 22981 14517 13583 22002 19743 18181 13375 12355 13267 14907 19433 24475 25606 2868 24458 3928 6702 2272 13661 5016 9601 8939 9842 10492 14508 18332 5376 25005 13001 22781 7420 25501 29835 32060 13034 23568 5564 20049 9460 19546 3818 11489 12857 5098 11101 14946 11367 23431 22348 16001 22412 17882 7760 31680 31785 2349 28184 14180 24457 22130
29023 30862 5712 12679 5915 17064 25943 7864 6647 20226 9399 18822 7172 2493 22820 2214 10923 21993 30589 25421 16103 23786 1696 31659 3505 27936 4995 693 15547 11207 11137 6440 20320 7707 20721 16843 24539 19904 7677 18676 30904 3170 2482 17741 8841 6809 851 5592 31194 13839 22515 305 24935 21220 5698 23060 9356 1105 25768 19742 7676 22668 32144 15320 14006 11244 17927 18673 20789 14158 12933 31179 29927 23991 28170 4410 19937 32059 30573 1928 21713 18205 10481 17340 13108 25399 24090 31259 14281 25244 11199 21488 28485 17789 24159 17545 13640 6217 12985 12162
20880 27672 31894 17478 30061 11850 12266 13010 11636 9067 27 7612 7032 2394 2465 28020 3254 9387 14799 26827 16464 15689 26864 14001 29181 20064 23190 11587 31998 28026 6191 4613 11092 11496 23001 12139 1328 32099 29048 25503 13483 21235 27653 3198 20919 4368 23849 29923 10837 519 2314 10025 23305 23968 24677 18667 19339 8958 733 25614 25536 18886 15250 16642 3304 3716 11254 13892 21273 24138 6364 4392 15084 9626 3538 31701 8054 1669 19121 1169 11386 14869 12146 10815 18652 8425 6723 4645 1369 18207 27610 19187 25462 24439 9738 16641 2230 31156 22676 18393
12816 30790 20543 23797 31648 2343 15403 1994 20637 9731 15714 31493 6027 24475 5296 23316 28338 30827 25269 19944 3278 4746 11832 14329 6664 29907 9406 19083 5413 11074 18779 18224 6398 1696 1481 7311 5680 16227 20919 16483 21780 16336 25699 27335 21490 22882 9323 5808 21873 26991 18913 27579 13138 12553 26269 29993 18782 25635 18647 18983 3229 13300 27637 2899 8905 22689 27553 22909 3586 24086 11551 10666 16579 14388 13021 6751 11797 25138 20044 11804 10755 3389 9199 3878 11853 8802 13746 16521 22369 7086 26492 24670 11654 30868 12807 24394 3675 20878 30704 20807
19072 20231 12554 15271 19347 1913 24568 1110 22110 2259 1531 26207 15694 4381 2312 4017 5927 14942 16414 19492 19959 7614 6614 25015 6729 12776 4412 539 16026 26802 25821 30070 5905 20480 17441 25185 20842 14821 26331 22322 24884 12300 17183 30849 1084 13911 21844 30949 27465 8389 11913 15871 23305 153 15629 22202 22860 27833 825 9936 14960 10580 12433 27537 8988 29383 20748 32224 21042 28610 1711 30078 18174 3750 352 4491 6068 21042 10490 2633 3097 20831 11677 12324 20608 28296 29256 31727 21752 2510 1449 29809 11460 12987 7475 3360 523 7462 18034 25132
29137 23894 17051 30143 25638 12138 16488 21124 13469 19959 26658 14182 16128 7156 28159 12442 9282 9683 7855 16863 23477 15857 6706 1540 25725 14384 12524 26539 11077 2274 5883 22350 30769 19178 25032 8831 30995 28957 988 20596 15329 9967 15094 10178 11623 9291 9306 16745 28729 30914 27499 19729 8172 4584 18044 27283 21637 251 13796 15547 31282 17350 14672 6477 20792 5317 28510 31301 10797 1674 21351 5219 12903 28255 3483 14055 25780 25133 2388 22682 29259 19869 17828 30221 14339 25212 5168 9509 5059 26724 14914 471 11834 12185 10265 22577 3280 11057 14980 12186
32732 30328 15023 7002 16663 18834 4156 29789 22097 8546 22933 24627 3170 7851 24193 18780 7780 24693 4342 11459 23839 23987 4143 24712 27333 546 25085 14338 24288 4724 22114 10501 26248 7086 18780 22112 13529 29135 14079 9130 22436 434 21958 13887 17509 31285 11051 1925 12661 4251 20085 27764 3969 25647 19922 13909 14139 17706 27045 20681 8015 25303 6689 270 11929 9461 4887 10878 32405 13405 14860 15448 8727 30437 17039 11459 17468 643 25802 9488 13216 19382 25174 17216 11729 4897 19796 5318 32516 22137 17849 11918 18951 18594 8425 1597 3191 5397 12168 28859
13107 29317 5516 27119 21264 18626 26775 2505 22991 28125 2181 19078 19276 16013 26176 1071 24311 5585 11484 16739 4488 26583 224 20823 32495 1053 18913 15131 6282 17110 14934 30239 2971 8591 2471 3061 27641 4882 5255 1880 30470 1675 22404 21614 736 27113 30684 30282 28124 11143 20115 13749 8752 32524 10690 11566 495 27024 14386 22063 20283 22784 21289 31666 25782 19139 6788 13812 21049 17821 5894 21369 12745 10964 22256 21328 18630 8850 14546 21656 18790 10123 22688 8003 18530 30175 21256 10778 15087 24898 21251 16897 4336 22106 7595 13949 16234 2920 4172 12147
20280 9259 17597 4147 17408 19714 20465 2996 28517 4432 20169 20001 1150 28964 13612 24469 32647 31258 4954 9252 13783 26492 17789 7450 8722 3501 16770 20359 16544 5320 30502 29691 4190 18052 30292 21390 2963 29531 20398 30243 11557 13035 25450 1518 22029 924 4703 3124 9992 3459 1375 27474 8847 3206 32456 14849 11018 9665 27222 25560 12609 11305 7995 13075 10003 6255 2162 10130 2666 14376 10064 16165 7278 22570 9308 4870 6393 28217 25184 28327 587 1507 18368 17326 21760 29864 12811 7998 14399 6494 18384 1145 32307 10964 7347 20547 2239 22966 23487 2632
26221 18864 27646 18240 15272 9686 17223 114 19500 21572 23384 1142 14522 3329 32037 25920 17680 22570 22127 1882 14872 14156 3479 13937 14432 32273 18357 25363 3786 7711 21733 28087 27013 27197 30433 8958 27963 5303 30165 19768 4748 27908 30574 32554 21948 8359 19508 31759 3752 851 10011 24796 1279 8786 29524 29384 5294 10024 15465 14092 30364 19827 23689 14311 408 28693 25889 6886 30608 29077 30124 27746 13059 963 29899 17482 18616 4763 24472 10275 29105 22124 9015 20044 20827 20794 13487 9863 27655 15200 23288 19381 24989 9081 24406 17121 16527 17793 6117 11136
1293 23864 116 17655 6264 30663 21910 27998 25880 2214 26103 32132 21009 17853 3565 9779 15251 3786 4431 12981 15186 25602 18314 21654 21814 12283 19953 23724 23635 26825 13397 1365 9243 19560 22486 12800 20946 15450 24568 18415 25155 31888 4602 1083 14258 22926 28259 29464 17425 31179 19677 27738 9079 24150 27206 14648 15053 22207 7429 18256 11979 27701 9114 3308 18211 2028 16761 644 4603 22722 7705 21892 23457 15393 6728 14414 20090 11815 4033 29571 20284 1284 12032 7295 26973 31652 28501 5410 24524 20367 17720 14550 13790 30221 4828 23245 17547 11405 1799 31115
12250 26695 24096 19365 20634 26913 14730 2504 26195 29647 304 6652 9596 30527 865 42 30190 8500 18143 14300 30105 9777 17202 23365 4982 16536 29506 15233 22204 11027 30245 19998 9815 6707 12854 5082 9366 31063 11879 23726 29476 28368 5592 3340 29497 27458 6568 18534 22033 18509 9483 9455 4510 14957 6044 19621 3450 6687 31221 12175 7199 18502 24701 11075 5210 12748 28802 19372 7933 13964 15240 2314 3285 30576 25824 10042 18651 20438 17788 6712 15022 32313 513 5090 11585 16397 18206 7935 3537 25834 8221 27519 5915 7405 7095 12292 15563 1628 13101 17570
27447 16008 10132 23267 28493 31224 18800 30479 6858 26563 24197 3754 30894 25662 6634 28733 9708 16087 23135 22618 8805 5953 8928 22490 11799 5586 379 28521 1682 809 22622 1093 6316 787 15668 4674 31350 30384 25266 16146 16751 18897 16492 12995 2295 12197 27886 22921 15622 4757 24072 29374 32029 15212 873 4391 11133 29627 28527 28793 31896 10108 574 17435 6853 18933 19216 25390 12855 479 5068 30155 31024 24776 19161 1931 2162 10678 16180 9037 6135 27405 25280 23603 29665 28594 1758 26606 15796 19313 18238 11836 19907 1692 5877 29102 18664 11509 9167 30127
15992 17358 998 17858 25206 27503 24947 523 14343 12216 6373 21777 16422 19464 32048 30402 153 26205 13928 24760 30500 1468 28302 6074 19708 18387 16554 11910 24190 6621 7705 26061 27425 30918 7721 3456 426 31887 27619 2890 31903 13045 17960 10846 8957 3405 17920 6258 16685 26035 24366 13323 20021 24419 20232 4092 28972 9831 28037 20521 31472 21107 5272 17297 10267 28941 4540 24460 16178 31472 21968 80 24352 14515 22310 4794 4579 23206 22999 2892 30598 18429 4697 20082 7503 26928 22099 28169 21817 29089 20399 24609 8612 27776 26097 4866 2380 4331 20936 622
26488 8538 3811 12838 3188 23099 8198 12720 16960 13273 22877 3414 2442 31618 9488 20594 8922 2025 30231 31977 14349 3273 23888 7158 14852 20939 29903 19497 18077 20650 5493 28847 10978 32405 2756 26067 21889 17621 14577 24261 19837 27823 26939 20634 290 652 12412 3733 318 29783 9214 31653 31886 28455 20623 29998 3959 16414 10200 23308 15350 15505 22506 22742 7642 30056 16666 21599 12081 14792 32271 9603 12544 11504 12825 31520 3127 29537 4548 4450 16099 15170 22958 7492 10662 9218 10133 4435 20836 18751 27060 8117 26944 29927 22608 7531 14535 15517 11662 10963
12906 3678 3975 17777 20018 28772 24734 9966 31919 30794 27154 5473 17970 15730 5327 2254 27196 19108 9354 18924 4917 21239 10508 28204 29281 11765 6606 21750 22545 24314 20423 2614 7190 11229 20866 12823 27259 1746 9587 25102 18548 20367 7819 2843 26001 12206 22282 22860 3383 5715 19861 11394 19537 5902 22664 3703 8003 12291 25485 18944 15391 15176 11118 1936 19740 3982 27687 4862 12100 5124 13632 11912 2412 19320 22617 5911 20329 6847 9735 7621 1409 20056 27870 31388 22560 9036 28367 15520 23500 22360 16565 31504 2395 1102 18474 11242 19044 19129 19359 17325
10739 4032 18604 610 32129 21069 1188 4573 6691 23406 2925 22849 27137 19963 4238 10690 30218 22905 26250 10415 14310 5182 109 6831 18476 16598 12708 29771 15574 678 8209 21420 19442 17871 7263 18342 1690 24149 21651 2038 16421 8833 5348 712 30111 1155 2765 25469 18807 28508 15968 30378 26488 27387 13789 3940 25850 19366 30595 20923 29018 28828 23974 1668 27303 22009 28930 23644 10910 32217 15695 14825 8153 29888 21526 1379 1859 30010 29122 1363 22991 28350 30970 16027 17002 29656 14382 29623 12334 21384 11632 10562 22744 25061 15494 21436 16252 13317 2877 4746
4983 21281 30720 7230 31654 10997 24232 16409 8661 14182 8086 8398 4730 13671 7423 3209 17572 23325 8840 5680 24110 23361 27411 21481 2104 14279 14552 26332 26583 10173 13239 12346 3852 5237 460 22398 31219 29158 20037 1523 27709 30288 12912 31606 17120 29983 13592 24701 3597 24850 21522 31064 1891 14748 19475 7863 14434 26507 4805 8045 25890 19687 14105 28531 3909 3101 7134 18480 9514 19036 16531 7671 12643 28992 3193 3794 7786 13230 20461 11902 25231 23039 28661 21430 10293 6496 28697 19125 17982 31352 20084 4342 7364 4940 26122 32318 10762 6240 19292 32476
27570 2335 22330 17199 24624 31613 21465 2154 15486 19163 37 24212 10769 11819 23896 4051 8461 31060 31436 3305 12981 3544 13325 767 22565 16052 5427 32418 6467 11144 22895 16395 8179 22263 14307 9379 2954 31825 29367 18886 6278 26735 23657 19655 28796 23007 18276 19509 13905 11330 5077 3677 8877 21233 20410 28944 17581 26343 7483 1703 15064 19419 21310 1091 30805 12460 3126 25946 27227 28418 5947 26735 4584 3635 32608 18720 26038 28003 7489 23398 4203 22768 26331 27673 24335 3853 29089 2738 29636 30636 23244 8277 4273 5026 2546 30735 3904 26373 474 7260
22409 25305 13199 11756 27662 4588 1971 6054 23976 3327 4630 17390 15297 31270 9095 14115 21700 7026 11754 13164 23250 12492 11915 18869 16567 12580 4786 31732 25372 7884 19064 21681 20989 31518 32216 6085 20062 7525 6153 28770 20538 28923 7435 16467 10429 24238 32129 29829 5299 25960 23742 711 21311 9744 32034 29902 5328 26283 18087 9340 22097 20679 7095 3426 31904 28441 28737 22403 17474 11877 22283 32602 22869 26014 31050 16159 11205 10575 11376 7495 21443 28217 6725 17482 6771 16189 12089 1960 31461 2685 17144 14894 12103 18879 12096 14709 7769 2578 18671 21165
15649 5811 28513 25752 14559 19249 9720 25305 32067 20688 27644 7791 27358 19243 18086 30589 20951 14366 12663 23628 1247 1763 26830 14738 6246 10875 17082 16373 8719 11088 2573 8907 3170 31768 4018 13348 21186 5628 26176 522 14750 8186 31694 22791 22251 9608 1546 20456 32465 8314 29829 16577 26788 23077 23889 21297 8215 26565 6094 31719 5804 17948 31169 5477 26991 22620 27302 30212 12004 20039 16712 10041 24894 13717 8078 8726 14545 14998 16536 13588 2762 23576 27914 30479 30 5771 2472 27538 14528 19043 29732 15445 12055 25022 8755 11268 28591 31047 14054 9794
31023 4186 568 4334 22667 1129 7908 17061 21882 23454 8825 17032 17195 8897 5039 13631 18739 25181 6908 6974 14539 28446 8547 17478 16952 6526 20877 7215 7818 160 12058 13542 393 3196 14393 12722 26605 21309 17782 30651 5581 28135 7124 18380 22874 61 25884 9560 26061 30690 628 11963 23198 18110 27955 19139 19191 7331 6644 20335 22888 25649 4586 1526 15324 1783 13939 12299 15308 15578 25327 29280 1714 27323 24786 18537 25281 21588 25080 25954 7123 9571 30009 9875 15523 5643 10558 31443 26684 11895 20882 25419 26545 28096 8700 29052 16399 22545 5133 26244
25744 12297 19189 22428 22801 24416 27035 31718 22726 21198 3820 1894 21805 19752 27762 14157 24896 30157 11049 29566 23791 9792 4751 10571 29901 15126 9723 17279 18954 27667 11311 25506 22177 28560 21808 16504 25042 27935 29270 19915 6355 882 29855 4458 8131 25977 9544 18802 11999 21195 19615 18380 4088 28487 15123 9975 4133 15867 26765 15368 14773 17221 7683 27119 27239 4663 23882 14843 6622 18752 31531 23969 25679 16905 8122 32121 11645 30878 8419 31113 28647 28110 27462 32454 3135 2260 27973 5592 11551 15415 14426 3870 4856 29166 19630 28658 23627 712 17128 17710
7707 15627 18499 32494 24738 15963 8420 14744 21571 9438 9322 6170 21184 23454 26822 4979 173 1583 3917 25461 8996 20369 26635 25801 32187 8279 24411 8243 19635 9 27061 22295 12146 9672 25030 14653 5939 31792 3270 10193 3581 7299 14598 10670 27089 1283 10952 29916 16424 3743 19284 12630 11677 26066 20040 22801 17894 2761 16688 22843 16392 7364 14678 22720 13003 29886 5084 18451 30060 21328 31751 7723 30867 9683 11230 26316 11140 9925 6900 1543 16793 23917 3970 21764 27632 16578 17848 31743 23393 394 8533 11665 7859 16319 7542 10033 12559 12086 28331 6906
19636 28547 2896 26287 21997 6935 3611 15356 29248 20907 9969 7678 8169 16866 3582 22534 24967 30249 11524 20890 21012 26850 29427 25533 13594 9155 1467 4977 22308 28280 18014 21881 21107 20624 23369 16227 3059 27286 13540 18886 31854 27262 16488 1993 6654 8004 15601 30692 30152 28623 26324 20971 25063 14619 27954 30280 13223 22423 26061 25223 30196 24524 13083 20249 8210 19008 4249 23121 9358 5786 14690 25779 27764 10758 23808 622 4802 27867 22146 9767 29725 27516 22990 26872 26307 32380 2873 5049 11969 15877 13653 19838 614 17530 4362 4960 13047 1115 21481 23937
19876 13673 30908 5450 18619 7435 30306 16631 4380 13809 22746 2134 3053 31479 28829 30411 24718 22860 3121 7832 7887 3539 28667 347 5473 29129 85 25048 27787 31401 20960 25337 22814 29004 5147 6163 31659 9301 2613 27243 16371 6604 1568 30713 20639 1033 6631 20332 29490 32212 29505 11630 24635 20938 5478 7976 27599 20739 25889 11785 4662 31985 15143 30915 15589 2187 28839 23959 21420 29867 6690 6611 28209 19381 25725 665 14749 16506 18517 15073 26261 13404 1938 2753 13164 26802 10559 15341 26263 24430 26521 8058 19809 12029 17509 8423 4832 19822 14215 2653
807 5847 11217 24118 3773 4852 15897 27069 8782 15890 29326 30004 9889 22827 21580 13596 15562 1363 13101 24752 2721 11858 29666 4531 11122 2195 9795 20843 6390 9789 21988 30446 8322 26527 18665 15004 14463 19153 8475 8941 18970 24216 4923 11885 17212 23691 10390 24324 1213 11892 16089 2683 213 25337 14887 5180 7635 21884 7529 29785 12561 3391 31973 12240 9767 6092 32531 9742 9823 25236 24491 22449 21609 22486 10499 2706 28752 17090 6040 28419 30637 16095 23530 10837 5659 13994 11918 27294 31210 13696 27262 26552 24856 4285 8627 30093 29308 11302 24566 2962
14149 23940 4083 26002 18595 13202 13967 8621 1476 9241 30843 32672 26114 25946 7689 9543 15195 30380 2367 3168 31009 7270 21035 32145 21234 21247 32117 15533 18411 32116 315 18995 28185 21226 3096 24087 4656 20373 17030 32709 32640 11480 26215 24420 1060 9390 7390 21591 1405 1096 18019 9482 14559 20984 7447 31723 21641 2637 3412 11702 19675 14464 31881 13558 29123 28174 29253 1737 121 23975 22417 9443 32108 7495 16515 4309 27260 21411 29712 1167 11625 21702 9762 5156 14987 29180 6122 7374 22468 239 4728 9522 2996 24080 28553 4837 3371 28216 9376 22830
18148 25487 1112 1294 17264 18862 10744 19069 5488 7424 17224 30455 4103 29038 11427 27959 25487 27707 4942 3651 29323 5420 4616 13224 29405 17133 31714 7943 12090 9904 18769 720 31962 15127 23426 2126 14708 6740 2541 30436 25961 32655 11821 24726 11840 30599 8719 30666 32082 1149 25577 29264 24262 14670 21805 7585 21696 4063 18237 2148 27350 32445 19073 25911 7620 4613 29624 2731 27488 2946 2955 13456 7888 19990 23656 27252 11514 6235 4749 12134 13628 21129 25187 24320 31325 29595 26894 23460 26564 16813 31554 29189 30440 29097 22104 5609 2312 27170 26529 23598
2332 11648 7674 22027 27147 12126 31136 12697 21790 6448 20038 17298 7349 16937 27493 24152 18233 24156 7892 6713 18001 10529 17816 29425 11865 3770 24317 24176 528 6454 21990 16606 26256 9366 29793 25053 21380 7727 13694 18190 5013 21327 26978 6102 10533 4899 24471 28258 27456 10200 2982 14824 28367 27393 22504 5680 4111 31033 6809 15444 12354 18697 24878 28868 31653 10508 1512 4748 19361 26960 17322 12250 31045 13312 15368 17338 13300 22848 9120 293 12379 4697 2221 20282 17318 22 26585 23243 16116 26734 851 24859 7944 30562 12322 6118 25665 1833 3513 22178
9932 13195 23499 25861 15128 15499 25184 4807 31370 31816 8233 31913 1139 29733 13072 8886 2879 13608 12052 13257 495 10144 22356 12879 15817 30219 28009 22094 24653 7990 2809 20647 7532 29606 14729 21400 12789 567 15507 1156 7760 14339 16857 15095 31086 14213 27640 12517 28672 11007 27456 2098 17383 5656 6339 18807 24556 27338 18348 16388 21426 25979 16595 22305 19432 29802 7310 23706 23235 11853 28361 19578 9388 7225 31065 2582 17718 23233 22669 10829 82 22114 24070 13071 5062 10015 3529 29724 15579 20328 29075 23822 18006 25152 13933 29850 12970 21663 18559 21779
22124 32277 24873 21039 30471 3249 15184 11278 16817 28705 25078 29560 11934 26 19726 871 9331 25083 16526 13253 28669 29101 8645 10614 25635 12749 14063 26521 13849 1805 1287 1547 27095 17111 16348 12589 25290 16692 103 22248 27849 7661 13660 9454 20810 17648 511 15426 19670 25076 32569 15866 30906 29536 4843 5444 32000 1129 20866 8871 7837 21115 7628 11403 32236 25051 31498 14588 6491 17802 17734 13483 26725 7788 17382 2869 8896 5545 19074 5288 2007 22100 23539 31812 14970 19019 940 1150 1236 7774 22862 19531 6302 20915 25206 31130 8083 21608 18137 27938