100 100
31104 28720 4635 24027 23494 7540 18765 18824 31282 24087 29421 19525 11363 27787 23484 19359 7745 28523 20722 23740 23019 11173 6613 10141 11761 8670 12169 4000 17348 6930 10026 17737 31338 26747 536 9537 22902 23221 22674 2207 12344 13343 4743 27239 13617 6788 8872 1616 14793 19451 30658 21707 17989 6923 6219 2112 12787 30227 7227 28571 2983 32233 31005 25095 26219 28610 21605 6137 24179 26194 20484 5489 27215 13876 1338 2429 19556 27019 8619 18174 14493 7914 23222 15022 606 20337 11010 610 26298 16441 3673 2445 18149 8947 12218 20230 26348 10699 15785 14347
1187 4755 22730 5253 23263 27933 20654 14477 25830 8424 8941 20272 30244 30207 28789 19055 31264 9503 23841 5258 28846 13080 3470 26239 31333 7029 14122 26573 2387 3679 30349 31613 2544 17855 24589 24163 6225 13731 32396 31394 5534 7139 13461 5230 12742 13060 13224 13334 15729 3164 32209 28993 22583 21879 9599 887 20239 3258 16276 15332 16138 26950 15289 19545 20545 31264 5876 32660 7435 16526 7292 18113 6516 18884 10444 16449 3819 3007 8950 7081 59 2418 8250 32526 2493 544 26071 20864 4555 12297 15649 3796 23927 23112 19924 2215 23933 15868 29352 14495
18295 4774 15397 2036 20304 11730 5561 12335 5371 2554 16648 6450 6757 13479 7043 22649 21928 26585 25148 13727 13185 21161 26616 22564 7684 21805 29062 621 23438 13212 11344 32268 23036 1202 29488 7490 14874 24406 21893 30146 12126 2939 5253 14520 2007 14916 2773 19466 28768 2411 12887 2270 18713 21987 15427 17244 7704 8636 28537 32693 6235 4424 16661 30820 31489 17276 23364 22964 186 2456 1623 22146 11645 16907 10262 31300 26745 23184 19799 23626 29261 15774 29135 6212 2939 12031 31271 12293 24346 23486 5202 14982 1484 8519 29215 1070 13552 20426 4618 1104
28185 27616 2648 19446 17086 13169 2659 20957 51 27093 1586 16320 22487 12089 16460 9433 22416 26437 9678 12710 18036 29436 12476 24809 14793 16867 17557 12786 30256 32357 14634 22560 28957 22902 1967 934 1674 14711 19987 10123 14061 20569 7309 24821 359 23814 16760 25510 11838 7164 1888 4039 7565 11067 6493 5348 28218 25954 415 17977 4393 30741 30283 1068 7343 14753 26758 24346 29770 483 2510 22358 6287 2662 15249 24175 13155 6603 7416 32178 13422 32366 11012 17904 4557 7238 9949 27778 263 4621 13927 14729 15427 14753 29461 11130 10168 1963 23298 29659
27492 3710 22590 12615 21761 10306 21093 2744 5685 3153 32375 4102 13065 21473 24803 938 13468 12772 13797 29128 29721 25132 13330 14445 4582 5075 23858 25877 27934 21210 20813 2928 12098 13584 22537 31077 16427 20021 5171 27736 13891 12128 5531 11176 5877 30110 15653 11388 31586 11228 10013 8896 27990 1031 4043 9066 4218 11121 26183 15362 27595 15991 399 9057 26442 8033 11223 26553 20981 13449 30752 15829 1015 20928 5644 21922 28956 20717 6129 22511 16263 7671 24364 29041 13991 14821 8888 3850 6759 31044 17407 12106 18085 457 26095 27959 7910 19256 31313 10313
9800 10116 14678 28089 21432 5688 14195 1788 30308 26389 3439 20874 15987 28669 18107 17379 15860 23056 2561 17364 30229 18964 12287 12790 17558 26650 15510 20089 17789 2654 28190 23327 32010 1904 22269 7819 24045 29585 13688 11452 32695 19808 32201 6357 6543 23990 19057 29727 5414 20174 9935 15952 19949 16041 26610 11022 20613 20656 1964 24751 11894 668 13799 5187 14885 18579 5180 9940 16128 13459 20418 10220 2556 11540 3364 24920 22081 30441 23287 20524 29219 5736 7754 12039 12373 19402 11646 30104 31065 11989 3416 29025 4411 11704 1108 23483 25983 29494 30780 4379
30552 30726 18938 19859 13851 17274 9131 4764 24050 8032 27892 6674 11989 17190 22937 31360 4022 14913 17995 24734 29180 2510 22466 536 2355 22906 4108 11665 11010 9120 20005 7144 27485 12466 27591 26298 18683 25050 28035 18472 32267 3809 30993 2010 18723 31567 1509 14659 17017 9940 31746 12071 4437 31974 13587 18523 5574 10156 5048 31181 23189 2587 9502 14788 25463 9567 210 12392 11142 28028 23255 20868 26610 20789 31734 17291 25332 31021 5205 14297 772 588 7243 6204 21068 14180 14195 11699 6748 3604 19967 9333 26655 27373 20559 4405 3086 28884 22723 23461
27299 24487 8141 12857 12561 17956 30282 27437 16946 2822 14866 30409 28609 4464 30925 18148 21449 31887 13577 20391 24157 22140 394 1427 27530 7775 26337 31941 30090 474 18241 3449 14138 17829 13453 8654 21199 8565 27829 4297 20676 4899 28739 10907 2838 27914 26417 23079 22708 9137 18430 32703 3377 7850 29953 26926 8381 4281 17404 2812 5203 6969 9204 24301 26164 16572 21824 3019 10899 27378 26593 14949 7314 1996 29713 15320 15213 480 16670 25869 18421 6160 20089 17283 13889 22630 29450 3919 26528 16963 1735 32353 16593 21433 19077 23816 28791 1589 526 4025
31175 32353 29811 25100 22404 29512 18084 18183 19245 4284 25661 28319 11381 22772 27299 21628 19699 18810 19024 11261 17435 18245 4715 19836 14189 5665 6812 2259 29420 24408 32542 286 26066 2955 8982 30147 22402 29665 11555 7344 26814 11876 12854 29156 13594 31143 676 8241 10416 2988 19833 26432 24086 18438 3600 8917 6285 8507 30688 22356 11899 10604 21657 26501 30748 5688 2160 22420 5748 15325 12470 16732 9864 17312 4272 24036 13517 8560 16547 18474 1249 3270 21294 23840 377 207 25820 23797 26779 1997 18938 12693 2061 21947 20134 32371 7693 30255 15657 23942
12866 4485 7815 28049 31475 3386 26964 5544 8823 2966 4808 8688 236 3726 13846 7590 7724 16872 17914 3683 4093 12448 31889 29854 2184 27019 32110 13682 10509 22330 24042 20897 27860 20257 1979 3546 16487 7160 10697 28727 6398 1890 11069 14090 8251 9933 21722 11481 18455 28569 9360 32167 23325 22140 32590 29045 23766 32293 13593 12297 20100 14623 2907 29166 11282 25337 16765 17084 13644 21668 17335 14490 22348 30748 39 17664 18996 16202 4641 706 14115 554 14279 9546 31329 2089 17881 27940 21981 16593 3534 17857 10202 28583 27171 28788 31205 20308 25843 24769
31754 28676 11464 11735 16455 21772 19377 15707 19009 5583 21652 2919 18230 1506 31430 13267 563 10350 18393 8371 26759 29398 25525 544 12919 8858 8938 29500 1075 10876 20293 28784 6921 31457 24226 760 23257 10617 3072 17826 20425 15394 1755 9938 30777 6922 11446 3018 27386 28180 247 14632 11706 27006 22263 9392 20419 19904 25178 5196 7398 7863 8604 11857 31921 22018 22253 24324 20969 5293 831 14173 28212 6156 6045 10507 28181 30186 20670 17335 4381 25572 28890 22413 25184 3599 19388 8441 17703 16609 22809 25006 14820 27214 16672 2797 28523 13873 5970 23812
29790 18926 14228 8213 7401 25429 31106 23064 28848 24266 11783 9763 13574 26787 6954 4329 26464 24018 27179 7810 15369 8132 15311 23914 29975 24457 22264 10955 9629 9268 9592 3071 13602 4229 29479 16720 14162 11205 9012 30211 27636 12786 20408 12694 31516 12060 1937 28229 16802 27151 7789 30931 16850 25138 17189 32134 3173 25775 20557 26228 13745 31956 2825 28413 11036 17338 17441 4249 31958 21284 3928 11476 28616 24489 1274 6294 27591 15894 16821 27816 6670 22542 6313 16244 18411 21491 11202 11276 25016 29706 24134 19054 6669 28889 21930 32007 4404 21204 31914 14197
4317 3897 15513 8849 12307 27705 24821 16813 29551 28760 22846 32026 15756 24854 19720 13806 9146 5327 13904 18179 31479 7136 30220 5955 12571 1291 5893 8483 18002 16669 13033 4974 31439 27085 11676 28484 1215 28648 15056 18274 25212 29867 25045 1188 7428 21104 29618 21447 3753 6286 10100 8308 522 32378 20678 16762 15681 4658 25794 14940 19806 9691 16647 13835 9749 16552 26892 7924 27059 5887 11700 30781 27990 19927 29474 23628 19806 3429 2254 17546 9759 9975 18392 32358 17624 21024 27549 29084 25833 17685 22665 7095 19776 11351 17708 25812 25109 17810 31119 12714
32471 8645 6344 22215 11366 21156 10444 20764 1922 1851 19589 26556 27524 23507 25636 6881 13643 24857 1977 1072 12922 7805 4096 3134 4321 5081 8574 6482 25144 32339 28109 7021 2067 25732 7989 6535 7186 11738 8828 9244 10328 18746 17150 20711 17471 9962 19712 9198 26954 2479 10817 2494 5212 29490 11474 18168 1831 12200 31784 268 15846 17586 22640 17477 27983 18306 10274 11014 7363 24128 985 2643 12489 28844 13410 18322 31162 19460 22290 15251 6846 15912 7261 18127 23798 27644 21669 31469 17147 26382 16208 32139 28808 18041 20509 2106 14963 18185 24248 10698
29410 13983 29836 11465 17851 11991 11480 18246 14684 25321 23301 30682 10125 1229 27447 13290 17074 1443 12578 19238 31558 13649 6431 9301 22916 1390 28542 14165 8039 29535 12830 26717 18133 23999 8252 10374 12311 18693 31881 32650 5261 22368 13695 25291 4512 30694 26612 32151 24567 4334 28656 20138 2798 10682 31676 16116 15428 22362 21819 5533 28691 28876 21885 27975 9478 20072 13970 3731 23750 6268 14236 21478 181 26931 18216 31341 32479 17851 10175 1118 13102 12966 17079 4225 28893 26513 7503 19184 16430 26116 9212 23323 9312 30618 16381 29454 32219 22370 27445 25591
23727 2692 13882 23522 22332 11304 29866 12488 14642 12435 958 23752 7869 25491 24353 4020 20473 9758 30722 31183 28844 12086 616 13269 22580 21519 11461 26684 9662 7028 30159 8634 25785 8295 5259 25351 21899 2056 9898 27620 11906 3768 6425 20316 26893 28797 32468 16202 28460 12456 18939 12571 15653 1206 6951 16341 19321 26229 6910 28504 21782 4456 4613 13541 19918 28523 12982 26844 7432 14490 18899 1482 28853 19056 18681 22690 15494 31276 24440 1611 14684 26233 5474 2651 30977 3149 7394 4899 25109 8978 19919 24299 10315 1028 32641 32382 5333 8410 13540 8426
13084 19880 20170 19585 13749 25092 14470 10531 10128 30056 17078 16320 15731 15063 8288 21272 23463 16323 14913 13765 9202 4655 19553 16764 8133 4625 491 21392 23221 29178 828 29367 303 11000 10810 529 22376 26556 20711 9574 7316 11000 28214 15024 11864 13579 29981 3289 129 27872 10731 9157 15606 20499 25052 21907 8171 11862 24810 32032 25688 13332 18919 31181 21674 2132 21705 23683 21432 479 16197 26100 29176 14245 11167 14883 25331 28765 25024 27942 26358 13676 9865 19754 32011 3336 7527 3513 28967 8093 26663 14392 6821 19567 30988 1460 24307 29058 19231 1502
19596 27319 29895 14163 25126 3127 18585 29985 22060 7188 30833 23943 29294 3886 28354 5629 22552 3412 21034 4212 16352 172 26442 13791 2692 13397 17620 6642 13684 17994 3557 7210 1995 28810 9878 6669 2948 28022 5838 5811 9963 31610 3930 31621 27217 17391 17727 22085 26116 10560 5966 14415 7295 16460 12794 6942 25821 30988 9575 28177 20884 14966 8643 12655 28511 30113 19929 17066 28796 29737 27619 15840 6168 26069 16544 6311 31240 29047 28839 23050 25273 19732 18427 5071 31594 8517 8159 252 32408 15325 22252 28057 4282 21964 3936 19382 4399 28740 10169 6576
30581 3354 8579 32177 4251 18030 27246 14966 12537 2446 15267 24917 11806 31000 856 25982 13578 14943 3234 29825 20638 12816 22923 14352 13392 29718 25445 25862 7971 27322 13662 15273 27351 30991 5460 23852 7004 7309 12010 6777 653 20988 29915 8237 19483 16788 11406 9187 1479 30306 22507 30389 30677 9453 29038 8448 25021 17690 11897 27496 28451 845 15343 31004 30985 19665 10494 22363 26436 31610 29756 9784 17964 25736 28406 16026 25752 20175 27332 31110 3594 5141 25953 31905 13606 29116 9914 12272 8809 19617 1349 16611 31511 27715 17556 22162 13429 28968 16938 23366
18233 2684 25741 32571 14143 12028 157 22692 17277 23826 10531 17648 21049 9793 7341 28492 28025 2500 17818 8297 25532 25202 113 15231 24807 27621 7287 3218 4994 8923 19072 19444 12836 1244 28165 31499 29996 29470 1143 32340 22706 15525 5843 6312 15038 5038 26999 11198 10679 29262 24116 25074 30494 12887 15524 9540 25212 23675 21693 1956 28824 29364 12199 109 17134 14819 17099 9007 861 18103 22829 13233 14368 20944 9979 15158 5119 5924 15206 768 5830 17570 17584 6163 4599 15382 23174 15419 26044 11341 17041 26704 2591 17785 25416 17337 14461 3286 22792 13615
18744 5006 24934 28867 6573 5339 4292 10019 3686 16235 1570 14873 1424 11784 4407 6740 19887 21368 32448 12907 29840 23970 32537 799 639 21491 23306 21729 30139 29952 27363 8852 4647 5997 971 8595 22850 4621 20309 2806 15961 28490 16724 2577 27388 28616 8177 29758 10158 8261 20986 11741 15584 1732 26493 24728 24609 10986 4246 26348 399 32168 30341 4324 3473 25626 11011 9768 30408 27055 8663 18743 7234 23947 26788 8177 24561 24361 4357 25944 348 7749 219 18583 4245 20985 7398 15684 3435 11046 403 8418 1760 17941 15893 22954 20190 24414 17847 21131
5669 20489 2929 30831 1160 5364 31673 7360 8537 25972 18587 24874 8226 7487 15372 4259 26005 32138 1148 2473 22726 2414 12202 7627 21656 400 18364 2667 19829 17153 18063 28354 32579 3427 21324 25381 14227 29774 32316 5510 4123 32754 28381 3901 11622 16637 14389 2057 21962 23487 18278 27217 29851 20107 8323 27824 23966 30561 23970 25777 25792 7371 9266 14039 7688 32261 1167 2017 22987 11872 30676 4939 12575 16360 28657 19224 13969 325 11773 9423 7963 21215 21197 14276 30544 22342 24005 4248 14554 720 3566 24067 21542 20100 22857 23249 606 4662 28259 6443
29592 18932 29738 4888 11597 19105 31743 9284 11532 10720 23052 20735 9071 23860 22488 32392 23375 21605 29976 140 8500 4901 10953 8170 16143 3571 25723 32441 24620 20032 9200 32140 29026 8656 741 1524 20877 22884 1840 24135 26174 23190 32011 27296 26800 2308 19376 32551 32510 19120 30758 10131 30100 11175 19034 2029 11491 25825 18545 14998 3930 19049 31837 20363 9105 25789 14254 20712 3783 14712 18859 28843 7054 1838 23458 17339 6341 30872 26492 11817 9415 4849 31892 25781 14562 25503 18122 10132 2315 12566 3027 6768 3023 13050 4819 23985 16013 5507 10797 19707
31203 19494 16281 1783 27238 30578 15992 8791 406 25144 10341 13332 29457 23022 7181 2810 4614 26197 15936 17511 8941 9306 14664 7760 30069 18490 18041 10884 23230 2794 30217 18229 19401 1718 10530 180 21549 18216 29238 16508 5387 4139 20371 28018 29763 8304 29751 24939 19432 29457 4837 22511 11762 17525 24440 14909 4147 24179 14968 27790 29837 28602 15083 158 24929 29296 2669 29033 15946 26137 18307 19506 26892 24763 25133 27338 5831 15167 9914 8975 21873 23835 27360 4019 16770 27438 4364 22079 17393 24043 22007 3671 27744 17082 7290 11839 15252 11419 11171 8350
29223 6157 4872 26498 14209 17966 10587 28837 11524 21283 22847 32495 16775 3002 12378 19771 22790 17998 25772 20062 7319 17132 17439 11877 1696 22195 16991 31007 32584 26241 6379 2524 7467 29900 11629 10355 24146 18125 12871 30602 28002 25828 13678 6161 18195 31288 4475 9744 21476 22430 29951 29347 18958 7612 29719 8002 27574 21102 22593 32326 30054 25960 8814 23721 20670 26653 29529 6414 24423 31968 19990 11265 29257 16713 26862 1407 16638 14299 106 25529 30086 29923 24750 1813 8252 4771 6408 26486 10248 12464 3529 20157 2775 665 23636 31888 584 12745 17780 14170
24744 5807 4595 28306 14881 3356 9576 21057 11822 26604 13136 958 25938 18408 19040 17340 5898 23019 10778 16775 11264 16452 5791 28555 20609 11100 7876 278 2865 26009 2151 30047 11262 22145 22276 21446 10066 16675 8323 32093 12685 16818 9300 14248 11954 20084 22718 21665 19040 16346 25204 7167 19461 9201 10858 22968 31566 24825 1510 13765 10466 27474 9434 14629 12111 4768 14961 9252 68 10791 5096 31197 4610 4215 4511 25854 16653 23118 13936 22987 31271 9402 16703 6502 16510 21118 1234 31309 25637 14519 29155 6692 31937 32447 1908 23733 31877 13650 7523 23605
28512 26863 15678 11976 14964 13185 32088 9544 28619 4415 4637 26434 2629 31953 2466 4162 9685 5812 25985 12881 2029 23519 1763 25019 3127 12199 8414 11798 18822 15584 9474 11391 780 29253 24110 30503 14797 7706 11688 17935 29267 27919 7789 1295 676 20584 17094 2845 31857 3931 4124 22220 1936 1977 11533 29715 16557 25041 26048 28496 28732 15250 14965 31116 11697 3823 15456 8705 17140 22408 11447 18649 25615 15238 4618 12089 3882 15302 14291 18558 10426 12091 19534 12487 10229 3469 4234 27827 26505 19718 20160 22124 28301 22447 2789 23524 17848 23478 8571 29278
11473 31507 18604 25393 17510 7787 10137 21960 32705 28469 30704 15086 29464 15643 26044 32072 20996 21155 8578 6947 12852 32014 22665 3441 26211 19329 1913 8205 1415 18786 23336 8007 29260 14341 5040 32412 30400 2952 7621 23749 18512 12027 22085 2292 2035 21444 11281 27994 4773 20546 5148 748 13847 20913 961 12903 7589 25934 25946 18065 2952 7355 15118 21442 12877 20900 25578 14500 17029 19619 14131 7223 191 21345 27131 3352 30643 25087 29427 9730 6848 5044 24704 23445 27801 32439 21777 22358 32315 1887 7599 1016 23074 28296 5846 11994 12220 7994 21379 25296
21278 32645 14990 24614 25846 18607 3642 21986 14016 10898 4619 16458 16189 15935 17111 4262 13089 3047 21792 583 5644 10236 28065 16584 22460 11155 18471 17300 20865 3085 16546 680 14321 5622 29308 26779 21724 3885 25129 9691 7555 17477 25856 18745 30980 1324 15177 16808 19225 21770 4247 11585 5890 20844 22104 6539 20160 5282 11434 6394 8836 5989 19824 20917 25703 21950 11685 27036 21595 15139 18673 29578 26722 6626 19322 16855 25854 12739 3581 16930 23016 2536 6173 17997 22276 8697 7419 24264 28053 15998 9734 10771 20910 21644 24597 15742 12265 22692 16051 2868
2906 29912 27065 26999 14278 27183 10531 7981 17425 8523 17180 6556 26870 11849 91 12146 20475 19433 19122 5384 18083 4591 6628 26087 12773 27337 8888 26508 21981 3185 31819 26984 17858 30869 12202 26155 4120 18422 26016 19010 31526 17678 9933 926 26027 6645 25080 16056 8141 5509 11431 29906 20562 19389 29164 12159 14866 5475 897 9573 30124 13037 16663 5186 29561 5794 18924 31789 22974 6653 27804 8223 4902 8786 18745 28593 8559 30899 22941 15911 2147 22805 21503 27310 25866 31919 7109 24034 1310 9123 13465 147 4799 25056 27583 4041 10344 13127 11174 29189
24866 6925 11709 29130 14583 21088 32391 348 20906 19021 2034 27592 28581 1249 5605 5924 17203 2446 2328 15384 20975 30929 11304 13982 5245 786 24299 21509 7287 18124 3073 16956 22186 23021 7339 1101 15747 640 24288 4136 4036 25225 4510 31138 24443 6960 2943 20157 3381 11042 12172 2346 879 3125 9301 14604 17997 21579 322 19711 11151 23928 26148 7001 20160 14695 12559 4272 5552 29689 18028 10140 22821 26928 8010 3517 1486 12876 4597 6656 18808 28211 2250 30751 8324 26902 6985 11623 22425 26450 15724 23230 21910 6036 31031 24548 16843 28737 26257 17401
23144 31765 21842 1856 3893 23050 23965 16930 13444 29819 19056 13686 25189 13193 4729 12287 21528 11966 21292 27958 23496 8688 530 20810 15990 10600 18532 9830 3123 2372 15576 16178 18578 1050 28603 8860 30557 1246 32064 9432 24967 8198 6680 4517 9826 12267 20034 19411 27922 4211 21029 1538 19010 15853 16860 30892 11797 23356 6865 14694 28255 25400 14221 5986 16662 2385 15822 8505 15107 3446 13018 14311 9917 1845 10772 21271 18392 27683 16845 23202 24154 21886 25180 14674 32366 18705 29553 3307 4189 2392 31654 5996 3257 12517 24151 21906 18652 7426 11188 24222
26513 27544 14100 29016 16912 4175 26509 21076 23856 17655 30401 24436 16088 22823 4602 31918 14262 9507 4474 15887 30004 9219 14860 29440 28584 30994 15583 30409 2251 25717 27028 27219 28269 27405 18070 15154 5479 13726 938 7138 24784 27440 31431 20817 18804 2741 13095 31134 6529 2029 6814 12321 4228 12167 26923 12971 916 5769 25293 27663 19917 6385 27543 2017 9473 11164 8711 29565 9897 1384 29588 28747 12578 25494 24454 6978 23830 28018 23562 3499 11064 31541 4486 31528 14900 17450 24618 28916 6373 14352 25544 6764 2249 1984 27109 11983 17587 8463 3600 27714
8128 8694 28786 17431 4236 1776 15015 7246 31910 6308 26316 19036 22593 23748 31961 11052 28204 3637 14897 31844 25604 24688 22392 23273 20136 4648 24741 2725 27373 4909 21336 27528 20115 16784 30573 16332 9592 520 9681 10110 20236 14228 29076 30010 28677 24162 26432 16438 19540 19952 22122 22401 32087 26225 22918 31373 22608 11634 4096 31468 6422 7613 16008 11095 9482 11901 18861 16372 31309 21924 16045 985 7984 2442 24203 1996 9708 1494 24419 11852 6292 22434 22523 14550 24903 29914 2458 14945 682 25317 31773 4907 13461 12424 8263 22967 14605 18183 27737 21782
32115 22157 9954 27751 23546 25037 21465 12186 4447 11498 30697 23929 15060 5012 9740 2792 28733 2677 2907 20331 20126 20427 27941 6890 1748 3926 19774 6321 17540 32116 10393 17339 338 11659 1049 4144 6227 10151 15269 20012 11716 356 18299 10690 16124 32271 27590 27713 28319 31240 1650 25269 24853 9578 28479 3505 15674 20974 7700 32332 9559 22541 2967 1130 15442 22373 32762 4669 2849 22110 17431 30987 23172 1293 26816 25393 21748 10073 6224 12136 1238 27228 9862 4423 757 10508 21140 6921 26927 25626 28530 5265 23919 28954 26232 17323 18651 9445 18476 2453
3918 32059 24409 31166 23304 3501 31329 19917 20644 13242 24275 23269 16203 22073 6976 27687 8488 13303 11083 9849 27 1440 8704 22918 4786 30435 20071 25094 9557 15057 3672 320 9152 16262 17296 19917 22199 17676 7941 8606 10740 23420 13943 10561 3685 3174 6216 30815 19604 13171 20877 18314 23399 19017 6757 16181 3849 11183 7306 29700 13352 4594 2085 30791 27489 21639 27367 9921 22776 10481 32085 2733 31949 27366 23139 2307 18059 12205 21829 12023 14883 10442 24962 18882 14457 6621 16714 11174 16476 26056 28169 16940 15292 30480 28476 25009 11543 1926 4996 27168
20789 2854 16376 10497 2325 16959 18880 7347 8231 14036 3552 31989 17084 10562 15185 11436 14522 12324 854 30944 14484 3956 9229 18695 26233 2803 324 9350 21452 14282 16271 12661 4821 4465 5527 4258 12982 21968 18357 15065 14240 27812 448 17251 25414 24101 803 9165 24978 7398 20786 29931 11671 9980 25534 14619 17096 16994 32742 7118 28263 22684 13617 19013 21824 13723 12506 18841 406 11745 23403 28158 3422 28645 29837 22344 15531 1209 8479 5807 7274 17386 8069 25039 31055 16040 5699 30451 17167 26150 12490 5778 12240 28996 32401 13850 13277 17772 18536 20461
8607 26297 20490 29865 1481 13151 11761 429 5074 28231 16750 8409 13992 23801 26360 30100 6563 31935 26821 6932 15799 4871 23959 22490 28399 7434 27097 10875 11798 25259 5866 5030 25271 12450 13497 16739 26953 32217 31122 32665 20899 22 21559 4563 25014 29659 9267 23107 12410 7051 19563 29192 27945 14797 21494 5804 9900 2869 2350 4337 10066 802 23303 30925 14536 20450 23712 31411 25670 27165 10008 532 774 13168 3491 27942 13050 26712 22493 11748 958 26962 30302 31830 28620 8000 25998 32274 30191 32527 12986 1795 26362 28823 22376 22377 15289 7362 24296 31521
1832 26353 2604 11815 22755 5531 26074 27225 9182 28215 1694 637 32086 18525 24517 28294 18439 23592 26632 11539 8096 20446 165 24121 6260 18643 21173 31618 10098 906 5817 20789 18007 14110 31350 7384 10274 18400 6403 29940 4552 3394 14624 24088 11050 12020 17865 12576 23620 23884 13579 14007 2727 26859 20759 7195 19241 32158 6037 9505 23515 1154 9018 16248 31291 29036 21405 23345 27051 32647 10054 11391 15906 8511 31752 15036 16162 10078 10642 24749 30442 25461 10816 8711 16876 18814 17975 31282 29313 21695 29872 2124 23772 13298 26516 15473 24380 162 30026 27194
14950 1496 21708 25731 20051 23031 24577 1650 3878 20453 20551 19893 18017 875 10574 27146 29783 1247 17965 26117 26085 26624 15535 19726 21085 14881 2798 29353 5571 9098 17188 16122 23356 14363 10685 9352 19395 15154 31153 9025 5406 23247 17168 31934 23824 9718 6111 32201 29905 16981 31522 284 24763 9511 17978 3948 2118 21336 30833 16550 8758 27882 9428 17017 12563 1943 29249 10260 9178 7352 25024 26417 28402 3685 20246 9810 12641 2014 24472 16458 14912 15657 21310 8448 620 19965 27640 24432 28287 20447 24389 14578 27903 17291 1537 20927 17621 31125 15998 24241
10240 10832 13527 7242 24202 17647 1409 14072 7611 14826 28195 2199 24462 17572 168 20280 20065 30794 3218 16673 6384 5118 12945 8725 17028 25141 22100 15829 17256 10077 25247 27622 3485 25540 5022 149 18894 27829 15225 20281 24710 8420 13608 8632 9121 15371 31113 18764 11265 3542 2735 11399 16258 6141 10621 30357 21295 22447 2420 19394 32182 15927 30410 10043 28185 7386 8892 17945 15015 2046 2597 17307 7211 30098 10830 19123 26979 6825 30728 197 26291 19560 19704 3499 15899 26659 16179 25852 13159 1731 5899 13454 26789 32619 22312 7225 18140 32091 2778 4830
24315 11540 20141 7336 22288 17596 18238 13970 14266 27589 31310 6954 11745 17866 15893 17556 5284 9401 13016 20433 23443 9783 31422 9538 7455 16448 9184 2663 31054 270 30879 237 2228 1597 10810 5864 31646 28460 2464 3165 14736 20134 17026 29187 5362 24514 19629 9546 26374 519 1943 19869 10269 16596 13367 16100 22539 27135 16666 25934 19160 30653 7348 7757 11704 20930 500 8930 22589 10665 29467 26394 15820 30357 22221 4825 4942 21529 27496 30678 32039 18517 1174 10471 22892 13666 18206 5759 31312 31217 22272 21620 25824 1326 11200 27910 26609 25067 32514 25886
8022 31994 2391 21971 14166 10970 343 16178 1117 12439 4336 30783 17137 21483 13565 24631 5096 13993 15130 13592 2264 347 20919 13155 21712 8490 24172 25377 30021 7423 3724 13860 26447 17896 22013 23439 15638 18109 20551 27801 10118 22275 14314 22157 18507 5392 26613 9749 24569 19312 7124 6073 11402 9608 24938 4515 3086 6009 29024 27301 14238 32072 25020 8829 10898 13627 26293 28503 2548 14726 5573 17555 8244 32038 24321 14025 16668 4110 12454 24842 10759 20097 30964 12137 12878 8127 31295 12986 24580 2019 9539 24986 13539 4364 28088 27312 18309 20411 19750 31794
31960 1660 26619 9386 30156 11465 2267 12538 1358 23851 26167 11165 17018 28322 26145 24881 2828 15687 21598 3634 2584 26160 16061 6665 5884 31380 27560 837 146 28207 7929 24872 6314 17640 8463 7781 5047 17330 15392 20776 4296 10416 9168 21591 23994 11932 31491 1559 19372 24425 27632 20371 10164 31271 1656 23033 11216 28712 22709 5316 31776 15713 30165 28993 1106 8210 24361 30540 18781 29610 889 5979 882 13029 18587 23999 5167 25911 21315 27430 11543 31597 285 22115 14911 24466 18713 23410 25929 15375 30215 31670 17558 15895 28515 29574 2744 22338 1138 10472
18982 17016 28046 30620 8500 20497 30653 32349 25154 15674 3721 20835 3123 6811 6156 13868 10017 1591 22347 19580 22862 15507 18629 18595 18526 17690 11595 8958 6852 15808 14097 24768 11643 2534 3334 23026 20982 26749 6241 8377 10329 13679 20604 28120 27113 23098 30950 13941 14273 12766 1460 20256 16840 25594 6679 16401 23007 31538 21812 11953 18271 15059 24879 93 28354 30650 30857 6758 8608 30834 21933 25436 10974 8348 16581 27020 27426 27540 12242 21191 6537 31313 11516 31077 31901 14477 30502 23178 12161 23846 4294 14760 18287 18885 12532 7493 28005 3517 19137 2303
16410 4150 7881 6349 4663 9610 2828 24967 22724 5103 3321 15017 24032 19287 10700 21844 2998 21652 12570 17557 25516 15296 3498 23274 30173 31196 6279 258 27850 8631 8787 27077 332 21521 9950 18324 27342 16129 24312 26322 8120 11412 9347 20899 31278 25783 23756 24819 5371 26199 23835 24251 29896 15302 32136 7551 20882 28257 19985 10524 5211 23920 8682 29888 23839 31821 25876 10810 9481 15305 28721 32372 20711 8907 20119 12093 18396 23098 10915 3660 25172 12317 21583 15746 17725 22017 5639 112 32117 24219 19385 18201 28542 16047 28716 22009 28537 21809 5266 12102
5458 16041 30304 8565 8504 30684 10077 7936 1104 5032 31737 17255 25002 2096 13281 10613 7028 22329 4304 30404 16493 5588 20392 16515 28061 5950 14273 11639 30788 16132 13441 31040 29712 15978 11565 15582 27026 16654 3838 8307 20723 19657 15736 23114 9443 22742 23799 7961 8659 24630 11147 26499 1380 29522 23557 12001 25119 3299 10066 3906 23398 11791 2056 24240 23978 1492 21567 12726 9951 10154 10658 26399 13101 5476 24518 8447 25065 8280 29882 20216 26307 26047 10207 11702 23361 27231 14073 24508 1132 6503 29063 867 8393 10906 5712 27167 21130 13231 12095 21765
31238 26872 24432 23178 5223 20803 22411 22926 29346 28926 25681 7577 23725 12446 19316 6244 29932 577 27308 21659 28652 2705 19719 1505 29779 20716 10881 23061 14103 15043 1492 28627 10223 22080 23697 5694 16903 14380 7536 14845 21752 28943 22756 9092 23031 23961 24563 27285 10572 22080 17733 17158 9223 555 29819 1732 9710 20815 21442 8472 21433 25048 9127 16169 6530 21706 4397 27075 28023 21992 11804 27734 10962 23253 17309 11586 6411 23929 13060 23377 29515 5542 22765 5253 1061 30203 9866 27157 10625 28681 25915 26034 21720 17333 22623 29710 23463 24029 12651 22687
11293 2623 2617 3745 14871 31894 22946 15194 14415 29957 5710 5537 29136 953 31691 26273 22446 12235 9693 2011 5875 1379 30229 618 19164 20259 30629 13195 8006 32451 13683 6748 30563 2296 13932 13028 27825 14491 5147 596 14893 15623 24442 14476 26564 30659 18440 2785 18954 19809 14619 11294 10798 32165 24952 1480 10798 18154 22817 5799 14663 22722 22894 6785 11440 23005 15199 24361 20615 1324 12337 27321 1292 8773 26671 22299 15373 23818 7115 1742 27297 16517 10989 5862 17177 22807 18059 12885 19252 16850 22650 10858 8850 8483 7556 30871 3435 22708 9658 3447
6017 27792 12043 4367 25427 25993 3606 30805 31124 13015 6461 5102 11483 20225 18939 31804 26012 11265 2167 32408 27223 10915 21849 28636 30735 8494 17884 2085 16126 13638 1572 11223 6023 3345 21971 17889 876 7065 13015 5954 20289 3185 9861 8140 26657 4764 26860 1063 14751 7850 20067 5402 10239 16420 13157 23558 31399 13866 23199 20659 19152 29531 28998 7247 19073 6389 11694 3508 30654 11581 15385 8938 4093 4386 28109 19437 22489 31005 24169 19120 2826 27995 888 21601 2197 5406 23111 22511 3904 20833 10228 3530 7753 27323 32712 13546 20055 22149 966 8466
14001 22335 4996 32342 12974 31792 23866 28123 7021 17485 1305 24542 18885 26716 22238 20215 29823 4185 13734 16543 16067 30745 15876 12017 2769 18221 20049 16301 25842 8201 26947 27778 6829 10854 9921 141 21053 7396 9974 3869 13891 2548 15269 18361 2489 29685 15292 19300 14375 27805 13611 26399 13849 17307 28918 22448 17872 2170 32137 31394 29752 25545 13133 4237 25114 2937 26488 29847 11667 22150 16681 27963 4037 13274 25780 31305 716 2158 26938 17454 1011 14514 19582 4214 17960 24879 22771 24463 26798 618 12826 6096 1554 9228 31498 25017 12128 13121 19280 6525
10134 8286 26106 31165 29529 32710 26351 25495 4327 12814 23170 26591 27725 22367 29510 30124 25562 4636 21027 21015 28883 23749 5289 15679 18536 30492 7589 26769 2279 11910 19442 8774 18224 1459 5010 23084 4201 32641 11517 25514 13299 4382 20153 6398 27036 32621 9515 17354 10262 11180 31917 28367 16296 4947 20961 1272 3363 1855 15428 24986 22808 24079 26374 13818 14152 9679 3097 26640 31324 6356 9608 20106 4054 23014 18698 28180 22600 15269 25047 7127 20419 5925 15546 10559 6803 30172 6759 32002 18985 4798 15376 15710 28249 30374 7731 28578 18118 13304 21942 12527
10394 1412 17205 27712 27770 21678 4251 12712 30905 27340 11503 4827 15307 20944 14961 10480 11005 10279 8934 10085 6500 27617 17968 8292 31507 273 30497 24132 26769 30583 14993 30291 30347 21340 31918 30931 13765 23998 12436 25154 28502 16301 3614 12767 28949 27893 25083 18793 32335 8701 9220 31274 14523 30959 18380 25396 5551 23065 31609 1259 13203 19348 18643 11715 9111 25635 19611 9291 31649 25949 30750 12907 17545 16655 4362 30185 6281 3548 25471 6706 1519 12070 23145 24408 2581 13362 29198 4695 14483 12934 14563 23196 25267 8086 21156 200 21286 28064 12707 4785
29173 28629 31329 2217 25786 18873 17755 20484 32527 28108 13094 24276 5959 28522 1726 13559 4956 11248 14876 28244 16937 3872 16646 19041 21721 30407 28203 19689 3232 31132 11887 23564 28841 5484 3716 32647 8271 2164 16058 9525 5519 23055 2328 3798 27581 22161 28075 19728 32375 626 22814 27571 29912 18607 10635 13121 3309 26733 30097 9134 15213 26079 18855 3172 29604 619 20399 25994 11185 8 5327 20102 28913 13291 24956 21952 8379 11362 22487 28073 6478 28160 19517 13053 30471 3066 3097 26693 12760 8145 1789 19103 12021 25649 3570 9153 6864 30490 7436 15676
8008 1853 25409 6398 18973 28841 31866 4891 14248 3238 4587 20685 21961 14561 21664 8377 21280 22986 1625 12403 3712 23611 1176 15173 6816 31322 2552 5676 10772 18368 6592 15652 30588 18651 18872 17829 32252 6544 24124 23150 5612 26405 27790 9345 18896 16735 30577 17775 30602 1767 14835 18133 4558 28914 5258 8999 5591 545 20578 19372 2392 23718 11510 20426 5302 17321 27614 2436 3444 19434 20199 29505 1263 32679 15465 2767 12107 31168 32213 26023 13997 15385 19598 23155 20138 17728 8442 25549 7168 10576 30680 8266 17540 12821 468 5047 15196 19056 29016 3490
7534 14589 23206 22813 12824 28148 23076 6590 25634 26701 29942 31210 18161 30248 26578 3667 31741 21611 22544 4800 3205 29101 6913 25613 2945 22611 1922 23410 5080 1016 1489 28424 30419 9747 20895 15240 11985 7635 8806 23382 27197 10062 11772 11967 17086 1499 14697 31103 29869 11708 11254 31111 10956 12545 22662 23293 12853 29608 28969 11651 10896 27401 22767 16060 1673 27762 18426 32268 28802 20238 30167 19872 26500 25867 15887 25775 10364 4091 29432 9983 14244 29819 21201 5546 7743 4371 21262 15650 12425 15454 13809 17523 28654 20075 7770 456 23930 31074 5600 14385
20625 5483 14624 25251 9696 25547 32341 12353 23187 3408 18986 5593 26568 24560 18124 6322 29252 4013 12610 13957 8805 32444 4353 3785 14424 20709 3515 12595 12428 20013 22393 13694 3175 22707 21737 104 4919 31192 3065 23037 8043 19106 30884 14615 19459 15203 17932 26662 5701 32405 7626 26413 18354 6921 386 12045 15416 26945 25274 14854 22697 26 27884 30075 17772 21677 13785 245 16755 4472 18465 24171 8556 26809 15377 30657 20284 26139 21180 7566 23977 916 18253 25378 1110 1422 19099 31688 6133 25157 23806 32072 21176 14448 31330 11184 264 6435 19609 12884
26234 10484 22518 28180 28415 23645 22039 11485 91 21345 13058 1651 32728 6258 24692 12909 24635 18067 29557 32641 19447 23226 16432 20481 16289 13432 26626 16294 10404 2523 3537 22157 23606 21140 9375 28031 31370 28245 3166 10101 4679 2685 28934 9307 6202 2807 8166 20757 1863 31327 18231 30912 15526 17767 21495 31546 25676 17786 25077 19684 2470 24223 29224 9126 8333 13471 23364 30004 6775 15210 10383 10896 23530 9911 23281 11473 9783 31979 16459 12066 18788 20796 21770 23053 12906 26902 25596 15354 10657 20669 22626 8946 21880 9013 30278 17321 21865 2399 27919 20924
2348 13412 30802 27959 22571 22358 747 2394 3383 25621 77 12445 6777 3952 28694 18929 22955 24717 16359 17225 7304 20363 32626 17753 8576 14181 6868 21661 16561 7962 3878 926 25875 7691 19790 6769 9714 24484 16155 22400 5282 2622 8850 11661 4718 3396 12162 8947 17105 6805 15199 13871 28137 20266 20300 27552 26408 20217 25722 26763 19533 22553 15025 16226 12434 4390 32044 20806 2087 5863 10666 26826 26592 3374 28098 29178 27947 14080 28279 29596 25156 23030 11788 11701 29356 28899 1050 335 983 29111 23519 1402 1572 10916 11481 28049 21011 31359 24979 9406
26035 26728 8384 17088 5721 24237 11398 15852 2711 3308 19484 32370 4204 13688 29591 14050 9145 27134 7681 9711 14580 31593 3500 9586 8224 8450 26309 10930 5117 6876 22572 7138 18812 21359 18051 7915 4981 17539 11654 17772 28316 9040 11162 14847 2482 6115 27560 21183 7672 963 24875 11527 11241 7125 2696 13948 28712 22909 11679 18253 9400 1798 17055 12729 25195 27460 286 27346 13981 22647 17257 12417 16673 8819 13336 20683 28284 16382 31206 30290 8785 7034 21952 7711 26141 22212 26396 6814 28709 1627 2700 18410 5804 10181 1683 21835 872 22318 31415 18430
15159 2131 17623 6964 19983 18078 20671 8540 17203 16530 1530 2725 5549 8810 18407 13503 21752 1021 15376 10210 15869 28133 19126 25874 24641 14816 3505 27041 9052 21110 8567 3061 16557 5597 3194 5516 1356 24601 12471 15932 28736 103 31627 27840 242 7644 18377 24688 18914 20298 9739 10320 7065 27235 32581 2892 23519 20001 17824 17858 23853 11365 10117 16449 19045 5854 30967 9105 31425 21292 18215 28147 16905 14917 19010 28073 4362 10008 10638 17593 31299 14449 17845 23023 28385 27165 32097 23329 18414 18766 8200 13494 28613 18497 778 8809 16329 29981 27897 15691
26198 6175 19255 11015 26872 31988 26055 21098 5851 27494 1373 14627 32643 4923 16311 28359 16829 28506 24112 10520 18134 25648 4755 30086 15882 7506 28205 9206 27711 28260 20262 20163 9204 15161 14353 9218 31092 11067 17857 21515 1871 11278 14174 18741 22282 1904 15545 3296 16918 4196 32477 32185 24319 11151 5863 15161 20198 14050 26391 27247 32561 5241 2598 14336 13185 23747 19674 15212 27620 31716 26073 8082 31565 15959 24507 13431 25153 4312 26978 20035 16850 30593 142 5516 31441 51 10924 11479 19776 13367 12271 20316 3078 19749 3234 19722 14566 12549 3261 1995
7346 31157 17846 22025 12220 2955 25241 28273 26254 32570 30299 16631 14043 25338 18540 24858 26805 5859 20363 25961 2047 18586 20190 24646 2598 21040 18754 21994 31756 71 16096 21417 19525 887 26881 3191 1414 4336 26659 7852 3418 30304 6219 26372 15127 9495 32670 1258 23313 30825 2859 29686 29197 15187 3596 24244 21753 12642 13997 3751 26842 9937 28267 7565 7941 19441 22369 19429 402 24526 23678 8367 25614 28176 2011 13939 3184 9247 4940 22916 26702 395 26422 23430 8785 26538 31648 16430 11239 19587 20364 10057 3895 5354 27271 6144 7514 23021 7295 4442
19656 7535 28629 1026 23568 12819 435 6475 3277 23132 13472 27505 2773 25362 29009 4898 21427 15591 27074 11836 12888 22874 4742 17369 8973 20188 18012 10633 13228 2097 18434 19934 13328 794 5710 3118 19146 25137 18042 28052 16917 22036 22720 31544 8461 8645 15142 1488 25883 15953 28316 1639 28596 25008 580 31837 31811 27885 22801 27824 12899 1415 28051 26233 10322 24086 2065 12474 27042 29233 6873 1366 22066 14736 14548 32097 27997 5742 23133 4762 22897 817 25683 23094 20323 17229 9581 23776 5825 7014 15822 12285 19943 21685 9434 13364 15990 4012 16711 7470
22018 10717 18295 9882 5899 15128 20997 6773 5679 28115 26782 3208 22429 14031 26898 28466 8397 12281 1706 25959 4719 6799 21437 30201 7841 19587 2430 1046 12132 3364 536 12563 4433 9467 6397 2919 30344 9459 25978 12027 9706 10430 912 15009 10888 6259 24319 16097 5978 11644 13475 2556 13109 16047 15875 29995 8439 6075 15144 5928 22533 24518 20139 32751 247 21332 24594 25030 2705 21867 30813 19323 2805 7157 19675 22509 16664 31589 27714 30413 19059 5533 16895 12966 24827 28687 25547 6171 13650 13603 23935 8817 14655 9433 28457 20813 28252 30896 29023 19390
3342 16070 21459 13437 6074 28736 27176 4980 11830 18156 31492 30846 13694 5669 17767 15214 10153 11000 28731 32082 8219 30597 6188 20217 30715 3495 28601 8370 1768 11479 9611 24407 23527 26445 1286 25226 672 8809 1311 4159 10443 30290 14701 22907 14309 12509 22914 29786 14119 32688 21115 30551 2488 1447 5846 14792 23842 24438 8324 7592 23555 23440 22847 9881 30981 26952 23838 553 26127 822 19303 25941 3005 6365 6564 25420 5390 15242 7417 8565 25437 4735 15796 3250 32403 23121 2342 29671 21914 29583 5554 11190 25365 17572 27939 8077 2638 29439 28994 29667
16495 14193 28329 7614 22006 20950 20946 4985 29795 24567 12915 31428 9267 7087 10510 30700 28434 17485 8899 605 29261 14138 10090 25189 30086 31708 17886 15418 22955 18105 6811 19519 29737 14304 9356 14467 10844 22661 23582 7050 24906 7147 16537 11345 5522 26503 20400 10124 12191 26210 6999 24114 26657 11199 29140 3387 20670 26878 19481 25257 21764 15040 30289 21445 18339 20812 9913 10411 20441 30769 30385 24840 19245 16685 29203 22051 30560 22094 12483 15898 30881 14167 11911 29806 4096 26213 21785 11202 5669 18386 27771 27872 3650 14682 25995 1789 25926 9340 13015 21822
12628 4131 9138 32123 1395 30086 30088 3138 11655 23629 3950 4639 26240 501 7165 9754 26321 4213 30049 29058 19235 10274 6061 10473 15179 16592 3441 5744 23418 9786 2703 6469 23988 5028 10570 15977 18308 12990 32160 22199 16365 460 29402 11810 31139 25860 10081 18494 3452 26423 15059 17922 22817 28084 16982 22732 13833 25450 22317 26277 7336 8012 29577 17350 2019 2554 4513 9564 11464 18077 16644 12681 23164 25362 9774 20651 5748 21324 6234 9184 18664 15347 20888 17610 3461 20561 25887 12943 31843 18287 28644 4132 32566 11387 14188 6092 1736 3693 10974 26587
13479 21227 31324 3264 19738 12393 14483 27714 1370 5012 14993 30218 511 29681 10711 15714 6585 23489 31920 24636 12352 10025 18625 24438 15758 16015 9184 19548 21835 20551 1834 28527 17033 19823 26703 19557 2993 11799 32049 10096 29373 16550 23982 28611 17832 2168 30649 13139 4899 28620 2480 32730 6026 20702 5865 21794 30230 6736 2703 3200 4692 4814 31916 22942 7638 32754 19846 18558 11816 13413 2863 23740 28421 18760 21848 13844 17611 1746 13158 24099 29485 16442 4296 9074 7208 9943 21383 9648 11064 22662 16670 30527 203 11596 9613 30707 29174 2108 28841 19734
28775 12187 15798 6831 28315 28739 31031 25091 21585 4165 6405 10589 5950 21714 6815 20747 19458 8028 15297 14761 17243 26104 8504 8098 1944 2823 24564 20467 20049 22549 7263 6706 12886 8193 13293 9167 18917 19550 9460 155 27936 23066 10431 13446 16573 2397 13278 685 22784 17588 20671 11668 2278 879 2179 3247 12708 11080 19978 6952 9807 13637 8016 25564 30685 6623 20733 28327 15692 18531 14391 4833 11297 11673 9915 21288 5396 3492 27948 9824 6410 13609 22442 20985 10819 17843 22695 14704 11733 8534 22006 18201 20825 14739 19493 21019 26852 17788 15373 9660
26937 8984 5799 3551 21052 26633 6946 3274 7594 25964 23346 7725 1544 8961 22954 11104 14809 5516 30541 5357 20244 5243 8673 30030 2773 21192 31110 248 20819 24353 24646 10136 21010 28487 10221 23196 17498 31412 21019 7413 18407 26752 5783 16411 15842 21637 9190 29266 11792 12226 19997 557 3146 16381 8179 31568 29229 17068 538 121 8466 14102 27856 1730 24640 5046 22449 22048 2913 27360 23503 29488 25907 17063 15364 22067 640 9213 18311 4950 24912 9500 19134 22584 93 29477 595 25254 2759 7943 17546 21673 27657 12707 21714 2498 24620 19246 5530 20852
21563 20950 3173 13059 10998 29608 27681 7804 14794 32689 6580 12021 4609 23139 24281 25110 27191 4411 16170 26840 15373 20897 9085 30093 27169 18192 20340 11041 573 9334 21840 4511 28622 23774 31750 13302 12952 20300 19349 19198 28073 27112 13206 6582 25227 2143 21 24272 11454 4487 4255 32623 20837 6210 1436 20271 30528 932 22496 6502 23258 600 3708 20393 21252 19775 1754 402 31105 32091 777 449 19459 30956 29269 23585 22871 15320 10267 364 20188 32592 29915 19442 31289 1201 21903 16790 4943 1960 11579 14105 25197 7066 15558 14491 5827 30787 19720 23390
24858 31133 16164 23758 9922 22275 30488 12990 24779 21910 21650 28917 31608 31200 11782 10217 18928 31927 509 8394 25143 1892 21168 6850 30045 31493 24533 28028 30709 18224 12985 13539 11977 5081 12431 27180 29644 17014 9991 3606 18256 2656 1827 18544 377 13437 16967 8412 14322 14876 32143 13524 11230 19232 3940 3818 21522 32609 31570 852 22401 14159 24596 13735 3063 28633 3057 11235 19723 3469 11084 4784 16207 25344 17782 5863 21449 30320 31686 30804 8103 19112 16108 14779 23598 12068 28290 4632 8948 23414 5860 811 14927 23016 16706 14644 1549 1379 2547 6140
28773 7823 28940 6420 24366 15420 6450 24417 2383 6913 26796 9177 16503 4130 16572 24455 782 9143 16176 22229 27243 5643 15924 27146 18759 21571 1642 20242 3697 8256 26429 6270 16324 28614 10610 11723 8535 18141 4095 6375 23795 4471 23329 19697 15818 16468 425 19008 21605 11555 5270 17320 5855 2538 233 10488 20817 24487 9141 15047 31373 24632 25718 2929 16655 3960 18851 4444 25648 1963 15239 11904 11677 23836 26956 20774 7944 25860 1113 4591 10269 25518 17886 29465 30904 26073 29356 9470 17237 18782 20811 29661 968 14610 17990 17117 7726 8174 2762 14415
27171 22381 12655 32564 32309 5430 27990 16895 20377 23547 20340 17052 31261 29601 28205 13232 17502 11425 11045 14115 13371 29358 2899 9692 18313 29336 21847 1227 9480 22384 27149 19245 22934 25325 2914 24075 30115 25870 1382 25860 7909 22273 28067 23629 27213 7492 27822 2038 4665 13578 17915 11375 23787 20704 4597 12362 18234 10384 24142 2882 18311 69 10388 9853 15603 10993 26374 4622 24271 3052 5029 13246 16469 23518 28046 21260 15509 13534 25734 9842 24241 10715 25303 17898 6733 27963 26971 9905 26690 19139 12758 1099 7058 30903 19336 23239 673 1090 26115 22084
10402 23831 15931 23476 19279 17497 25052 3808 22749 8889 15584 31149 2607 2526 9568 14493 27978 25865 22954 20632 29705 7417 9365 4589 23313 13068 7185 11412 32008 6056 11778 22966 26114 16345 28495 15982 15164 15931 24885 27602 19213 25371 8418 8237 22809 10201 13631 11663 31432 27024 28429 10632 6135 14073 3891 18992 25581 13709 10070 5226 25232 25066 26795 16234 19928 12152 21769 29045 28549 19276 1603 14824 17165 1613 32692 27772 29657 10901 15899 16840 2992 16410 31146 24840 25972 1165 20057 14108 14348 6786 16000 16084 19873 13266 17317 7786 15117 15165 24978 15952
11152 16724 28587 15660 5317 12439 3199 25890 26325 3290 28573 1617 3307 16877 3497 23200 20968 17787 17071 22202 32087 4147 30390 3159 15523 12838 28825 446 11399 1648 19218 8839 5831 18971 16408 11686 14366 6720 15979 17573 8823 7535 32109 49 3936 23633 819 11736 14011 3468 20700 6929 32182 22759 10529 4477 4606 21935 9518 26732 17712 18521 2992 20387 15505 25448 7728 14173 18686 3986 20639 31119 31526 32542 7986 10352 18422 4240 30320 9785 20821 17544 24969 27177 10002 19176 29417 5837 5146 27445 6925 17790 19439 19520 24981 11051 3157 24325 13467 31321
1871 28883 16964 9831 10569 10413 4244 27671 3991 29681 18311 17226 17182 9783 24925 7691 2897 20604 13621 6351 28000 4992 4061 32763 11179 29036 20201 20135 22909 25272 12802 2722 22263 12876 22145 8630 18762 25829 4413 11309 25386 12219 6816 14483 4479 16993 16641 1214 24669 26604 5421 18444 11318 17239 17735 29420 29518 11046 6611 1952 23408 26698 18701 28737 16352 23621 5247 30211 23440 21134 25810 15802 25494 311 22501 28061 9694 31949 29980 24650 28 9088 31739 2315 17157 17283 243 27992 21951 182 19579 22429 11670 15747 12387 10045 28144 2821 18277 25046
17539 25712 21246 27079 21957 14765 11132 32239 19876 3396 30295 26296 26744 10623 5828 29780 2102 12493 3208 12871 10726 3428 13578 29734 20311 1066 8877 8094 12561 28374 32348 22455 19595 24914 10087 27994 8862 15972 1421 14610 14906 32654 16730 16911 15192 13363 22195 22128 13871 31738 13743 30914 27307 120 26024 18115 9243 12809 24210 15724 32042 19454 3212 32303 8208 25598 12725 31102 22281 2214 6721 8844 262 13171 22220 4183 16035 4578 28909 12262 27482 27093 19983 27599 14070 7481 13436 27901 29514 4326 9915 22704 27170 31430 2332 12229 20346 23354 17809 13112
9198 9657 25023 29159 7026 23739 15189 25497 23619 9429 24221 13630 10782 4901 11089 10873 20911 15088 15279 14427 26700 16010 16847 15730 13283 26486 20277 31490 20273 2511 15011 13202 24117 14054 6192 4778 26341 813 30622 16860 8735 25428 23785 20225 22754 25777 10012 18373 8638 17637 22888 11878 4745 11453 31351 11192 14932 4694 32254 8813 30621 1669 27794 1939 32455 29045 15804 9310 9415 658 6223 9512 16927 22438 27897 6582 16912 8002 7961 19133 12811 14944 12240 2212 25962 8518 8027 22412 349 4014 30880 7310 1319 15395 15110 12355 8842 7854 5770 31370
31359 2738 11792 31621 4651 8213 21494 26085 5135 22432 29935 11880 12671 11945 9487 13471 14421 13807 802 26869 12518 1989 26178 5101 6197 26995 2473 8875 2663 7129 10947 7350 29047 8021 19847 9980 3115 28391 6920 14359 24903 30355 3655 25038 29440 18695 25420 21471 18099 22654 31861 31740 5335 14052 12813 26387 13617 8507 16416 18386 6982 23101 18062 18027 30486 6211 3935 32148 19975 2661 3926 18642 8224 14563 21705 18424 28023 17604 22704 15338 12269 19132 26107 8359 7448 27987 2857 10375 17537 19012 18966 31937 24080 24355 31252 26415 23748 8515 4158 18774
6567 19671 16905 1185 11010 12119 13852 14317 15309 28966 14178 30282 30569 8817 7773 23296 23954 3930 25789 7889 4751 8022 5937 4734 32683 17363 6525 8845 22505 14879 28877 18504 21748 9349 2120 3081 16469 16057 9193 31925 7400 12662 30090 16519 1169 18789 2114 8975 3627 5441 30193 17530 20417 12089 6937 19987 20737 13717 15600 20490 493 13981 21939 11380 2516 5046 31548 13204 641 8143 5079 21849 29618 31995 19794 3111 8908 32095 2643 25819 2764 2895 14830 18441 4225 23732 19831 26759 18169 30129 16533 31536 22585 16006 26520 7138 26160 12468 30733 969
30702 24418 32655 29920 18194 24319 15584 32436 385 20521 3896 108 21342 4557 28636 3078 19766 24208 10739 3811 31354 22894 17557 25478 15411 19873 21286 12441 15345 9669 8162 14640 2820 24121 25784 594 16879 30408 1628 29110 13338 10121 1432 18890 3015 23811 6883 9977 25159 16277 12340 25134 10350 18966 11544 31892 29508 13240 18691 30881 253 12594 22499 17490 2604 20766 17659 6328 13107 30623 12271 29363 12798 15688 24603 2302 31729 13625 553 25451 4126 24203 25571 30576 12732 17647 8773 28131 9940 5265 32215 30210 20286 9539 18746 18870 10188 16599 9728 18201
3525 10444 961 17205 22165 7982 5482 31247 4034 30391 12505 16356 31522 28218 19623 22450 6988 23362 4165 4858 25676 26614 10827 7876 25755 26687 24844 8677 31310 2605 4462 4221 26765 26007 4089 22723 24903 12034 8237 19717 22308 4548 30233 28394 11195 30058 30249 32763 3590 12886 10048 31585 7442 31149 2822 23792 8955 29808 20612 22885 31768 24040 5358 27628 32371 7496 9919 23782 30076 8846 32523 9704 1534 2730 25873 22279 3665 20194 28689 24915 22226 885 23389 27297 9872 27006 24753 3726 4168 22556 3271 12480 2964 16592 16935 17519 11871 21286 24125 11556
6812 920 13485 7361 29751 31151 21739 4802 29516 10603 19974 24770 26264 7141 25796 22593 14893 11059 28660 1444 22121 13708 20224 7293 27432 2988 11970 30989 31545 7802 4248 23304 15375 12265 18363 15767 7609 2844 24780 28835 3861 1997 10160 22353 21056 23791 16286 28617 30032 1682 374 2108 17222 17160 5205 17701 16702 27462 29798 23759 3049 10892 23547 11287 10557 22857 17116 2163 8811 32569 26590 29491 31250 16592 6328 4615 21170 15323 11283 4290 22883 5989 25056 20573 18631 19159 7662 1855 6205 24676 12476 14011 11095 13988 8844 6619 5519 1407 13496 29020
17973 10829 3401 20729 12460 32571 16582 20973 17622 16881 11850 20147 19405 19826 25049 3088 31956 11075 28916 29523 24205 16335 1387 16860 18540 5642 2675 20955 6251 3669 12280 24666 28927 29858 14389 29822 4939 16856 17281 19465 10644 3193 3692 28964 5622 27778 22026 23900 6485 22162 22159 19946 26262 12879 6172 11575 30222 12293 32217 13727 11578 8593 19268 12661 11953 23166 5065 31816 26200 23405 18578 10597 9685 19642 22688 29597 25926 3164 5915 23113 31794 21261 23526 3979 26303 13484 4727 7126 27430 32735 10982 23216 13157 16636 8515 13494 12084 27690 3885 15073
21049 29379 31648 1801 639 18429 23823 1447 19237 6346 435 3295 10067 15100 21026 25790 31090 6061 8739 9408 669 5342 961 2709 28242 16990 20638 11812 18030 19950 23946 14033 25432 674 3156 30203 11388 22410 12256 2761 15611 20882 30330 29479 16544 15527 20074 11787 7447 27 30921 21245 15193 4683 16019 17110 1387 20351 31741 21960 27720 14353 30216 10910 2588 22994 11862 31557 13490 26793 10556 6796 5168 19069 23066 32552 4610 6741 10727 32763 13332 26302 19472 9622 14404 12142 21891 13564 1047 26150 18950 22440 15530 30429 5070 1234 6892 6938 6477 4079
20491 31906 25931 119 3628 27475 5432 5866 2399 10832 449 8981 1234 6238 21921 3986 16453 14222 1722 18062 22973 22557 25956 21454 30589 27288 13829 26612 20018 15683 2274 8447 22382 10428 17460 15378 19543 28636 5247 5238 14497 22238 14111 5089 14777 13763 21283 30713 15939 2548 21599 4372 22983 19242 31933 24130 167 1931 8148 10893 16469 2838 15548 3967 18370 5696 27168 229 21530 26591 18580 17875 21934 7752 28457 744 24882 13236 1599 14803 16680 6633 1179 25110 15260 14614 17082 32522 24594 22014 22628 22308 29117 9048 30852 12406 16881 630 16182 13945
3803 14118 9762 27913 14960 4822 4873 21681 28067 23291 13469 9257 31707 28339 8598 15133 6820 28584 28162 12848 16804 29240 10972 11329 18130 30932 993 19693 2786 16038 28575 30805 18947 5495 9679 16417 25805 23247 20452 8645 13685 18526 10212 31234 17732 9114 31095 20912 30279 4266 14654 26556 30023 3203 9829 7277 2043 21073 10876 8683 2941 12312 27522 5633 14075 3739 17475 26914 30383 12413 5861 13994 29457 27814 11709 29287 6219 26600 7783 3928 12781 4578 25365 948 28386 26917 7719 20014 24995 19094 15356 24696 20650 20500 26376 4870 27434 602 551 1556
13821 25126 7473 5098 17629 3227 6095 14431 5080 32483 26253 4508 5374 15642 11824 24098 18013 24679 10569 7183 25647 20588 3082 11676 2897 11233 23129 9963 24567 9339 25635 10496 3231 21011 23539 28173 11587 16644 15299 27378 31443 16341 27666 10756 19170 12312 24886 17165 14240 24209 8948 5269 1032 9883 29262 8800 4186 25800 412 15672 29388 31944 29406 22509 2172 30348 4177 11673 4778 30378 29504 7464 13348 5636 3357 24088 25345 23717 18128 29310 8850 25579 10831 31306 6550 25579 19055 19403 22701 12305 23802 30070 25872 26375 15105 3299 23422 23000 15219 28440
16250 28246 7151 22026 19123 185 27607 26465 20676 2184 11686 8316 2845 1213 8835 17333 24897 29476 29718 10982 307 22276 12442 9004 23594 4865 19763 13802 23436 6721 8834 785 25114 15566 6007 4255 28008 4923 28263 13158 27537 19851 26719 29967 6440 26958 12983 7006 31602 4877 21226 13496 19154 14056 1189 19938 24964 1150 15901 13579 654 27149 20134 28173 3316 19162 19330 15344 28460 29908 16118 25519 28369 6516 19875 3135 6300 19943 17940 24526 27791 22127 20116 21065 6771 16647 9538 12576 25221 4934 9831 24653 28269 3973 3334 26771 13935 21828 8629 15107
18149 24778 19372 19909 31213 11788 14364 30229 31071 720 3010 9100 7426 9234 21179 24737 30975 31399 8858 15471 12437 27424 8888 441 24847 25841 28363 24363 14579 27859 1978 25826 3965 9830 18096 31535 4171 8475 1648 13976 20314 27729 30440 11552 22833 14014 20232 12489 4956 32017 20692 4950 284 3029 21432 22357 16477 22681 18716 29277 21224 30286 28473 1173 2010 10480 9771 10613 6485 23657 6983 17873 21109 690 16046 30483 20870 7483 14114 1992 14964 30093 18457 3422 28034 18734 24080 4907 5695 27844 13602 30386 9911 10878 19929 22818 4838 24496 9284 18976
24690 7613 23882 4038 24217 21050 24125 12268 6759 14928 691 7846 25389 9570 25745 13837 29488 19184 27240 23363 4254 14268 4101 29873 15046 5675 7491 5523 14215 21997 16164 695 5385 30432 14112 29825 29612 31538 5309 14899 11326 17607 11616 8811 9841 25050 18019 19694 29580 3302 9575 18851 352 25543 31468 10467 31102 6684 23327 24816 8359 10993 14578 11458 19076 19867 6002 18442 13719 12770 25942 11377 25458 18278 14035 13344 16679 5179 20920 17798 13311 24279 16310 27733 24175 12078 23295 974 12615 27419 2324 22079 7469 4610 6103 21962 30794 23476 28904 21095
27715 16018 5934 20780 107 8438 8884 26829 5175 14798 11959 18271 24050 25738 28157 17761 16817 27705 22888 10748 5258 4590 11466 1162 8193 21097 9723 16214 31171 12019 14889 20386 919 32138 13680 9967 10129 1086 30890 18808 9352 25563 18825 11776 32459 5576 26851 19149 26896 303 25420 29685 14765 27486 20458 28376 16395 18286 29061 24302 3671 10530 28126 28611 2938 24337 3906 24639 24908 30728 17502 21291 6916 14250 21077 2289 2036 15961 27920 26275 13939 26714 10710 28223 6938 10291 28 3122 14387 24664 19614 24090 22894 7 2734 22224 14294 26481 14284 25510
6660 22298 5496 30445 17554 28290 15684 7099 20179 32261 15149 30443 12225 12288 8747 22884 5943 19765 20231 18335 26465 8305 19821 6755 25200 15724 4930 7379 24722 12016 1591 19371 8737 20541 32671 6599 4634 21933 17022 24037 3282 18580 6114 19883 32484 31338 1398 10732 28782 13100 21076 39 20605 7935 19995 9552 5317 16151 3649 19923 406 25047 5547 26327 11787 26169 6779 5311 6277 20081 24106 31479 24407 26061 19414 12525 29123 32224 20701 2141 19750 1759 9130 2258 6767 1867 27855 17514 16341 14032 1620 27097 15050 16494 17743 14256 22058 28630 437 13536
4281 19991 20592 21113 18380 29049 9138 23224 31302 1193 17800 20801 14278 18711 24754 10409 4127 6301 2994 28983 5897 10849 2595 25836 20502 7932 14412 29888 5863 6108 21749 15151 22431 24038 7545 30708 11160 23392 28701 30997 11861 27919 26784 5407 7864 20124 11028 6835 8309 9789 20716 22849 12743 29585 11349 10004 10594 26059 21962 2191 20648 23826 14306 23734 28191 6952 3437 13040 21539 26442 1472 11786 18392 10584 845 6272 21603 16438 10359 3576 24154 6002 9892 24080 2936 16423 915 3161 21142 4385 18672 4515 18390 4673 21029 17020 31010 14115 11380 32499
28373 11519 15682 4002 9399 16333 8886 21483 3887 6829 643 9601 180 26501 15106 5418 901 4588 10884 25796 31642 12615 230 25222 9434 24113 20326 2441 16782 30497 19124 2951 3350 6214 29517 10210 18138 19126 6148 29672 27012 11976 26337 30805 25197 9662 47 18457 23892 16040 16337 29788 30806 27269 12501 448 29722 15274 24396 17126 13389 13416 31832 15411 9294 26857 2182 29908 21546 30811 30814 22783 25034 8528 1849 4476 619 30053 11347 29797 16463 28706 26145 29482 16562 29986 20453 10711 9728 31092 13695 29594 25157 23616 6534 10368 3557 12974 24983 26751
5773 2819 7405 6073 23145 27406 6450 28671 920 3522 14741 19348 14301 9252 17437 3380 28823 7528 6461 18773 3827 14934 2472 5293 96 28659 15974 7156 1859 23902 26408 26859 31724 22776 8921 30877 6601 22727 22133 1765 11482 14877 26142 13104 13157 11380 1133 25220 18411 17309 3078 706 26458 29978 5999 4904 26500 1224 19234 5657 12752 9409 1504 20513 5680 19584 27465 30772 19027 2886 31914 15670 26907 22973 13334 17601 1617 11995 21944 1826 10904 23562 27495 11428 19359 29830 7803 20498 5275 17414 25567 19063 4853 6302 11880 27688 6975 25572 7013 18180
31341 30546 19832 28155 18242 24555 27044 19917 26632 9505 27302 788 8324 28407 16009 20869 15401 22371 25205 8307 10380 27382 28872 8340 5144 7358 21863 32520 25859 12652 7255 18839 7296 26034 3719 26683 31287 21487 4336 20446 29682 23822 31200 21092 21913 6315 20627 12268 7520 4216 11012 19795 26687 19168 7682 13306 675 26858 29574 16074 29027 23391 6980 6261 1781 29487 2432 28414 22754 20753 30755 123 10615 30826 15886 25882 6589 2416 12462 14946 14252 26255 17361 5051 15516 18700 23480 21553 4092 2280 1389 21877 25158 7175 2391 36 29746 4241 3083 14668
24107 1689 12645 18733 27647 27900 30168 7996 24794 1420 12802 5998 14197 29806 31875 9394 12939 24257 24080 1215 20877 23680 3011 24849 32150 16810 7093 302 673 672 26575 29230 10490 14286 4829 18298 754 1165 25572 22740 17111 25928 27574 8600 11555 10462 10435 9537 31476 6472 7474 32046 16572 6012 2865 29607 11578 11921 19337 20507 13481 25123 29301 14507 31799 15353 14004 19693 6584 23781 20189 24041 31644 5356 14579 26472 3358 18087 8249 11887 27327 6633 21831 10502 15091 16803 3166 4925 32538 22788 22009 21873 28849 7140 1444 8140 16074 32354 31505 24331