100 100
17486 9771 2936 1110 797 24468 16628 29943 23349 16790 9046 24289 27530 8865 21847 10167 22975 19998 32720 29629 7320 29965 4047 15258 19122 4588 6890 28509 16754 17371 24019 19133 14395 25855 2349 16037 5092 24612 20638 5104 3689 2470 28710 11121 1760 32657 7087 32566 3503 21767 3301 18701 253 3298 9031 29256 19814 10139 19070 12478 9971 18539 6894 29970 20041 13743 26764 3640 13856 14481 13295 9780 7415 8165 12713 31781 28422 27217 23511 32643 1141 23473 16887 12453 4043 441 2810 27270 20649 27612 23962 31176 24248 6765 8942 9465 8416 26885 22332 2582
17595 30756 23822 30029 19017 23067 1672 5383 30693 1833 18680 12070 19063 23780 20143 15243 13804 11482 23312 2012 18915 7801 13542 18564 3753 26668 2811 15099 11880 9159 1766 15687 16027 16933 548 32451 15813 25103 4458 11807 6499 3680 23098 18600 20511 10087 26293 28361 1094 31629 27568 25042 4732 21304 13577 3833 175 29679 11323 19359 22857 24254 11569 9940 18090 19932 7512 29724 725 13707 30968 29555 28521 19520 19140 14992 27092 24068 16816 17255 12227 28442 22786 17393 26588 29154 18092 13103 8880 5117 9177 8045 26603 26290 966 14788 9166 26256 27859 15074
2272 9813 26586 1294 14816 8463 6591 10086 20477 30593 6984 9835 4426 7368 815 11712 27500 13887 22134 3887 1685 12959 21243 13037 1207 23659 18508 23839 16625 27531 29372 27804 9038 23094 3255 30453 23726 278 2642 26035 7940 16039 13094 30943 9666 11745 3679 21192 8850 12310 21776 28928 25159 19997 24266 13992 15891 13488 15468 27629 11514 20499 30012 22227 2438 19190 6711 20786 24509 29853 9126 32765 22352 21054 19698 4042 3605 24491 25273 6799 30391 17200 14113 6826 4013 30911 12397 3877 1640 14410 9678 13623 6865 7025 32379 31502 22258 18013 18179 4043
28403 6124 12514 13519 23881 9486 12371 13365 3882 879 11366 8351 13636 10070 30034 16950 3246 22733 29964 21740 13343 1026 19993 31749 24926 26861 23712 3797 2809 28211 19907 8907 23098 6986 16687 30382 31063 32222 10482 8999 4585 32372 23438 13440 3999 26702 3147 4523 31540 10382 7633 21638 414 2206 757 30557 31625 26574 8660 31664 2307 14399 27934 28215 5497 17153 10165 27684 22498 30584 1655 3496 9018 18948 9303 22968 6962 26080 31923 10001 8486 13899 24546 3706 3407 2790 5644 21065 2106 23390 9278 24360 6264 28234 26557 18969 14488 26455 31643 28600
2386 162 7305 6336 29701 29541 32492 18385 20836 21462 19251 5233 26731 25676 13415 14160 22937 9124 23811 11216 19033 6883 32263 2756 25793 11804 1096 632 32638 29845 6154 4083 527 23589 17104 23928 22834 7136 10099 27219 3996 14839 114 24530 24301 10457 22665 14225 19683 16286 12677 5882 10446 4518 3414 1037 32068 27005 3430 22365 18965 27394 7209 3931 6785 8393 21750 26839 19369 30909 7701 24772 5956 29706 10521 828 13971 3642 19823 11204 12695 8093 28984 6864 11905 16111 29780 1162 21866 26165 20927 31951 7236 24296 27425 25722 3857 14677 12960 15334
26707 21316 9977 32430 3523 12760 21967 27831 17733 12982 22595 25713 13852 22633 32196 12889 2650 13830 6440 31171 17563 15883 9212 6870 7667 30861 11289 14808 37 25747 16248 19372 28694 2237 19016 19352 31873 30505 6973 32332 1259 18582 554 26144 27866 21194 15570 19614 3906 7730 9724 1344 1600 24265 23237 19834 6922 29754 19002 28155 29223 13641 25382 305 18395 2671 21545 779 20710 7108 4618 3586 4974 5667 6222 26970 19513 19336 6154 19621 13343 12988 2293 31882 14783 2613 20673 9412 882 8759 29868 4973 19837 4672 2386 14717 30859 23971 21701 5262
23642 19315 22239 26082 12980 30114 11223 23206 11937 21354 32019 2424 5083 17132 29757 26920 25218 22040 25753 9403 27409 26316 7830 28854 24209 13888 8611 17817 12044 7073 8259 9129 21573 1532 2660 17394 18598 21854 4589 23181 21114 20282 23958 19999 27996 12810 24060 2210 26607 11321 30965 17768 2512 14913 32544 92 21961 12305 8129 27276 15432 29105 20172 2020 21007 7976 20800 23100 24364 14238 25526 15766 23084 30654 12090 22944 9100 30558 89 19585 5488 19042 29819 29393 15255 10461 4468 28905 18319 25210 31573 24926 5413 8475 15496 19656 21280 16063 21532 20168
9263 12969 32349 3145 19487 22975 27560 24325 15697 7728 22909 23115 6764 16985 16854 3328 79 21226 5303 9445 11338 1092 12295 22295 21133 32550 2462 12764 14560 24713 16287 15260 27029 28872 776 814 4795 22020 4231 1366 26005 17863 11152 2955 2635 31207 20396 26621 31710 27822 3092 13014 24673 8247 15742 27840 12647 29979 6711 10920 18616 21582 17522 11970 9544 12355 22240 4814 31849 8535 8064 26521 27455 8556 31929 28102 23668 10964 4262 19406 30254 15986 16049 25926 9278 5403 10083 14177 4763 66 5754 24245 11278 15829 5948 10818 28974 17250 8972 24496
15247 17534 7739 5336 16695 30823 5920 17030 27729 25320 31595 29821 23334 9341 14262 15036 7240 5560 30045 16384 31504 12771 27280 10634 28747 5351 28838 9250 2865 4205 21684 16988 26263 7234 5727 4122 32357 9728 2286 32594 31049 1003 2724 4626 15021 3865 17996 26049 20711 10454 13077 935 5040 12102 18080 6832 1752 9548 3416 1644 21816 4523 7426 18267 30695 22891 5524 20584 23985 6527 9291 19891 9924 17316 15608 18579 18605 652 32155 19676 11907 10556 28722 29533 10594 12723 7891 30125 17691 3788 11769 12072 21802 21861 28956 12084 19945 193 11652 16585
15875 22059 32606 2864 31786 11228 5392 12298 23821 5919 13514 2709 1412 17843 16477 29739 11534 1649 11089 12811 25726 17710 5937 28764 13553 32227 2602 28271 11011 27404 29653 16453 8771 29517 29776 18769 25828 6747 6547 21630 29621 31002 1793 28020 2643 259 15166 24343 13212 3785 26689 31569 616 4156 4522 4114 17012 16749 25941 11669 13727 17683 559 8676 12633 7213 8520 19870 12376 16617 21802 13816 11404 26821 21354 30722 21846 12788 31868 300 30197 16387 5579 12552 8257 3004 27145 18513 28571 27211 17348 18733 30756 3999 30267 11439 13869 4115 26735 4512
4591 9550 22141 18559 19324 14951 15658 24774 25334 845 9152 7023 20735 9063 14361 26295 9072 10103 28921 18210 21070 22212 10913 20927 24826 8056 29088 7085 8103 8775 28653 17118 8465 8529 12339 29723 14445 22090 11116 4680 5019 29656 21681 25322 17827 22076 5968 25574 21855 10037 31520 11915 9333 31009 25361 3027 17033 7526 6663 7654 176 14864 8681 17120 22823 25276 30964 5332 32581 14516 18774 11025 11182 22107 14072 164 30922 2508 16283 9246 25461 8894 24870 5271 17400 22443 31294 28658 21304 1585 6424 22115 4142 21176 11403 10031 6551 27477 19306 31411
20461 29166 1552 32168 21397 20895 30268 4517 13146 861 288 22245 24346 1497 32692 843 12991 3239 16720 10915 11633 10912 7290 23595 10507 31621 509 14674 9675 4325 17979 27071 32333 9792 5315 4245 6074 24684 16934 9974 25149 7224 28679 24518 15798 4176 14194 30897 5811 18016 19823 7279 20380 12156 21974 14918 18989 22464 22628 30417 9513 32051 3087 6657 589 3569 27799 7777 26755 20874 20062 17822 5721 16805 25721 22086 22705 21993 27911 26320 14778 18205 30657 23005 7199 3469 31443 28605 5758 7856 10731 4405 8987 11785 17295 14207 30678 30027 18611 5523
6746 18368 21131 26277 1176 29931 31390 1519 28020 15981 2332 13232 2493 25893 23921 11125 22883 4507 17690 28567 21732 7071 13495 28165 3848 29997 5986 25155 7886 15508 10304 6323 26022 14807 2645 30484 1504 19284 4765 28232 7525 1443 30808 14682 6309 2753 24485 3519 12752 23662 29266 8412 28745 11731 31475 9929 15448 30824 13873 11861 23327 22549 20069 32330 26319 29336 13670 22514 5915 28198 20638 17113 28141 15189 11108 17877 7256 13881 9094 12612 13263 25293 17444 24213 30612 18581 17093 2314 25202 12674 21156 9147 13487 20502 16971 20703 7741 4296 5987 24135
22832 6826 7371 27435 18549 17225 5863 6953 28352 31189 4667 31371 20934 28034 56 30665 7597 29485 5717 5710 7360 28227 9058 15999 22376 16607 20249 20218 28759 1842 30711 21275 4359 8744 9034 709 31331 21832 13194 28511 3524 31709 22764 540 25118 6483 28725 12160 14716 18659 17356 1056 27305 20595 25364 28329 4912 23223 1016 27427 9607 7325 8904 29559 10120 27112 21571 22831 13600 32026 32245 27774 6987 30360 26819 5248 8000 22281 25028 15554 17896 30975 23890 15365 12181 19929 20577 6207 23537 25064 13328 19427 27189 27600 26494 28770 10651 27441 25567 29170
3605 6791 30415 12430 23871 14415 30437 12862 10130 27500 9868 19096 25051 18120 14606 23431 13036 12350 11762 4939 18834 11960 30344 19393 20167 25492 6594 28389 18472 13133 19013 1173 32425 24919 8896 19864 15751 9034 31869 4062 32126 28483 5174 30729 20541 2439 28969 13357 8215 5482 17006 11220 6139 11632 9865 31046 18342 18097 4412 2055 22551 25474 17311 31904 25667 22865 2674 18850 18955 11729 14001 5609 1899 20312 1129 22558 30708 11397 25547 19327 1660 28453 22654 8675 10004 24151 25402 5880 11578 11247 10643 18640 21072 12569 20498 31132 77 24127 14986 7863
13491 25132 9897 24806 4033 19569 21710 29150 25577 12039 13082 23302 22916 823 16074 10623 31429 21943 4036 7010 15339 32278 17007 12872 21435 25945 13256 20240 30766 8167 17331 15068 21351 24226 4494 16733 17639 31575 26380 16465 17156 9304 17729 20553 28823 27495 18425 27312 15094 15318 21326 12553 5154 31725 16250 14712 7489 23948 30441 1156 21838 8721 14995 27 8207 21884 136 15318 14663 17618 8396 12927 26670 13247 17510 19665 1822 5502 19124 382 13199 19710 6401 13943 14917 14397 2137 18279 5064 2808 26012 21888 1301 15495 14290 17531 14483 3331 16574 2266
25416 26025 27574 11121 19021 6275 7858 9764 15487 17221 8610 32242 21624 22901 4101 15923 5822 6606 2231 14621 16441 29415 4106 12685 22763 6928 22553 20997 24283 24444 25433 5360 7506 28326 13681 558 1098 8685 1612 26060 5156 2689 11116 25619 12697 17795 11137 3781 30195 23400 12346 24483 20349 11935 19035 15410 1592 15731 15376 26303 30927 15154 15744 161 9677 17551 28582 446 21774 13125 29020 18769 30067 21757 19129 11242 730 2418 8861 8886 2126 3027 29322 0 4730 27497 11446 19704 9828 30585 2142 13491 4184 8812 26716 8308 7969 8237 4092 26922
8064 17363 6668 16953 11222 24704 26162 16765 9252 12680 28803 10380 25141 3542 18256 21308 32282 27276 4931 28518 14039 28906 26027 25065 21340 11121 16661 31985 4023 3656 4124 27513 27271 24286 32386 30222 26292 16081 26751 1238 5469 24079 21592 722 31762 6203 10804 1632 11076 338 7724 25348 6393 9614 161 2151 5060 138 26834 21152 25077 28584 28077 12211 24845 9136 24806 15959 14709 21945 16455 18941 31343 17229 20807 18445 12876 13768 6877 14963 22240 6401 12694 7002 4659 25900 2534 13879 18297 24575 17595 4618 25668 30996 10840 20705 20985 17807 18273 10397
7040 24320 24626 22776 6976 10635 11893 17095 17739 17734 7412 1149 25045 12002 30123 16369 19435 21390 13858 28001 2146 7192 32250 24502 18701 13141 19397 24073 12339 3012 31771 30311 26687 26734 16106 28113 25530 27920 30477 29063 22903 31100 14368 28039 20749 21565 22163 11344 21386 26746 15870 9195 5222 6941 436 5164 9910 31539 23451 23094 4770 20886 3387 7485 24345 21450 22292 14480 25540 32294 31285 1750 30520 22836 30730 29335 19823 11866 1142 28671 6777 28601 24097 17375 19823 22357 276 15349 30633 374 26499 15469 13360 1615 19689 18087 9078 22238 10075 23867
20293 24851 19221 26939 2806 16180 27738 1208 9187 30336 29563 20103 30239 2323 22325 11076 14692 24329 28991 6040 6732 19174 292 28600 29636 11574 20815 20526 15550 31600 12900 29660 32295 11808 16599 13118 25881 23109 10423 2287 17745 31224 23498 16239 8163 10319 28127 11299 556 21633 2912 7069 20745 12363 15911 21278 21574 23954 29842 19289 5722 8009 32474 2170 27729 4501 30368 13159 14857 11567 17609 22598 18081 6667 14732 28223 13615 5431 27337 3203 30129 28165 19613 28813 16967 24172 14387 14760 31903 17068 21725 32177 32688 29745 5987 6942 14763 19386 19355 27711
8750 3770 23609 16324 24763 19454 19689 14976 14186 27537 6811 1644 1498 30173 30238 29423 30829 22034 3313 27228 14261 7116 21590 24765 11305 32752 2727 8143 10781 12502 25325 5197 6641 10670 3759 113 28808 6428 6664 14265 3067 6950 19964 18407 18575 19024 3340 13131 25061 27653 24072 8260 29809 15417 6437 8709 13101 7245 27472 32405 9615 10547 9153 5657 440 31954 32722 20310 30446 7852 26898 11634 31820 26558 22933 29434 30648 23975 23183 30250 20758 18701 20769 2664 17851 2877 3443 8977 4133 30481 20483 4984 14313 12567 14653 4140 7660 23279 22347 21882
6358 3573 17966 5939 13764 26913 5646 7600 28990 13867 27598 13330 31848 27122 4068 19406 25212 1054 24424 31082 8823 4612 21354 11905 4371 22731 4745 21773 5878 27341 16577 12262 7977 11328 389 9349 18891 2838 24590 21006 14087 28193 4594 6542 32323 8059 18424 31616 9626 13861 299 28311 11661 17134 5165 5047 1269 17559 25294 27460 31036 10036 27613 28576 30413 21205 12095 14575 11721 3430 6205 3614 28412 13268 25122 1827 21775 3698 11014 9350 3583 17562 10469 32 22734 13207 13556 31523 2936 11458 8500 3418 13608 24300 3143 6578 12460 28412 10115 27642
15142 985 9029 17383 25349 18827 13703 4443 25396 12189 28341 17894 16017 26309 20669 24462 12193 25031 23654 4299 16514 23958 2274 10710 7969 13500 22950 10019 429 509 1657 2348 12107 22071 27083 22897 267 1421 10569 189 28442 20420 19630 21162 32314 26605 14044 29287 8560 8005 13611 29881 25596 14169 6401 25408 28558 8046 4003 1276 17079 8479 11338 4112 11166 16456 22650 10437 23284 21027 7823 20945 9002 4017 665 12762 14305 10076 23913 21046 418 4570 28140 15093 22991 11860 5304 4129 17113 27080 28133 5188 28852 30124 15646 13355 13704 20948 24567 32746
9898 11669 14977 13600 3530 25643 21021 15996 31342 6232 2701 19584 1951 13134 14673 27525 10721 19151 816 15104 6505 12947 14357 10755 11403 15594 8476 23815 13938 28322 29933 8424 15891 10795 26185 3889 8547 5625 226 18330 30920 16938 18544 25295 20174 20841 19969 627 28 10514 12176 8805 22438 27798 13786 3906 15140 18466 1133 9771 31682 20091 4098 16840 7961 28205 20236 30860 13406 16868 22673 4155 2521 16410 25913 19114 22169 3570 26277 28615 11367 31076 10497 14552 17912 24219 13021 264 1383 31899 22328 24351 14050 32039 11742 3217 27555 13282 26101 15802
289 22708 9938 20328 10376 16751 29457 28058 615 24243 16868 6023 8873 15 17067 9442 4295 9064 32453 12381 6204 21407 19878 2924 32056 23150 20266 8011 27032 18835 24617 24386 9750 7985 15692 12328 29629 2419 18463 26918 6561 3442 8807 20925 31436 5465 5045 16650 18555 10695 27963 16969 9355 23156 24543 25241 18478 6680 30862 3070 738 4488 14035 4524 9636 11810 29096 20867 11872 28524 32396 3798 18349 14328 20181 27248 28855 9611 30536 7129 24956 13437 21991 20437 32572 12899 18954 20526 29994 17388 12977 22707 17768 521 10009 15745 26162 29265 7565 18049
16218 24227 29823 25650 7156 20493 4567 8617 25682 12524 3211 30678 13363 23125 5232 26120 8503 4276 3152 29619 17814 13235 2620 32626 25362 9566 12835 32584 12842 11396 7844 5675 12689 22112 19489 8899 2526 7032 14869 11119 22917 19398 13991 19337 32006 1558 2175 1515 10084 16047 27352 8369 24281 6453 4054 28225 12744 6606 7450 10121 14323 29060 22165 15240 13294 27115 27545 14352 26836 13315 6710 12234 30776 7775 7363 16762 23646 30343 5563 9348 21163 6556 28107 24240 19035 30778 22568 1834 11122 4514 28966 15053 2549 10777 11015 9632 6489 16523 32016 17825
29756 1908 2275 19138 3155 25857 10760 14386 22180 15986 9165 10973 2037 4802 24912 26934 30084 10378 31706 8244 28152 21283 31598 29082 7832 4874 1442 14204 22715 5513 28334 8447 19327 22420 24771 3168 1470 28658 3486 16952 21566 17565 7772 30206 20520 12138 21904 12237 12732 21996 6035 871 15170 14486 19739 14459 20548 15649 21519 18467 3322 14381 29338 21425 29190 14891 127 30891 30818 9082 15020 9748 8598 17360 29969 22253 22574 2268 7858 22012 13419 42 19451 28364 31033 12358 15188 12277 23905 3364 2038 8861 29952 3007 32509 6975 20280 6401 19134 1964
7205 30691 26714 24143 28434 19157 7060 4788 28909 19552 21727 13132 5881 31498 15803 5226 12739 15482 24386 11410 26711 15324 5886 1523 29619 1927 19966 26930 11900 12765 9769 9577 19696 31091 4562 6512 20764 15475 2444 25179 3919 15166 21567 21315 22222 28245 5499 6730 4809 29561 5645 14041 30606 22033 31440 9516 4093 14029 24006 25361 16188 5769 32103 12780 2732 18548 30265 14847 16411 20337 15009 29416 19515 10941 15609 30059 21842 21970 32738 6770 28212 32652 220 2898 30063 15499 12564 10064 29893 14552 28796 25188 5343 11467 16161 317 31039 6444 6330 22148
6263 3736 11900 25957 25752 1062 29494 3404 22510 331 11673 8940 14826 7931 1239 6790 12384 9233 15217 10088 28915 16625 3145 29876 9933 11884 24063 23394 24723 13284 16506 14728 6807 22704 26821 20185 14672 17601 7965 17004 2056 5254 21320 13760 4053 9230 19240 2300 23242 5485 8079 13435 30574 5728 31573 23431 20589 10548 20648 31845 11406 29923 30884 24979 27365 24705 28963 14413 20298 32214 11479 28757 29450 1869 10646 18676 11740 29965 16628 12092 2838 28005 26391 20881 7968 5229 19399 3176 20777 32490 4549 5197 27930 19571 4190 299 4552 11474 21311 7880
20334 21677 19595 9871 2650 9574 27947 18066 30182 3135 5990 6607 15274 23746 8113 30130 8944 10848 20424 12508 19560 25944 8189 18211 22046 16090 6864 32474 31656 6252 7873 29522 1700 654 29282 10400 9058 3737 24240 3233 28125 30701 17315 2364 19184 26699 23300 3047 25030 23424 7551 9837 18835 26180 32249 11502 16257 25697 28452 29991 30958 21016 26448 6899 26068 21696 22148 28178 30600 14000 17101 27946 16296 23135 32470 29195 31566 26826 11961 29495 24202 16150 3861 32418 13328 24439 12897 20918 9517 26960 10367 12954 15872 23708 17556 28340 486 11404 29976 8813
9270 25969 25129 11828 14639 27101 17957 31941 29486 2821 13431 32427 16420 106 17073 32515 23368 697 18396 13700 9993 3567 9739 14780 25415 3776 21047 15260 5058 32570 3654 9527 10963 13990 2413 2503 19546 28847 23224 1521 15607 20422 2535 30026 20861 24260 6780 8473 29347 21969 19730 19551 2301 9861 2800 16660 25899 4942 12254 17076 30801 22034 9784 2554 28871 6677 2368 11755 3857 19740 16824 7703 18193 3027 20657 4636 379 11628 15518 4715 4490 12937 21676 32335 13041 7004 15958 13099 9237 26892 307 14595 12409 20059 1299 6205 16249 21383 13899 15529
15164 29037 17485 2496 25572 26612 11900 1065 25351 21417 4926 13442 13155 18087 30034 10076 12493 26810 27492 11911 25707 25284 28126 18321 24867 6495 14082 19337 17491 31427 26934 19464 11971 25579 28574 16755 18904 24819 19696 28282 11530 19653 19588 7396 14231 5108 18859 6031 12921 7912 322 1458 20118 10044 8583 2918 21304 31844 3115 21349 4284 31635 32424 26129 27534 16091 5332 29112 4949 18327 22966 26646 14954 10246 23193 5403 24975 28728 28768 4847 3038 25134 13081 16180 28415 12605 19413 5515 29598 20659 6326 4953 6684 5565 22345 2251 6021 12424 18710 31511
16067 16551 1654 31749 2577 2229 29605 6831 22706 1339 3096 20868 13538 27347 30737 5523 13837 20366 8304 27399 21311 916 13516 8941 14812 23818 22466 9790 31889 31545 25997 29209 11914 17644 2263 10576 16101 9753 4559 24358 10343 20676 17276 32599 18798 1313 2897 30553 30759 9465 22273 1250 9985 5710 31893 19882 11618 14658 26811 9330 2200 30005 1889 8005 10514 8494 6786 25342 8144 19324 29504 18442 16408 9373 16692 15471 2411 4446 27650 1805 28087 10308 11056 20516 18382 7723 20536 4887 5655 26157 30427 23920 19843 2245 4025 32547 22723 30260 31007 4119
6073 22564 6688 28386 29484 9868 13287 7381 22719 979 23883 6968 13092 9272 23716 11734 12941 17521 21469 9917 31075 29586 29387 7999 315 13361 9149 16956 19462 14536 26197 2980 13703 16218 19606 8503 30987 20570 20029 10383 16212 25800 26197 15969 18646 14237 12038 29440 2086 18025 28590 28706 16559 17723 20787 11239 32167 2497 11415 19735 30017 12720 10188 9387 11300 2150 5322 24720 27933 28623 18144 23463 26896 20613 21063 12048 4917 21819 27133 26792 3456 30043 20432 2768 14689 4846 2745 14705 16558 12221 22380 14397 10974 32181 1837 7735 21111 20112 16613 25205
20169 9906 22645 9764 9693 30545 12362 24526 23209 17369 22834 19416 11141 13967 25710 17999 5347 26740 7176 29156 27706 24684 5479 20532 10051 3487 21024 12109 9064 16672 25359 4206 378 27341 16807 27663 27042 7542 21382 30497 19354 7745 19532 19863 28444 844 25006 9765 26779 9621 1478 29512 17970 27159 7085 5510 2266 9782 23116 759 15839 9053 20847 2052 19605 1510 17691 1391 19527 6970 21282 20372 30320 21305 5876 4846 2349 26844 16312 25052 11763 32280 19612 20389 14461 12038 25449 15546 21001 24642 30042 14396 25796 19601 9774 6846 23427 5574 10620 15948
2483 23782 2631 30636 20371 9610 4306 13539 20129 2181 15029 25852 16977 31175 31025 3332 20741 9601 10689 11865 26938 10378 31985 25125 32511 10242 16243 20005 15788 3125 14704 22191 464 25281 6172 12787 12139 11260 5517 16513 14430 6032 21197 20235 26399 29800 6190 9580 16817 22480 28637 1770 6356 16343 20154 1976 6009 13560 16231 23487 26232 12026 17311 671 14469 16661 24522 29936 21089 20822 1230 14029 25421 24389 19495 29587 16836 7620 14906 1766 24681 25658 31462 5877 3903 15089 19549 9215 23832 1725 3122 12567 11600 6111 6835 27172 21946 8232 2168 27435
22747 21602 16956 3281 4182 15595 12012 23067 23464 31139 29694 4985 10005 32008 21508 25347 24290 672 23425 9730 8901 17560 20475 28594 19866 13482 5457 10566 9559 15428 32079 29485 18242 18406 13696 11156 9314 8651 18243 15916 8755 24525 24097 8493 13214 26755 18526 9115 32295 21420 26062 28872 24425 10704 30954 27930 26303 18212 3619 20494 5957 26031 28023 8061 1535 4779 19009 28702 10327 4910 9557 3917 26317 31753 5452 31242 18410 240 26909 17733 18293 16092 22766 23385 11754 1454 14633 13014 31784 25877 25553 25219 16234 177 19479 13987 24952 28537 28712 11128
18719 10842 7498 28934 24286 20000 14887 23577 18914 13466 2920 26761 31029 10489 9862 12477 19762 15226 1757 32366 30012 30789 30979 22701 21935 1428 20567 13096 2583 27927 6877 8873 22432 5272 18249 15071 9166 10715 29017 31073 17262 1480 18536 25072 13773 19147 17473 12284 8231 17020 7217 16746 7522 15995 13408 7829 13820 158 30048 17299 5187 28239 16903 3769 18628 4911 32634 30817 13061 14080 25483 30698 25207 2753 32069 14849 934 12570 11204 3103 11699 9723 30539 8531 9220 18817 144 5186 24634 4633 31322 19052 30819 10727 24910 7345 13681 31593 26118 26899
28140 29015 15716 29117 30947 28110 19238 11589 19752 15534 23226 27694 8381 1345 23123 30641 7305 32541 19516 3516 30799 28235 25197 24124 4833 10920 30812 28056 23185 13964 24341 125 6633 10410 12173 29921 31900 27959 5939 11330 24763 8783 21193 27439 18476 5012 19314 21002 32345 6424 2572 21260 17957 23933 29887 18825 9252 20314 2774 5750 6411 16865 4814 26152 24677 191 28333 862 1928 23364 2710 23426 28872 27332 6553 6188 5866 6205 5327 29160 9436 9529 12455 8249 13731 15350 15483 2782 20628 19141 8295 8275 30151 11952 27994 30107 20169 29023 13165 4925
22417 7741 4724 5005 5045 29398 14547 30252 9182 28291 17556 19666 20346 1354 15030 9547 22192 31232 2247 21696 8345 9136 17589 2104 6573 8769 7905 15966 22139 18002 14965 3717 20126 12393 24568 24809 17388 27469 15903 31800 10736 1456 11494 3153 8603 28433 9952 1611 23862 7137 27851 3513 155 13541 1896 16172 20901 21979 7050 1018 19685 8032 17516 21310 29334 8209 26695 1056 24531 22769 15140 5463 2056 24843 25583 3564 8871 27736 30670 23360 8476 14818 16305 20560 16642 11562 31785 10808 3735 5831 7037 15862 27501 28753 5627 13169 28003 3965 25740 29114
10708 5257 17803 8337 16654 6107 17367 25387 15878 23269 13351 12338 7754 75 7326 27406 5686 3912 15008 8803 25963 17998 6883 6106 20349 236 30665 29989 3308 13557 20973 21053 18518 19167 30459 28910 31722 21865 27334 20886 17184 27776 26260 1322 29863 12132 25276 24697 6303 12807 24180 29877 3849 22966 23012 28975 31356 27898 13951 21090 17177 23233 29074 563 17857 31929 27933 19831 901 22781 15075 21174 25949 9971 7613 20014 26653 7028 13619 26395 17574 16430 1869 25142 26713 23111 23719 23932 20946 9283 8900 31024 9682 24360 18596 4643 4220 32480 18841 28979
18117 30174 23126 5138 15398 25605 27721 29513 24723 11461 31531 27004 31409 14471 22741 8175 29252 25931 27477 9289 7910 27279 4417 2968 28415 13427 8267 18070 31473 31260 12822 2859 22675 4950 13128 30514 17121 20861 26849 20608 27122 24477 24523 1570 32554 28120 31409 22247 20912 11272 4629 16671 3874 22438 23197 8097 31880 24811 1454 6163 15239 27444 20540 15973 28632 11435 29665 4511 22776 28964 11820 13789 13344 17477 21051 3991 31351 1770 6284 9254 20359 29639 8464 25476 13293 22352 23425 16212 20565 32469 18934 13090 27814 8946 20917 8683 26490 20774 3656 11488
16849 6338 23251 26471 4870 32517 1444 3171 30978 32389 25100 6325 22703 5584 11373 28419 687 10580 29845 26807 4175 15484 586 30795 3254 17948 26662 16581 15971 9231 14502 18045 9430 29215 4477 7462 32396 18468 28974 14092 27441 9072 2777 14747 32274 32619 3157 31521 21713 24955 2688 3541 1628 23591 2003 31767 32287 19835 18746 6649 6009 23726 27938 4095 3437 31490 30931 803 4763 27628 20480 32284 9582 6261 19100 32736 29846 12768 23792 21352 26553 26509 1515 5299 8293 13341 30649 1805 1866 1495 11927 8337 14758 17994 27109 28397 27392 1332 15228 14693
3865 19107 8515 1051 24608 21594 23805 22669 5413 17014 32357 30559 23760 30546 21373 22363 28755 11943 13091 5558 21149 4088 21989 15252 4048 16429 12566 31951 4342 13950 2081 21492 22512 22674 10270 8079 14254 8680 419 9385 23718 23159 5341 6798 14718 8337 25567 9172 11276 18957 24377 22680 28289 24741 205 17931 10465 15773 2270 1838 14007 2214 4458 23257 29958 7681 27578 23298 11394 8167 31799 14652 27648 14121 2175 9342 26412 18196 11192 15398 11642 6295 25893 13373 19807 16552 29942 3837 14272 17891 31589 3984 30635 18804 3582 18971 4677 14136 14142 29947
8963 16671 5216 24399 2077 10709 1396 12470 13120 8865 9137 22106 29316 16525 29196 16685 17821 19655 31754 22898 4949 29767 22226 19328 21306 6834 14470 4546 32659 21630 6611 24579 25497 19544 5575 21480 6628 6082 31715 3774 20260 16129 18546 7286 7441 31798 30489 19438 4517 30155 25518 23667 13960 30736 11597 9347 11468 29222 20393 5591 12506 14877 26273 17057 6828 23641 20500 18450 11837 31290 8181 16927 20542 31740 6818 11397 29451 6619 10609 21770 20445 123 32140 17158 16449 5256 21760 14371 19401 6553 5648 11873 15873 16475 13519 30557 22692 24555 5870 24786
30224 24195 27090 608 12280 3417 7913 6284 24153 31684 575 4361 687 1441 8012 11318 29544 8437 26641 22503 23449 11988 21091 10088 25328 21377 24454 3263 4586 6614 16893 14130 17989 26086 5537 15113 19385 31458 24049 26261 27875 6201 16041 26737 4226 29187 8854 11016 14053 2208 17576 2391 27556 9116 20297 16629 32655 29654 1517 17744 7908 8418 11498 22585 6085 17835 9099 2979 25832 8285 25695 4263 20625 31106 24535 30668 17341 1643 25872 18054 5536 19153 3310 1532 28498 15804 23402 12046 6086 13732 2861 6039 15355 24534 14173 17647 1910 18202 22455 18357
8431 11667 17118 1227 24395 15846 10994 4001 19146 22431 18533 31159 16002 31440 9994 15197 15884 5882 18799 6590 21373 16689 5741 11804 2455 5500 17661 29277 22081 18299 14925 30407 2357 9804 3604 9480 4857 6062 10530 13433 14352 20071 12859 13219 1137 16356 15653 19203 4920 7456 28672 7434 32412 21191 4822 26472 3105 21658 15731 18826 26894 14357 6007 21601 2850 25167 24233 18278 2435 19747 10126 7899 503 10125 3131 22355 24150 21846 15719 2676 3648 4596 10692 18684 2315 15020 12176 22018 11263 1017 3174 10111 18630 7729 32603 20492 30750 3430 20806 13805
1233 14474 14175 15183 743 29655 17420 15310 26394 2670 23031 826 12938 2879 21860 8603 1714 23848 24514 16498 13723 24161 8575 23874 8783 4887 17953 3407 1425 10071 1683 11942 27339 18478 11708 10845 31048 6159 19286 11292 23971 17012 2302 29405 26496 29384 21895 7919 12153 12933 23188 8513 22876 29338 28774 12253 18067 17423 1010 25523 19683 1003 9015 25496 17754 32342 9166 16526 1922 19707 6083 26438 9435 29872 1187 19171 30856 1625 4310 11521 24393 18185 6959 9974 11177 9067 28866 22615 10873 29281 5366 24255 19324 19178 20443 31435 16996 29001 30397 1641
13309 8036 8953 8275 17321 11370 19215 12502 5388 22456 29177 11224 5640 15102 24763 13337 9452 10141 7740 953 26344 29524 6484 15867 25285 30748 14630 3656 13266 19280 18352 14455 26914 28689 27296 32331 25844 2281 7785 32317 20595 19630 26519 28540 30624 17066 11871 24371 8588 2552 30843 21258 14538 12337 30005 29935 22564 23369 4033 11286 3981 19123 31695 18238 30039 29644 28769 7223 22438 15734 1242 16545 8741 7939 25688 16374 19447 9814 19268 29387 25073 10564 808 23378 262 9792 20672 11044 21762 6200 2131 22077 28540 16826 15427 22344 2821 13147 14820 2334
3750 4441 18570 14729 25994 23679 24294 22861 32503 16969 17042 28009 2691 14409 17898 9626 17540 26313 6174 15393 26312 9906 23429 710 4486 5805 30260 16669 16533 2951 20688 18440 8412 24538 30624 24189 23050 26346 20966 27529 8327 1741 25456 405 9130 15823 19562 12009 11308 5908 31606 14190 32476 21119 17919 7096 22421 17363 23241 4419 4205 11544 17101 20477 18736 6209 25669 22789 8973 29707 15363 6835 25742 30760 16646 5592 6606 5277 9807 26695 1254 28777 28401 24724 29352 15207 2152 32539 18320 22389 24363 2116 22775 7382 8581 3078 26250 15829 9376 1706
18427 3499 8163 32466 8950 11939 12925 17593 15703 27516 26434 14012 16282 16399 10935 12058 31634 21810 26472 32504 2910 29659 15490 6824 23706 13193 669 23338 31698 26591 4826 30963 13372 4498 1070 9198 22438 22150 21245 23745 17069 17716 9963 29521 28976 26447 10991 20104 14084 26535 11177 24918 28905 20301 28661 28917 16829 7672 32704 4210 12272 16807 19738 30057 14136 12680 29581 2576 8838 12313 429 24694 16952 30861 241 27405 21136 23409 12225 7783 9829 3727 8656 24637 27160 13331 15020 26549 4810 23788 13972 29412 19916 2677 13705 30098 1111 29525 31911 9534
18302 4004 25014 1634 14432 12367 5373 24313 16546 9661 15702 12861 12061 14770 6792 10677 3283 116 8656 3951 15912 17709 18625 15755 17487 5521 29263 9977 13058 12480 12838 23938 11894 23918 23104 14605 1422 27457 1718 1051 15439 25466 7126 20885 6804 11480 27255 24519 4866 9913 28297 11436 5695 32643 23536 8044 9823 19010 28051 27427 16031 6035 10927 3812 25430 5568 5746 5886 28200 31788 32197 893 27261 17906 22377 30708 5681 32713 27205 6266 23182 11563 11774 14323 20855 2230 6601 15249 10981 9170 21885 22426 1688 10644 237 2411 5638 18658 1396 29373
6808 2520 9681 31271 5141 4715 16437 21732 13150 7756 30363 24023 25949 11791 12632 24012 2616 12685 12275 10497 11466 12679 7222 13797 20051 15500 21381 4383 6766 6940 23151 21202 5956 3853 11907 31007 9728 8750 27237 19436 26499 18475 28705 11748 22872 22448 3518 32447 16106 7889 20503 29380 10996 5802 30694 908 15674 31298 17698 24072 26743 17590 3211 29126 21654 23187 19331 1391 12580 25219 11807 29845 3078 4396 15230 31403 103 27733 7257 12117 20981 18762 12252 6115 18509 2690 25268 29207 24243 24704 31850 7215 7175 4599 22255 15903 9972 3889 13432 6175
27243 21681 10123 6757 24144 24856 16730 10804 18547 16965 31313 14357 2497 32192 2283 2917 19388 22617 6857 26383 8744 16652 9221 27547 29959 25384 14532 23144 18120 9137 9482 7733 10940 3586 14035 15590 32713 29622 28255 5765 17250 17353 2253 5512 4278 23803 6379 13394 8232 24437 8781 31740 23296 16815 27292 24660 22368 11409 30001 7462 20601 25305 23778 30907 28414 14268 28 4000 30169 22736 13107 3496 10014 28457 27893 30772 30013 23490 8581 28082 21627 4895 16231 32356 16547 23601 727 611 19192 30330 4959 4323 17519 27506 8104 31928 22555 3880 27537 31258
10729 29740 1150 20901 19853 22189 4082 17571 10684 17119 26721 1678 7068 31391 31807 28625 28281 24154 9053 19919 31673 23851 24181 29734 1810 12355 13572 29493 11002 25998 9559 6108 26975 32148 23273 6274 13465 8349 7916 4957 1181 12056 14118 16877 19571 12605 9982 1482 25578 27122 1751 12960 14730 4331 26012 14712 24778 30742 26780 6457 20611 8246 7577 14446 26021 205 13083 3145 32297 1856 2826 12520 16454 4406 23420 22232 25064 26177 20940 10712 1118 29888 27628 5343 30802 22020 31740 1888 32255 23985 2587 8140 21918 14439 2173 24409 13345 23970 3517 19202
28708 22751 2421 7630 31521 11777 9997 28758 31459 23794 21200 31105 5949 18573 5445 19603 20475 1212 14524 14438 28441 20445 27943 11254 27443 15211 24107 17444 20029 18394 28535 26291 29812 30658 4949 3735 14228 7744 28542 11631 23116 27802 17459 18000 18415 801 18825 9668 31852 2396 30469 23314 10368 4450 26984 22208 26154 19080 23244 21079 4448 18236 24816 25958 6400 23089 26065 27593 23561 20157 3706 8491 26379 127 1052 5578 9692 5700 21345 24698 23949 25643 22014 12781 668 14600 23176 11569 16235 6919 32392 10618 16113 14226 28369 16674 4016 2676 529 20974
13031 62 24999 21139 11272 6121 13492 8569 9324 18366 373 12478 30534 10611 14544 13182 14806 12695 8236 12370 5087 30256 3462 7446 31834 18594 10689 26608 11884 9938 11582 4493 27286 18316 19117 15534 22572 17954 15395 22244 6920 12630 9836 16023 29055 378 18082 2637 28308 14806 7678 21801 9324 14666 4079 13490 21250 32309 9833 15319 28444 24981 28800 12079 5502 3439 12085 20101 15965 12913 17552 22419 17686 16598 6383 9742 6176 10378 27293 5347 9535 25742 15270 1217 22011 21919 20970 11223 12369 12306 32113 4831 28584 259 6398 25435 10759 3758 30951 27422
21892 6173 15395 30991 16896 14340 13221 30506 23313 28393 21480 26055 17984 6279 25804 7199 12661 20597 25504 29196 26031 2563 19328 14096 29176 24421 14305 6809 665 23571 5482 27011 14474 18031 21766 17631 5420 11432 21815 13811 20026 14559 30125 17281 7677 4233 2327 27725 25536 17173 6457 10969 10372 3022 12606 26227 23541 27394 8784 30065 23964 23140 30311 5308 9813 8367 1374 30859 9732 2188 24652 23153 10628 32438 1809 10394 23776 23388 7215 14930 15814 23239 2780 11718 4664 2364 21333 21263 14213 9764 29044 18540 23928 17002 4485 11215 463 7717 1878 1436
16366 2423 15245 20653 18645 19636 830 17305 5968 23495 5565 16182 13421 22738 5297 1628 8243 10773 23146 8940 12945 10001 629 7185 2197 8429 24685 25030 20959 18968 22803 4505 4692 16688 20897 30894 11287 17187 10588 30470 17845 18580 29033 10241 24735 4736 22241 29730 13278 27169 29480 28691 7938 6162 30330 11497 18779 22197 24774 23976 16748 17362 15552 30218 12445 5504 4402 9852 30512 5705 31890 22890 17526 11401 11994 5564 32579 28951 13716 27297 4767 6439 20020 18571 29374 14191 12971 27515 28211 6281 5177 14974 8032 16025 14467 16503 4657 16431 27877 8736
29194 3695 17417 13644 21501 26223 20921 7535 28993 29152 22769 4447 26079 23281 8249 11868 18351 22384 24625 31823 10627 28466 110 1871 24226 438 5764 12905 4728 20229 23396 10145 2187 2012 2793 2356 6321 10509 25005 18464 15233 9763 11553 17382 15111 10053 8669 6031 23484 24157 27700 14317 4532 14201 12044 18211 5658 26737 25836 16744 28890 9162 22359 26375 19101 29402 8281 1962 6906 31533 27231 4825 1770 13096 25164 4542 893 18924 4040 28203 4300 18045 2011 10974 8495 8740 11708 28931 176 25105 30179 5882 20671 29765 24421 1115 27687 21423 6017 5943
18240 14229 31606 28321 8294 21046 27800 15981 5291 25262 10915 4152 27849 7705 10319 5545 13915 13307 3621 28661 32076 29152 24464 4265 14735 19007 30263 6052 17680 17060 18314 21090 28139 3342 10395 16513 30941 20630 1072 16765 10231 25938 14102 20415 6554 1913 1720 27862 5023 17864 26096 8964 3798 12068 31772 16380 5810 896 8821 11498 20802 27649 19356 1972 17251 32352 2422 24959 9525 3985 9530 18038 23243 6562 32200 29382 25895 14565 8253 22765 24421 1105 20164 23861 23606 17702 27055 27259 14224 20944 28358 17461 12452 4110 734 14772 24593 25171 14766 7846
24151 1133 4063 11486 11918 7012 19298 13144 16728 31909 13830 13943 9236 28767 26186 26002 12372 29486 2671 2479 20369 15095 27090 20878 10014 787 4217 7914 16475 25519 22764 14587 299 14450 18502 2111 2216 23137 28811 16250 17429 12544 19772 5628 20499 24250 20009 30498 31256 3203 1159 19231 30238 6332 9794 15612 7320 11607 23445 8670 17578 315 2775 25992 3737 18666 5784 8224 12929 6753 16876 14646 10054 18496 12039 15362 13772 30762 11274 16621 19563 30831 16925 4180 9885 6376 15038 25224 7418 2851 3928 24857 12647 3520 30488 19796 11146 26395 1788 28682
22913 29484 6189 13971 18643 18603 26766 8467 2982 14711 10645 26108 24115 12856 29018 28372 16504 15683 16877 4665 22572 11455 6893 12066 12024 12294 18774 3431 8420 22606 27035 10116 3856 20617 20469 16794 10916 19594 19194 29110 27657 29544 29809 32086 2650 18727 1125 12329 1813 23445 23160 4119 8727 13939 12666 4737 18887 25301 12602 14026 23441 30156 21148 10774 18582 29249 18924 22609 29345 548 27506 3700 21853 19143 15943 4611 20422 24708 12647 20954 8670 7590 9990 5162 29345 24711 18984 17855 29242 29941 25196 20100 27767 11482 6696 3912 24443 27676 27323 27842
27315 11203 8991 3027 10763 14426 15550 8972 20833 12183 29319 1392 7225 318 20032 19067 26035 30530 8222 14179 31931 2349 5267 19869 2176 32451 23655 8867 4391 9698 6922 25845 192 8109 3881 12893 12409 2282 10623 9080 22033 423 1518 12402 26000 22564 31438 21265 15158 23277 12933 2549 8625 5703 855 8478 2195 205 31104 25518 32514 23387 18304 6896 18097 18475 4279 32410 4880 23870 16945 31311 18624 13822 28099 27752 20810 18465 23383 16884 22288 32720 17540 5117 32132 26377 28258 10766 27031 23618 5532 1521 11893 7247 24774 23741 29295 9093 19697 8465
24632 10784 18557 666 14421 16354 28719 1755 5839 19197 8835 7981 16683 28211 23876 24580 4251 6716 6489 15733 19574 20072 6370 28917 2278 19589 23428 27748 24033 17411 11520 32330 2650 14422 523 2912 22456 9884 5978 338 20871 11904 1788 26307 9581 16990 18412 11409 16224 8872 19431 9307 30231 10376 12155 16449 23486 9158 12385 32747 1774 20461 24076 11981 26588 9385 14466 22441 32209 1396 12651 4437 218 5233 17255 2238 21440 11416 5029 27693 21050 18196 20914 7113 20322 20457 18830 17246 22630 11738 23557 16732 3968 394 20796 32547 13096 24545 14731 7805
9608 2993 20618 8300 2096 29338 5743 26919 16395 28971 5015 17759 30097 8777 31330 21702 25919 15829 6980 32210 5188 19081 24345 20158 15742 10019 15289 28627 2724 11974 22221 2789 28101 31901 19169 19488 12017 4801 17082 24581 566 26717 24297 4783 14798 8976 6560 29787 26774 32658 7365 10023 2242 11675 15941 14874 31439 8960 5803 13669 28858 10783 26097 15336 6512 12158 14997 26104 8325 4783 3824 14688 22056 32375 20676 25253 4951 3119 1812 5007 11855 13929 2616 10980 4935 24279 560 2423 21853 27497 7993 14433 19409 16054 16542 17551 3953 3997 32209 29565
27732 25644 17850 13632 7115 13248 2127 30666 23189 29806 7781 16234 12114 6050 25541 10386 30010 14854 14211 14045 32527 2726 22155 5456 26192 11601 17533 11233 23216 7234 14011 11829 1479 19712 13760 1966 22278 7298 26803 18597 19440 18071 16187 30964 2183 27781 28054 29624 21509 28400 28389 12373 19917 7934 458 7354 28321 2745 21301 27878 10773 26805 19323 938 17476 26354 12713 22705 12225 24835 6423 32703 2001 16752 19776 13622 31447 4698 12240 5086 14607 349 15615 22501 15231 23227 10782 21285 30507 16310 21103 30374 20617 7229 26170 5476 25396 8139 4125 17490
29156 15757 1188 31646 4766 30659 12314 23863 27432 31336 30366 17549 4544 18709 14969 920 26125 1059 7342 28955 30294 2320 11219 11306 17650 29219 29984 14570 512 14675 11206 23192 3416 614 23169 20172 21697 20566 21361 19967 25188 10744 21030 30027 12160 29151 1018 32115 3936 30079 27299 25379 18058 30606 19720 25721 8762 14768 10836 30659 9230 18770 25417 8075 5635 5078 3544 16337 6816 1521 9966 22679 3441 14930 5776 18851 18359 31621 14890 896 7518 7446 26916 18886 9775 28665 10167 27291 10055 22057 31743 3962 12488 14736 6481 2867 17358 27175 21966 18739
5285 10078 7736 16902 15673 22718 23557 6426 29645 14797 434 18374 6640 32050 12634 31114 14253 11033 12679 32153 14083 16089 9288 29076 29589 18388 13444 2457 29345 4511 11661 6524 22326 5988 12536 17236 26274 18052 32429 28474 12586 21632 826 28749 13055 11289 8301 31482 365 13750 25633 20602 22612 32519 8536 17307 7132 1512 8074 31428 8805 10888 21565 4915 23229 3274 23254 2442 8854 22763 7855 2954 24887 18278 27497 5918 14961 21524 22404 2715 28117 28824 15660 2630 13860 13818 13654 24343 15623 22930 18700 12988 30464 26920 19717 19681 31649 4697 7033 13743
11772 31036 8243 24978 18778 25158 27368 19008 9776 13163 15303 6391 19278 4230 15953 17925 8026 5883 26219 20878 20093 31899 9138 31114 14428 5576 24334 4365 31306 1753 30346 23755 27067 9408 11107 6363 4860 18665 13918 3003 4130 7270 30303 19093 19521 7754 27960 4800 1758 26962 32447 23690 11174 31947 9763 2869 21088 3247 5504 24127 31520 7442 29616 2023 23229 27836 11365 3308 19334 29464 1652 20888 13873 30029 29812 30717 1812 30378 21384 29567 920 2119 3193 30098 5098 15337 19208 6085 21747 15911 16258 26368 1675 23499 7828 13321 10729 30331 21345 19789
25694 11417 6098 1502 31300 14439 26413 11704 30257 19055 32490 24392 20592 25378 25026 17967 10929 28607 4360 17219 29695 11894 28732 4566 2291 7630 1758 21052 9255 31556 5248 7559 13038 5428 11039 1685 25154 29693 17331 11341 30718 7777 261 16677 19534 32042 5313 11239 30563 8723 31436 9654 1899 30181 32471 31052 21184 4577 16437 18309 14943 18526 10217 29985 28829 8371 1284 9669 6165 19031 17198 26692 20197 19271 28546 30749 31258 28072 32671 14405 25960 12462 3835 19238 2847 16572 1659 27623 6234 15053 25153 27886 377 16146 2502 32675 15058 5852 28200 10615
27044 29117 25285 2598 8524 32234 25608 22328 188 24548 16515 12494 17448 19800 22590 13211 7938 20291 26191 27697 29225 28505 2219 3966 12894 21672 31292 7318 4855 4985 13108 19379 18647 13431 25504 28281 31133 14099 31808 9599 11036 4902 14742 3852 18188 32216 25917 21278 1790 30146 16764 12465 23702 23119 21275 28733 10740 4712 32117 24449 24179 1616 9423 14975 19350 28876 19176 9672 17983 19336 22993 7673 26658 23222 4351 134 1402 7160 18591 4534 11002 7296 32553 9199 14343 31349 25912 17460 26916 5529 23449 4076 26286 13098 6050 6117 11209 6406 25029 29848
22938 25618 8805 28591 19127 7643 12519 26308 31451 21886 6413 19308 5855 16326 19071 25716 18661 8853 26283 13418 5335 3973 8399 10591 22800 12750 25684 31212 18264 13163 13662 21363 27158 32120 32673 15783 2497 22495 18294 22351 1688 11315 28974 20551 31379 28636 4774 17607 14233 31093 795 24039 30195 17778 7488 23395 18177 28166 26510 27292 8235 23108 5852 28384 4635 26756 7983 7915 41 6152 18131 7086 27671 30175 28587 25679 10751 20746 2757 19312 4233 31198 27185 20916 31073 4265 25876 2431 9705 10136 504 26622 23595 15320 7014 10088 20497 18940 12983 7811
11480 415 25895 12649 21186 23626 14123 16268 7435 7064 10757 13048 17439 29335 20373 5336 12298 24178 20594 19260 20272 29261 6201 25625 17726 6769 7205 4497 1632 6825 28640 15221 12981 19435 7321 18953 17920 23867 28247 3591 28576 7117 11149 27110 9922 1642 27374 8283 20181 12308 31618 27681 62 13805 4858 17654 18765 19541 13889 30182 31600 10067 4179 26827 22695 16950 11090 19221 13624 19068 16343 28615 24996 12786 3718 4802 28889 11293 30693 24902 11945 6873 18030 27574 23163 11840 24290 25755 31297 15309 19169 20716 22954 4289 20920 3469 2456 17350 4986 19989
29652 18899 23122 30932 22273 21071 5655 1045 16078 11897 13857 14496 19568 18439 21851 32131 25424 27405 27802 4370 3584 26401 32557 21293 12148 19389 30134 1217 21615 17381 6968 8337 14651 21769 28784 12599 22429 1324 18793 18533 4360 11334 26955 31601 18705 29927 4211 2321 1059 20510 12489 3171 24180 24729 15438 24880 28471 8461 16885 7537 27668 18905 19636 17426 8405 14822 14554 5367 3938 26321 29603 7741 19439 6220 22794 29378 26996 29377 9182 10727 2653 5433 9240 3220 27011 20093 12140 4989 28508 11642 30 6820 10094 28906 30231 28191 10762 6705 28216 5148
20022 10117 9198 30754 14315 14674 20743 23450 5761 9949 32708 12173 10087 17959 17199 15279 20759 27412 18862 13981 27209 25036 32217 13155 359 26722 10633 2113 14402 27572 20273 4783 2051 2962 11634 31902 356 10786 8425 26369 23840 2690 22604 7564 28839 17072 3765 14267 23319 1191 16445 19223 32360 715 3277 4789 6374 29575 15665 12287 4837 30773 7790 26806 21680 27454 10070 1592 14530 22914 7257 14847 28217 11002 9630 11115 24455 16027 2899 4801 29035 32126 3137 1395 11808 10559 675 22434 12500 27043 19256 14049 25947 23933 8855 25148 28709 13010 27843 9081
21101 2619 6911 28061 7860 10635 9187 17586 20846 16818 16816 21192 8699 19425 27361 20026 24536 16879 14594 5426 12311 13820 12741 8815 16140 3412 9811 16198 14922 25237 7392 5863 9934 21269 30850 3810 26489 15230 21315 2282 1988 10171 15989 29144 7855 31256 23877 16883 24058 3492 3475 21102 8600 22490 4865 11314 4961 19841 30794 13278 14087 3793 6870 22284 29259 7895 5259 7895 25968 10779 30693 19354 10224 8319 4681 24057 15727 9834 10390 12582 22253 8486 25086 2653 13375 25223 21780 16817 14784 14286 27429 26635 3652 24524 3532 3696 21837 11339 21185 4738
22914 21161 6642 5194 15196 12230 20949 31028 30755 801 22012 8283 23833 25917 7146 11271 15093 32074 8741 1140 28050 14849 21900 30678 3049 4560 24811 7065 21565 3639 6861 21229 10389 9842 1425 7810 12143 11608 5568 6544 27827 22147 12958 18459 26342 5809 9471 6773 11424 25450 26716 18948 20032 5603 4646 29509 8158 29987 17242 4369 22401 11108 22614 15648 23442 10940 19179 22987 21905 17660 31411 2326 23815 31449 20389 5357 20156 17993 27366 11438 9257 25648 23010 7144 24368 24892 32668 24163 24075 28173 10306 13664 11139 16026 31493 8737 8034 30928 15912 27052
25386 30332 8534 1485 12039 24170 568 10074 21251 22734 24391 11706 24697 25316 27871 14248 1996 1492 149 12597 32344 29912 18123 780 169 22176 30338 18170 17643 15862 30575 9646 29090 5534 11856 16829 27804 896 25472 21481 5667 1801 30665 23714 17527 22222 23418 3789 4987 16754 31674 22469 23726 5578 6684 10399 27485 22080 17012 25779 16663 15221 21224 6487 32354 18987 19018 25326 17324 97 20645 8994 7812 23999 11797 27757 22282 19253 9180 18142 12708 9696 23475 12826 30963 28973 24926 2209 25606 29760 23171 10322 11469 18071 28860 1074 27344 4074 8683 873
1568 32598 27342 20877 22158 15803 32723 1059 17180 24419 2093 14691 30129 6372 3879 5180 30481 15175 8120 14744 18187 15209 15960 13025 17653 18594 13587 22980 31829 13989 26076 12597 10721 16039 5923 20403 3242 23492 28330 16077 22420 18078 3732 29669 22281 21575 2239 17972 7918 15457 7251 1550 21718 2691 29083 6503 27254 16095 18452 16791 23642 25122 19140 28250 18646 4252 32461 16923 29502 16545 66 11122 1881 18479 313 14315 12564 26064 16162 1033 23668 20674 25175 27786 12750 5206 31732 25837 8762 14998 5608 5938 6213 2602 2380 12513 8422 23421 3828 333
8372 18715 15940 19738 26965 16222 28229 31485 17210 12105 11512 32195 16265 26804 16619 8085 26203 24489 26889 4730 5416 24847 20150 27165 8575 31365 24092 25297 5115 6545 30911 6610 3954 9722 13912 6861 14447 7026 10208 26275 12515 26232 20715 22379 31767 2173 19255 1462 24293 18246 18565 4886 4136 27537 26279 32225 19825 21243 2523 25138 10236 22817 12631 19505 7650 23558 31269 32660 21391 24501 17457 22630 375 5415 11681 10503 27141 18534 22628 14709 27604 31219 11790 19401 1058 10085 5603 18949 21890 1876 20785 268 1744 15477 29156 3314 3690 17414 8020 23158
15773 9069 7521 25037 8286 6428 18882 32418 1339 21687 922 2394 16785 31353 12620 5532 1534 30164 22673 31249 22297 24407 31944 1384 32353 31189 14221 1182 1908 2756 16268 32380 7554 4579 20887 18529 23808 9248 12279 22593 28065 28088 11264 30702 30850 8096 28137 15766 20132 19492 28378 28045 21408 30414 22853 10573 150 23433 17274 4028 4967 12550 30838 12973 15908 27231 17148 1448 27334 15354 28392 10734 26399 26545 29887 15288 3344 5167 906 1216 15101 13213 23781 14338 12414 15743 14163 6852 9047 16344 6868 16084 8363 2965 27578 12817 3692 40 6072 18220
24854 14964 6460 23472 22941 10985 17662 16192 24483 22256 5593 8224 19439 18825 27355 8440 14107 30514 27544 31700 8332 6412 1731 22126 424 17209 16127 11184 8514 14984 14834 28277 15193 19796 17819 18832 20739 13225 18406 8463 13476 15017 19582 14529 9827 16174 9443 9205 5343 15281 20156 25221 22045 28011 5230 20243 27846 21689 7149 17043 11663 5317 22483 4361 22776 30307 3759 17300 32057 4665 27807 13228 13433 26147 21281 27560 4930 22998 23334 28803 23346 30403 15720 22751 17907 22334 5374 21834 31853 4319 12333 3521 3641 7720 25474 30834 32089 2921 4893 3526
12839 27361 26192 32159 27532 21542 22889 18911 32626 29383 8651 27177 32636 26671 6212 23787 5620 1228 7578 18844 12037 7281 11623 6210 16938 31225 4903 8760 20454 13870 30096 24622 26550 30185 11298 14705 19012 21370 4862 22637 31709 30537 20731 10352 23333 9150 17399 24752 4105 14431 1899 16528 26358 28728 18754 24863 27720 24448 24812 16353 23558 29817 23726 26323 14796 32664 31036 21929 9480 1766 14217 4186 15721 26790 1246 30430 11157 4408 10538 18998 8731 18493 28569 686 27304 22780 15719 23391 21373 6661 2807 14071 4384 6163 29471 16829 26706 26679 19654 29903
13378 25907 690 24238 7424 23588 7579 21757 4660 27749 13444 29574 24080 7855 14155 3198 25731 30597 18302 28170 25264 2255 4976 8450 17054 18117 26508 1268 22321 9230 27114 28012 5209 14633 13344 9330 6025 31501 16219 30293 5227 17676 22190 10919 31186 14845 937 3721 25328 16538 10542 29737 10441 7975 16512 19336 10215 31317 27805 14465 3663 15205 22478 18951 17845 8592 3964 13998 19948 679 21061 17004 7072 32503 1103 12705 20295 11375 15836 27990 22613 32005 10271 15554 22703 25685 7247 14355 23651 139 14585 22635 14742 19076 24986 18728 11454 4400 23661 24168
1297 17467 642 21708 30012 20972 13840 15997 23641 7245 4876 16749 6939 18828 3578 2784 18764 29601 29956 7210 24442 31537 1865 21690 10477 434 5751 23895 4572 20177 26268 22698 9696 9488 16441 31997 21160 18868 26777 31554 17135 17374 29792 22359 26027 5880 10343 5512 30087 31826 23751 24918 5268 24589 5684 4470 20539 9529 18829 11549 8567 30010 32176 22139 15681 7792 16275 16005 18763 17943 7313 1528 18672 29035 5889 12187 22123 10768 18701 1988 31816 16818 10690 9501 17177 30953 10339 26280 18282 3423 4611 4865 27639 29492 30034 31972 31772 15777 30904 20718
21132 31452 22176 28840 22598 1852 29719 32449 28613 7070 17813 155 8311 6919 30234 14602 5745 25483 1149 8280 19041 9837 19201 7564 26052 2951 9514 25835 14169 9196 10191 8128 19413 28621 8047 16729 32472 31641 18633 11602 6176 22632 30630 4886 18685 29594 8186 8866 7684 4539 29995 32396 14600 28842 5041 3908 26438 21755 26847 7067 26592 1689 19712 19073 30349 176 934 29203 28302 22730 5695 22485 6628 8504 15593 17979 192 19123 18824 7023 19771 18755 18709 13646 5959 96 20281 24243 11493 14935 8218 8697 10905 12016 11381 9403 30747 23886 5101 28894
32080 15638 8610 20178 9080 2772 30470 5396 30377 13210 22764 4344 31612 9194 21218 27813 3334 32213 9409 13921 22282 31333 11906 27919 16492 31289 20051 13813 23017 2415 25834 8131 9478 23239 29722 5841 18246 32260 2980 28329 32160 21910 30799 9413 25648 3959 26939 16538 26157 9555 32626 29909 27163 10219 31680 26084 3650 22971 32453 14776 2398 23770 3912 21705 920 30755 23246 26715 31669 14226 25707 13824 3214 27632 5593 11359 9920 19891 26311 16691 4772 18208 3699 11415 20098 10674 29563 27008 7425 21183 19953 8075 22498 857 12205 23033 23278 28531 26343 12279
6957 18500 28421 16931 15961 17905 25521 12621 18066 29798 10799 29306 9811 18308 17645 9263 20645 14978 1372 18668 6547 32397 4095 2806 31453 31922 26306 27993 4337 12030 28044 3630 25622 5348 7447 24090 20971 18142 22528 28951 11024 27991 5658 19575 22819 7881 23048 22054 8430 26915 9483 18735 21726 2669 23832 21377 2999 7342 22830 16628 12167 14606 2022 22407 30937 22072 25676 18667 10794 26114 11501 23878 8097 30288 4401 15153 1786 22837 18667 28930 21444 6236 18991 9041 17356 14247 4452 1205 2009 2837 12185 31439 25753 9193 4893 5258 24540 6409 15945 13728
19968 11940 24737 7009 21420 8471 1564 7856 12226 5906 20671 22350 24974 32502 28784 1115 32580 23426 19722 24089 20649 17327 5805 13556 528 6616 12376 447 904 15902 10425 19265 26708 16395 13635 1264 23195 21366 25474 19196 30561 3238 29867 8079 9910 10170 6008 3412 17453 24391 29746 21302 11152 5700 16143 32106 32210 22819 17599 4015 12869 31297 9538 9428 18445 19840 12540 10107 11221 18226 7179 2078 9665 570 31704 5199 25507 29037 17132 21316 29553 16447 12038 2962 16887 9883 23914 22073 29129 13330 31099 25313 7804 22072 14732 20835 24597 7755 7668 17547
8898 2582 9824 4637 9928 21525 29038 13333 15549 3802 31351 24371 4599 4015 27051 25271 8516 27773 10852 13674 7131 4333 15284 21469 24211 11980 28480 21493 18259 3508 2642 20903 32458 32233 32041 6401 2656 29313 9364 12650 14956 1736 18879 11818 18599 29410 21580 26669 15073 13234 25253 1283 24050 27131 15505 28460 27892 13509 21510 9107 14511 2819 18495 30808 25429 22642 7949 16594 1136 25028 10354 29397 18712 13310 16492 12592 25705 8991 25359 24442 25652 7170 18134 8975 15861 19845 28987 30037 10245 27883 31109 11076 4881 6527 28130 5669 22475 9082 3765 8601
27871 14887 21553 4830 14633 17733 29223 19790 22053 28077 19996 16424 22183 6453 7071 24979 26060 24019 4826 23264 21040 12294 30054 18960 22881 20593 21860 15510 18324 15561 21193 18270 16279 10226 17145 24589 16135 15717 30360 23435 12995 13269 4508 13759 12192 29458 10663 1689 9055 20781 7829 18518 4572 10973 24912 21247 12935 23329 7404 12595 536 22055 30192 12839 7295 27501 21489 23787 29466 29478 26982 10479 13099 27359 28087 8133 28809 17762 15767 19496 26774 29147 21908 6718 29040 24121 23276 3354 26988 30935 9891 28037 15040 30044 1746 22014 18303 22752 10818 16383
20939 4432 27193 30338 13382 7187 26260 4548 32457 32749 10262 24649 19289 7716 15616 24864 24406 7906 994 13160 27894 31963 6320 7955 2290 29743 6168 6890 10367 22674 11539 29649 15232 5802 7355 31053 14074 25784 17500 21315 9160 26235 15821 25859 1424 18514 7681 24964 11765 5536 473 29937 20494 20084 23868 10085 26647 106 16490 23796 19303 26316 1933 5866 29858 22013 10386 23127 24624 30232 4918 24523 3310 4308 22372 28766 29987 30379 1470 5107 5045 16187 32378 29886 18845 26860 8815 7172 14232 7123 6767 27682 24607 5078 10456 31697 9626 30225 14694 13992
30929 5497 9035 26339 19363 27327 20866 3170 7162 17272 17760 9461 11006 27770 10092 18902 13449 23433 23152 18039 15067 7219 17616 3198 14992 1016 17435 10510 23247 29102 32480 8009 28099 7204 2243 19475 21839 13318 3279 14104 8189 23808 29198 29968 29240 16934 11863 32578 4028 18836 15208 9286 6474 11089 25141 30224 21152 28538 20607 22826 1192 6044 11431 6465 20464 30561 7109 9955 858 111 28149 25223 19221 1421 25841 6350 19403 14599 18661 5128 32284 27220 16254 26362 24140 18167 6468 21727 17464 8867 2347 31404 30607 2722 31332 7576 21566 10360 30841 17116
4908 14275 23961 29879 2856 4965 15153 22710 32288 7653 12476 31538 18067 2323 9435 29722 31048 16619 5288 18675 20289 32188 27975 12316 27627 16778 9151 6487 21399 17584 32520 8069 9773 5577 18534 18353 29215 28881 22005 12624 13213 4488 9092 7111 21512 1303 28070 25902 15784 16118 775 26196 22433 29965 16381 20483 32291 1818 26719 28037 19170 30034 21402 28774 16838 10827 7937 10620 13795 7193 23141 21285 31403 2232 25318 20688 13666 20906 24584 1983 25299 15072 5898 13579 25922 4318 2163 25832 11937 31259 3053 28458 23303 30630 24150 7432 20317 22799 22037 23584
12379 10117 12714 8892 17843 19516 13449 26964 7563 30226 1577 23892 1073 625 1880 12574 9226 28023 4561 11603 25036 3412 22032 26447 18669 7412 19301 16626 7260 23007 26184 5542 24430 14685 2284 14493 27419 30941 25111 10331 25450 3479 11824 7029 8490 14193 3738 19096 25571 15135 27456 7116 24588 1935 4721 4858 32126 19076 2799 11180 23081 14465 19522 21 25862 3048 20818 24913 9548 32611 14645 17646 487 18307 27206 11178 7462 20391 27511 25982 6324 15904 26600 22236 21961 914 4280 9014 1441 31133 20763 24767 7726 21693 2220 14709 1802 28015 16389 7519
4783 9366 2957 27155 6122 26396 4242 11132 16269 5340 24728 23002 23141 20160 7920 14602 21355 28710 9356 15624 4670 14217 5649 6066 25041 25181 8238 21455 12129 16442 20013 8527 13739 317 11975 14036 26715 17324 15165 27762 13255 9432 13476 29619 25821 22856 27520 20703 19802 4115 9621 31098 30782 9614 5626 15373 636 26919 7023 21802 27637 31377 14576 21930 29863 546 31883 15929 23074 18553 18542 29717 2364 29027 12868 29458 6150 24064 27842 24802 7167 31265 28540 26003 12423 30965 20734 27993 16790 17637 1816 14222 28333 9916 377 22263 6669 26635 21119 1865
30760 29900 23118 31723 13141 16453 10272 3070 30663 28975 1500 24475 31680 6424 25065 603 22530 31494 2884 32541 17543 9565 29648 26883 3441 25346 27886 30142 21572 18369 4686 3340 29011 23532 22277 29054 2424 11077 26847 26239 11272 15134 24054 30610 3334 11199 24707 17627 12183 2312 19701 30945 5302 3672 30272 19346 16937 25005 1144 13960 13748 2572 8606 16010 6284 9507 26810 30294 18190 8237 19241 7837 177 30742 24633 1872 21562 17631 21235 5658 7215 5189 25144 5678 8077 22429 10000 13634 10941 26883 5438 20955 13509 27571 27160 32460 25788 2999 32149 24569
2944 24771 10664 17505 26027 30813 15308 8540 14786 19264 9440 21280 9904 8707 23350 18058 13939 11510 8935 28700 2326 21325 12393 13378 11231 32128 22883 9433 28873 24305 18367 14321 23092 720 25345 23506 28380 8251 25560 3134 2568 31146 17907 19702 31748 19339 3094 11648 3792 3625 2669 14886 17178 3794 11040 32322 22890 9273 24871 31673 31645 537 15712 15302 6804 28699 23007 23801 21549 26618 3973 17023 30066 24293 10708 18595 27921 15909 3329 8853 16909 20223 587 17770 25266 7644 7820 1125 24526 6311 30478 17013 26654 27767 6303 23806 6151 26222 29928 13276
29062 23521 14842 29350 4202 23992 18474 32559 28353 15128 14879 12627 19856 5952 13097 14320 5575 5809 26580 20274 17779 26514 5310 11284 15670 10578 22437 16675 500 30607 7876 16517 18128 7223 8800 32571 21335 11501 7326 7587 6650 6062 13207 6465 4802 25268 18862 11198 11839 9114 10274 6961 29890 29122 14303 24478 9676 22516 15514 16828 27589 2375 17948 22268 30705 23877 19422 32454 6817 22346 9943 17670 11174 15661 23954 19943 22283 290 30339 11998 8708 735 17563 22763 15393 27646 25114 30748 28871 11171 19877 27730 19681 21854 23960 16199 19667 26451 32157 15312