100 100
27274 12848 24635 15503 21480 10707 12639 10046 26314 12440 13836 18572 1576 5357 23811 1537 11252 10567 11769 2902 19605 27076 26787 15671 3735 9487 6672 18759 10913 11396 7227 30565 1959 20372 13281 8238 26464 9835 16528 27842 14075 28625 13057 17355 22542 1614 15783 1980 30159 12434 29576 2647 14982 20755 18764 22898 31042 14584 11411 18682 8139 8758 9612 24120 1241 5369 14020 83 26243 15429 28475 4631 11514 28125 25277 22772 17783 26980 31855 21834 10610 4802 24489 28644 26133 11209 19203 8386 14320 20761 12723 29467 3822 15936 32534 2722 3720 7462 14476 3593
24120 25769 29065 6851 24113 2692 17897 9743 5197 3189 20100 28466 25927 5279 17411 26371 28202 15661 17394 12461 4617 14136 27670 8113 4081 22762 16384 22314 13596 22244 3298 28245 32615 11486 16290 15952 17414 31117 24877 15650 11895 20938 11534 2556 11188 20208 30271 3775 5549 23686 20030 23229 13045 2334 8804 6852 24252 24188 17267 21081 27901 1275 2926 14913 7928 13869 5549 26694 15331 17090 15664 9271 8669 12203 21812 3633 25379 11903 20484 31261 17286 29981 18450 9338 10781 14483 8006 9309 23351 20286 10390 16053 3731 15923 4055 32468 13780 13790 29650 14379
1839 16873 26267 21845 8295 12383 18462 6232 22011 29714 12027 12327 670 1594 21396 18283 27367 2910 12643 28802 2378 16248 21138 4808 22087 27988 31173 15638 24801 30009 7739 393 19282 9931 28181 16005 32765 29232 19189 30969 12964 13426 29899 11236 475 8996 22252 12568 19644 6985 11109 10046 4317 22385 26766 31002 25727 20773 11490 27152 24840 20869 7437 19431 4532 30000 26695 16846 14983 10084 26337 13468 2950 22631 1821 23644 5158 29477 31811 777 2821 22042 25585 25750 15832 21362 21939 20529 15780 31855 4307 28361 6962 15372 15475 21198 18365 1248 28120 13624
28141 5700 26889 970 22281 7352 20377 9368 12392 12675 12737 4807 17704 32154 13746 14484 35 963 18728 10903 18975 22010 4419 10313 6213 14868 3219 1477 16085 418 7025 25291 23575 6424 25238 21258 28565 4655 15334 23455 29063 11655 10637 27097 32399 10129 32589 10047 27558 19628 13846 20180 22102 6286 7640 26521 1323 25830 24981 2132 11364 27455 4538 2192 27373 7720 10415 17125 5010 7570 15789 19577 5741 19065 22992 17863 7840 15815 9069 10399 14410 9845 21413 14190 4787 21235 10810 29120 13002 27082 21410 12803 10706 5504 30042 22670 9304 10171 21629 10210
25960 30634 19093 13871 512 32673 31921 6170 28869 32259 2232 10429 16885 7525 7420 4847 5021 26608 11794 32710 5644 2567 16098 3675 13447 10282 28410 30925 13886 19483 17192 2697 27519 11583 23623 19400 15146 22598 4185 1625 9317 31247 6614 1952 2192 20933 20804 17375 20860 3663 9480 16052 18391 6887 17276 23779 11755 7944 11073 854 29321 13710 5591 10082 4159 7961 28778 13388 27857 29618 22255 27148 19687 6065 17776 6480 12292 30685 29604 24772 10423 20694 3779 20369 1301 1456 17816 4387 23398 18913 23256 1584 20255 8797 12722 28406 8721 511 2215 2756
26079 1323 22172 20667 25013 4274 32302 9686 55 22517 19269 13352 22968 3662 28396 18277 11949 18347 28000 21156 26209 19580 12902 867 26090 25808 16354 1484 21339 24250 10918 24119 6459 21498 22920 31727 15926 29401 15031 26937 25875 20053 25423 15506 2278 31102 19754 12089 18823 29216 9978 31981 23618 7842 27284 28920 29904 25390 11663 17516 14982 4627 24590 12717 7629 15207 28122 24879 8658 8176 30132 4993 28287 19269 2793 11403 16041 6448 13606 1044 32395 10839 8846 8071 11891 3099 16394 14582 23995 6081 11232 14175 20987 19663 13960 31790 11901 10937 26043 10756
12273 19901 11724 18615 20578 21260 21819 27290 26473 18474 13960 14078 6817 10647 21573 32248 12890 13487 29551 14693 9874 4303 12286 7980 30753 5049 16315 10435 10803 9530 22354 13301 28667 1546 26024 8418 25254 32243 6510 4423 21390 13621 25847 11519 3761 15658 29766 4042 8545 3110 18796 17486 31037 28833 29457 28763 28511 16280 4432 5747 5079 16944 7368 4234 19800 9885 9199 10250 8498 30786 29354 28442 14208 25369 22555 16160 28579 18006 32442 132 6383 23111 2728 8120 9123 28031 29248 21365 24095 32051 17646 6215 4689 11492 21572 1355 6001 24894 29514 24119
11246 577 16406 1692 11176 10398 11165 14952 30303 14948 13257 12207 6763 15067 972 1451 6062 20912 28339 9473 20168 19795 30782 30021 28809 9374 24559 3009 428 15287 25185 14194 18114 28727 9435 3668 11372 12428 32549 24544 32717 8860 6042 12498 2879 7594 1407 9263 27461 31614 28051 30087 12226 1216 19687 26743 7528 31910 26096 20851 9074 4047 987 7106 22934 10862 2080 28874 6709 31146 30298 25742 3286 7237 29270 19317 13522 18044 25706 7501 22608 23855 14344 2447 21364 19522 26770 8421 11220 7235 20592 14313 30764 2893 28257 26416 28754 11564 5390 19591
14700 22209 14565 29052 16992 22696 20516 31521 17548 19737 31028 1804 15544 32012 23353 22946 28744 8353 29927 16790 21174 32446 19863 21676 24384 12282 15514 27075 15070 2234 15053 29714 12919 28313 29293 9138 26964 7438 301 28508 19413 7497 8326 27509 6755 30045 10319 4679 8357 21156 8077 24978 27895 13151 20364 28995 7192 21406 3375 26499 3362 24928 11396 28147 4544 15354 21147 3126 28315 17085 6553 2993 16405 30419 15112 18574 5946 29802 13425 5127 25331 1813 6701 3041 31101 23918 3192 2870 22042 8193 711 6264 24327 28517 24924 29875 18349 3500 3351 12306
25371 14078 29071 26533 31412 28032 11617 4193 32037 15482 22728 29545 6555 14010 6766 16268 6962 13363 32386 21518 6320 4842 17419 10411 19571 32531 5244 30425 10408 1654 22920 2126 31678 31512 9527 20162 14618 26904 24634 10486 14861 9175 12924 30965 2819 11867 23033 28569 6397 758 25555 12626 21313 32290 31650 14371 5455 28848 17676 5869 27928 7458 29591 496 4459 9301 5306 16527 7344 9571 16442 27731 24536 5319 8884 8499 24980 3778 5749 787 24005 10494 16018 15498 22836 1906 22582 23272 7556 14469 13878 11128 12645 7286 6891 32258 8458 23547 25664 28820
10972 12840 15882 10370 9328 3475 20120 7340 11190 19638 4491 21759 30836 6548 21736 17215 25075 10400 3180 6403 27897 24282 28448 16129 30198 9019 4909 20875 19330 24403 31728 18010 19719 29489 20049 8075 25019 8323 8017 20455 23506 12542 4323 13415 7153 23552 12541 18167 2277 12148 20206 28283 12181 32759 15090 4112 7989 9272 9220 17812 21949 32677 2035 23912 20634 8260 27064 1908 5539 29662 16903 21356 18510 22627 24100 25682 7972 2954 8440 32061 19826 15800 23140 19288 13634 19491 10453 4397 30089 26167 6425 5924 10402 8761 30833 1350 26363 17706 3303 2631
25103 16878 10209 29636 11156 13229 18167 7113 31989 22394 14082 20374 4866 18738 28021 5027 29159 1959 3057 26849 9562 1022 16915 30531 20761 16470 401 16765 9620 16811 14469 17932 3302 22777 1544 12662 9226 1956 7427 1491 21580 791 18754 23436 8445 7083 19146 8035 32107 2763 31597 29107 16145 27735 29339 2809 10 26437 7035 18836 1484 18830 28986 19657 18 6984 21924 16650 13338 27919 13809 16760 26641 26026 29153 29350 8908 21228 14603 15008 5048 16855 21105 14892 14100 25096 601 27471 2653 14415 600 2323 25866 25757 16304 9352 18810 32547 21468 2825
16939 20664 27496 25024 7980 27259 3846 6765 10197 24762 735 9570 5301 11539 12327 1234 26060 31705 19700 9548 26874 26810 13904 8067 1208 28318 12428 18256 6918 3793 472 11258 6308 29541 6929 28084 1157 4306 17114 3175 9089 2784 30446 5042 1098 24775 30645 18480 1953 9364 12821 14841 14538 16846 31626 24683 2621 5978 21625 9002 19102 26780 9409 29797 26095 27103 9876 24667 18181 27639 29573 13854 27960 27428 26593 11671 2655 1338 20547 11979 15612 6911 5475 7772 15027 8405 23087 21331 32513 25241 16413 6684 21034 16074 17855 26834 15475 7406 29592 10430
14738 9009 19246 14618 16483 28496 11360 3866 29404 22197 9466 5933 2627 29156 24199 15232 21406 30485 7782 13251 20588 10274 3104 561 20370 22436 12793 16842 4760 18777 27589 10723 21269 29130 14333 27361 15464 22826 7954 18498 11689 9600 9473 5085 22496 4105 31016 28266 3188 18903 22616 28996 20454 5055 21803 9582 1214 3442 31384 27604 17094 32746 31940 15060 11895 9992 27675 21757 25777 15995 7840 23831 20143 21987 17281 27491 29241 12342 21743 2084 4635 12899 23596 12125 13015 9526 15334 16861 22423 20092 29891 1913 2917 9575 6205 9881 2718 9780 23984 13558
8356 2314 3505 17825 3540 24614 14242 6216 2488 24885 25987 19893 13693 24065 16907 17815 4775 12368 25848 2437 20995 7433 14755 26944 3805 29337 13271 11320 19060 26261 18147 31826 15275 30369 21230 28137 18177 20624 31883 18707 12995 1485 8846 30757 27521 3577 26141 16249 27838 23765 30986 8814 8683 3939 9824 6577 21399 29768 18747 32443 29920 29557 9693 20635 25901 6406 22783 13814 31263 18282 20837 24652 26052 21701 1973 13436 19726 6034 26761 23691 8836 9869 9411 9889 6456 20432 23585 21844 17401 2876 22033 17705 13513 27674 15558 2904 12434 22018 3723 29136
19220 30972 14679 29819 32546 22758 5282 9155 5902 25622 11640 4181 31074 23872 6348 9253 11728 7321 16398 3250 11884 27708 23552 6795 22809 973 4549 14866 5441 26461 26170 27008 458 11662 31626 20521 16197 28920 19709 23298 10856 28875 23825 608 6846 9397 2508 7426 31133 18438 31568 25682 17753 8210 24752 3560 21687 470 28418 7760 28324 23263 22198 22797 2599 16744 8998 29149 19093 20419 14445 25407 3076 20218 25469 3635 5121 29877 12396 1857 14982 14430 31503 13500 7974 900 28106 8776 16011 16765 25254 11674 31778 4688 23204 28799 29717 9426 32594 3104
10618 31758 25243 14724 25802 9194 28899 17238 22164 6408 18772 19689 21106 26603 28786 2681 13885 18267 4342 20148 20861 12810 16089 4472 24867 17271 28847 21471 29563 23571 9014 1401 18524 20643 23343 20184 418 10469 31084 25938 14301 12662 5419 19458 18251 25843 20642 9744 26884 28766 23515 32306 27765 22212 6594 10099 9487 30749 7037 6964 24640 32628 26107 30832 30627 31816 13776 2116 21364 11057 13632 27566 28998 12743 22681 22165 17144 20927 21703 31753 31205 22359 25634 4045 4699 18165 19850 274 13135 3594 25014 21126 13902 15165 25289 13197 27575 454 2598 16078
28456 3095 8326 498 8246 25026 23624 12968 4961 25751 31240 13549 3910 10508 17266 22154 27159 11747 30808 25566 23369 14086 19971 31197 5516 20406 30919 14681 15616 14308 29658 16257 3494 16607 31591 1959 17941 23856 27869 6726 10862 26562 397 11587 13201 26183 6004 6515 16017 19158 31829 18782 20582 30937 28428 1346 16866 4390 19230 16475 26599 18796 4756 19298 3030 21201 18954 4180 18506 5081 23299 15220 7687 14730 28799 30099 21805 25550 464 5007 32434 28952 32681 24346 10766 11594 22392 23740 9016 26583 16629 13083 19666 13604 2555 6011 27296 24373 21656 25473
28735 18821 31584 14396 10260 19509 4102 21094 18050 19049 10285 29670 15712 2032 27771 1690 25514 547 7663 23636 17782 20495 1397 12322 12330 19926 440 19667 20205 5970 10040 31926 27483 5628 9884 9893 9853 9740 27977 15426 15864 5858 13363 23937 12676 2725 28915 21863 23712 31018 23835 21521 22661 23063 1990 2551 14936 14920 9587 2162 419 16497 4627 2940 19206 25861 14688 4279 6954 24919 22897 24498 22007 6656 21387 26471 13831 2176 32571 5384 22618 26664 13217 2043 12363 10807 31503 18211 30658 30019 9427 23393 28588 13274 10576 29530 1192 30314 5204 29819
11267 11358 27045 7483 3303 30858 14301 7328 18895 9417 19832 17157 32318 30948 17452 12314 17585 30902 22137 8748 22738 19854 13184 19111 10734 24277 17688 19417 29097 24049 7199 17400 8945 18792 30478 2407 17712 11081 5840 31797 4038 5832 21973 4327 22966 10536 13666 30839 12703 4574 21803 2460 12783 26099 2339 20300 25939 17066 403 24703 20338 867 14697 25911 28122 3775 7891 27837 17722 32517 10765 31021 20179 10692 22136 25652 23081 19130 12779 281 14078 22005 30285 8186 15232 13624 24932 22105 31426 29856 16104 12503 16233 8839 22748 12862 7848 26281 16926 17349
14190 5253 12092 31376 29149 15623 20873 22135 21247 867 26736 24072 14516 14660 32009 15311 4591 1574 31722 16597 26402 7680 8512 28774 18167 19239 27422 30999 27457 20335 1556 16136 10802 24723 26628 23399 1998 17367 3377 13621 31647 19691 2969 5965 16043 17427 28805 26530 13731 30597 7262 25544 19293 31762 4290 1718 20356 24841 25815 31690 11663 23385 21471 17165 4079 11253 6669 27321 17293 17789 5015 504 28531 29978 21005 10479 29897 4778 7145 25083 2820 31773 2663 2106 27738 24606 14743 3918 9849 7158 16048 28765 25464 12462 22695 26716 16142 4980 3840 27534
31746 23873 13029 29255 11746 7608 30325 758 11000 21840 3678 7522 23162 23221 4526 27444 13057 12140 3046 22966 32060 1974 30032 218 12006 2488 1427 31614 29173 2008 5253 5358 11285 14954 32064 28587 6740 15500 14200 2411 21791 20558 6924 16480 20589 11799 474 15805 11322 25412 15320 26999 26935 1041 2401 19272 21952 13501 4044 31994 18190 19945 31811 4578 29358 8258 18642 6059 31793 7007 22463 5205 2854 23532 22810 9596 32069 25865 11924 9438 2285 2285 16789 30232 25553 17615 32648 25008 16878 5126 28794 8536 16576 32367 7139 369 4789 26127 12227 15311
32482 22521 7665 28604 2292 25714 9136 23359 21866 16980 28548 14750 7682 16816 22852 27425 19057 20919 24687 18969 343 7643 25795 20769 17778 1585 19724 30372 29458 30490 4155 24991 12749 25634 21687 23464 11891 27176 6648 9264 12613 23744 8273 2309 25697 17109 781 26650 24193 1683 14526 32395 17893 23683 28114 10460 8078 9720 28007 30850 7853 21163 3169 17060 2139 1442 19129 3106 32650 342 7959 30423 19772 7956 8356 5147 30963 21924 793 16524 17768 4905 6429 27919 25983 28232 20685 30993 32123 29324 24220 531 17518 3081 2653 19557 23028 22080 21150 10545
9249 21059 23096 32188 18872 18458 21540 20457 7326 22372 24976 31743 2190 31553 5682 30635 23053 1392 5853 17993 29089 21685 1618 607 14142 19070 13400 8298 25089 17349 17167 20190 26657 6456 13953 5992 11042 27288 8826 9590 13387 14687 27290 22009 5467 5797 18600 29801 16760 26692 3369 18698 29288 2363 20017 23663 28163 18768 30842 5180 16360 4090 30387 3376 15216 9853 25370 22114 23008 27991 30541 29130 18659 219 11869 15876 15671 4380 19749 11601 23974 28940 17626 28127 23096 8421 9187 26442 935 22472 2282 12642 30483 20644 19507 26671 12791 24154 21292 306
8796 2847 16966 1518 1868 18209 260 22439 13706 27245 17489 24682 5248 3600 4887 21837 26489 124 30989 28152 14096 22830 23505 13668 28392 28558 9782 22499 926 14615 15839 4705 13564 21175 30477 9961 16496 14713 31413 31339 6076 30305 21206 16316 28654 16791 4361 21470 15507 24777 17242 12162 27432 17610 11094 4555 29393 10879 27493 18517 3150 17147 7770 14454 9770 9961 3401 3523 26933 6442 30616 12758 24885 23744 8537 29007 7641 8683 7127 29209 24558 20113 31855 24303 9941 9699 30114 27678 12853 4926 1640 6540 19437 7247 13254 22009 28237 15995 162 26501
6789 15230 6103 15730 29533 6482 23685 3884 28711 22866 21674 27782 15346 10911 8695 9031 5377 7107 31964 7653 16508 3988 26086 8080 26212 31067 330 370 27084 9270 20674 21814 4423 2491 16279 4295 5021 31710 13567 10074 23746 9749 8362 13230 7944 10682 13720 6034 1171 22960 18221 13481 5389 22857 31879 8810 9116 8807 19983 1386 22801 14050 334 27614 11875 298 5891 21339 27483 10286 24434 15329 32144 23164 10494 27672 15254 21673 15610 19161 26739 9971 7869 29168 2898 32293 16628 24097 28540 29627 9533 24681 24707 10567 6641 13445 30400 13075 2624 24761
2048 5640 5252 17098 4219 23758 23247 28236 10246 2101 16838 16420 22409 24276 4531 19269 25266 24560 11733 701 23019 23967 22011 17653 2186 556 9809 11316 4936 17598 18809 18534 23285 4405 4317 9756 30570 10069 26436 18131 24254 29990 20900 28281 3261 28826 29239 27181 16021 13425 16849 13383 5843 25690 29553 6552 15758 7259 13846 17395 20706 28530 18644 19947 14753 14717 5414 17375 14404 18519 17286 13876 15912 8260 32315 16610 26359 24463 22131 11314 9827 1393 32657 2758 32283 8245 21704 30937 20471 9882 23785 24776 8310 121 16505 26833 23915 679 26119 28187
31987 25117 10428 12535 2218 25174 23860 5734 26911 17145 6284 8923 1413 12472 28093 4674 2987 15736 5416 12608 29742 9138 12914 23485 5869 22809 11409 17568 25533 13437 19495 27353 4958 10991 5135 24485 25774 26662 2102 16909 14877 17953 22189 5040 11105 26638 5884 19139 24427 31851 5048 17750 17049 27243 21080 473 27949 28315 19780 16606 19966 27333 5167 29729 28013 27924 18087 7877 23707 12922 7402 2784 9433 10319 29436 30778 19296 12603 2550 10322 15683 12629 29601 27554 14241 9612 23619 5156 31 19015 9913 28949 405 5448 3782 14329 8456 1750 17835 32479
24281 5659 15608 11238 6203 15563 5025 32256 31978 26118 22868 4854 3355 17536 7178 3757 13230 21471 29661 18343 20651 2404 281 7372 18412 30670 4245 22635 26647 27259 23108 17532 15824 15313 3591 21544 10028 27356 8901 1675 15208 13368 7102 26296 23259 12850 14364 19709 31529 18474 16587 17769 954 23868 26763 16268 20074 10783 29252 27518 8322 7756 4505 26659 12264 8291 14783 9900 2194 11723 20112 10081 26176 7577 27611 29598 22123 2740 14079 31004 13944 10550 28344 10866 25138 2837 11576 2268 9847 6146 4218 31546 19505 15505 15571 5724 20361 5275 28106 14972
5975 5345 2345 10764 16604 30705 26708 32179 21427 29262 19418 6546 29189 29131 11594 1995 22781 27704 25416 23620 17787 320 19423 1448 4365 29586 28953 12207 6939 15679 23501 6816 21089 17251 2233 3092 29346 27912 13264 15612 19099 8519 28117 26853 7735 28848 12329 25211 30977 28141 25314 20812 1246 31137 2332 31951 14588 1430 1940 18597 29958 4888 14707 17950 23706 28828 18279 32511 1788 31398 29944 23939 22284 25577 22554 21919 3957 18607 12030 13194 30504 4475 18478 13181 8713 26861 12505 18104 12775 18663 7531 10693 9138 25326 16481 12288 31976 26579 860 26711
27985 29330 22132 32591 14572 6778 2510 583 32297 28814 25969 26625 11352 27692 29525 606 15970 2796 12221 15721 3511 10187 5063 20375 20871 19849 11842 16206 7733 2127 16063 24995 30985 31381 1771 13928 21541 14659 17948 17766 1722 13078 4905 24807 5499 10054 2175 29048 24402 28518 30321 12012 594 8331 4048 27300 3310 18352 17596 20238 20328 17753 16313 14444 24972 3191 14598 2775 12445 18572 5162 10627 10640 12047 31695 29508 21368 18 28627 26705 28226 31266 31133 23881 27042 17775 31405 24435 18509 6701 18807 11850 17257 9785 4210 28217 16961 30208 9068 30883
31294 25757 16160 27942 19219 22337 26378 26657 11063 18392 21882 627 14488 25321 12776 32390 16782 15550 391 18061 23053 25030 1564 8201 20768 17975 32529 14482 6802 22775 197 28628 238 15805 22055 728 13227 29300 8323 31877 1440 25568 10652 3942 28606 13699 7162 15533 11261 16578 5509 27768 31895 3908 18515 23380 29557 21659 7615 255 19942 11046 4027 21619 14487 6197 11367 4383 4032 7023 30690 24952 28571 19825 8287 4784 10522 20920 14460 13765 28377 8129 27600 20926 20050 26478 25027 2866 18768 5292 17059 25865 9126 13907 4852 32390 14624 19534 22791 29318
28602 16635 16590 15362 6672 4564 12782 17371 24086 27472 3094 31703 29705 15364 32143 10982 20901 782 10261 20139 5529 23987 2022 13879 18232 6215 20760 14872 15985 17997 14127 13714 18433 9696 21231 9516 23015 21074 6767 3695 27672 2578 8047 5354 18805 3027 2027 24697 27898 20202 29937 14535 16184 6904 19375 31250 18437 17098 5328 18222 10354 1661 26121 7373 28925 24806 2542 10749 10248 17457 23051 4594 5258 2503 32560 31494 8453 6518 3084 3838 27320 3020 9725 20623 20757 19395 12327 27169 6517 31652 11460 22994 31499 8485 18618 7870 10006 23764 17779 19326
8539 12473 13545 8686 31955 6711 15360 7219 20641 820 20249 1789 31046 20090 7396 4362 31256 860 7029 29676 4849 23708 27547 6667 24100 16012 1645 26093 2741 22644 26917 32437 1737 30004 13106 17898 11867 16170 27272 23162 21041 31574 23099 19711 11022 32700 16204 26944 3370 26890 14275 14587 28639 21371 10237 9186 7589 6907 2632 20707 8256 26252 23725 11436 15672 744 8461 14703 5770 20584 9072 3042 17309 18468 31385 6539 30327 23644 30430 15418 305 14359 29494 3799 20392 8713 15508 1885 10614 1722 883 29223 20513 28133 2994 12907 19857 24350 3747 27652
1736 31160 863 31348 26317 17382 16732 22825 13801 29984 12609 24831 28950 16329 32760 32519 13749 24078 2053 18567 5503 26129 25879 4161 26302 10567 26077 24824 25789 8990 20507 305 13437 15076 11005 25655 8617 23780 939 11361 10188 11986 24605 8855 7106 25449 21553 18195 2413 29010 27899 24421 6569 12616 26204 9658 5249 10106 24278 32093 21411 31792 32158 20606 14609 26546 16115 31539 32282 5478 23215 26556 28297 16952 31004 16395 25628 6718 10760 22660 5687 6556 21020 14337 4570 29862 617 24857 28113 19269 28228 16546 3882 11164 29524 25972 4588 10219 26601 25968
10758 947 9103 5057 4230 15387 30180 27746 20747 28562 32678 22752 2941 26806 8720 12898 32251 20596 30823 9446 27413 19313 4048 22477 12348 1705 20836 32666 8310 30551 21126 15607 30551 21012 32628 27897 30764 32066 21533 20132 3449 683 5939 8626 31910 17510 19328 8848 501 30971 19325 1962 26807 12998 17185 25576 29632 30369 31735 4728 10776 9661 12147 4047 23539 16081 21382 25578 29667 14967 5488 474 26701 1746 30422 16511 24858 26229 16660 20628 26030 13952 17108 21483 10014 24588 3040 31226 15005 30922 6964 17815 22584 22246 13144 24576 29124 7218 18668 7454
13844 31872 16260 5387 21615 17231 26807 30417 5184 23723 31091 30837 5392 25934 27027 2100 19122 1547 29108 8972 2493 7789 6980 29822 14400 667 5851 9107 30384 20606 19663 28957 21797 8230 23555 2879 26822 4970 31487 14895 21890 2255 28486 19003 8194 30124 3811 22282 23515 11147 70 23589 2567 3281 11342 11957 15254 29858 5799 17551 19617 22015 4182 27757 19328 22065 30866 23422 24636 26219 32726 13346 18503 8363 8500 27118 14955 27617 17900 9975 18177 11091 18237 5709 2147 32064 17019 14277 14244 19651 29538 8444 31102 15099 2218 20376 30603 9065 9947 28881
6584 16281 3427 16945 29688 11781 4582 28567 15413 24630 26069 4738 23692 13356 23106 13964 30137 15616 5619 1845 26064 32456 29109 2786 10031 8635 28402 3878 7088 24726 31878 10815 6179 13886 32207 30180 17403 3750 18435 26430 8519 32499 2503 26676 20708 18654 20733 5611 26353 11610 8925 18573 25476 21111 23111 18506 9115 16519 16471 21405 24150 14975 4923 23249 611 30112 28481 5315 1977 29782 20020 20713 2441 2144 4329 10899 15473 16433 18197 369 5364 17302 10593 23382 12839 25498 31169 4923 24748 24999 15873 31111 18916 12781 2209 18830 9057 15623 17378 6231
29338 25820 13089 8354 14563 20676 7780 4137 7068 17645 23603 14887 23720 2300 11689 21271 14113 8695 8394 6590 29769 25442 27927 4459 19652 7080 32352 12670 27141 24509 8666 11815 7175 14850 2417 15984 5949 16489 6495 894 20171 21977 13310 29971 16118 6868 30682 30552 15321 20823 9227 32218 6234 14337 5826 24530 14685 8312 6689 16809 26936 17673 29520 14267 32614 8590 26573 1628 12415 21397 11523 8984 6759 17854 30239 23359 24774 10853 5151 17314 28089 2433 23595 21911 10952 26060 18473 23875 17943 15653 1420 7448 22496 26674 26220 19100 31776 7497 26844 18540
13457 6801 18552 16769 9945 15204 20029 2483 2817 31992 21150 26491 24104 13887 9683 11005 11641 1803 21109 13894 3418 17014 28232 23250 4326 22657 27992 12369 21918 763 11079 18602 30555 14757 7909 25921 136 12691 27649 4470 10893 27605 18303 18030 654 5975 25003 31765 18006 18950 19149 19299 3470 21812 1534 1503 4915 14654 15929 26210 13127 31852 20917 16158 28870 26904 10098 18654 6107 30483 786 30607 20564 25668 19179 30720 13396 16530 29786 15078 16199 28933 2650 12579 10523 28199 597 7496 430 16817 21306 7768 8322 1891 719 22479 15544 30004 7497 23266
16700 11947 19226 13577 12605 26509 30986 18363 12512 6584 18057 19832 1589 21071 11843 12301 9834 23063 7414 5140 9022 15649 27264 15802 3257 30122 26941 12997 6938 15935 32655 15829 13586 20261 32702 14057 9775 2807 12803 13606 6555 24209 17631 3540 11526 22573 6065 17578 12257 14796 5000 20811 25293 2776 1590 24080 19283 27911 13222 25608 28629 14466 4463 18493 4036 9031 24744 24121 11284 30667 6655 29641 29677 7908 24581 18945 27044 231 27596 8064 21481 525 10164 12278 20290 7708 27778 19683 5048 26435 5298 29601 17103 27717 23055 1188 20924 18906 12672 1
25555 27474 6437 27437 10559 15995 3234 17415 5621 24261 5051 9497 1259 31652 7970 32539 7044 32310 10124 3001 335 12838 17162 23959 16370 30160 9367 12689 24417 13733 14829 25927 4692 14033 23454 14041 1783 29980 17247 12783 12259 6158 15527 28157 6477 17239 17273 453 7805 18030 1405 20509 4994 28535 31062 4594 14117 1386 48 16781 283 11634 17816 19221 8319 16275 20881 9813 15999 20112 228 15808 22869 26380 22455 18098 19321 18927 25185 28409 21268 9739 6269 916 11704 5376 30269 29882 7247 24412 16386 23327 25426 19463 9257 25202 6972 32479 12071 15658
25917 10911 17880 1410 22578 6661 6676 12226 14805 21556 19844 29121 22577 24663 14003 17320 5978 27783 31848 24056 1882 23535 31540 22735 5742 45 10567 20583 13171 508 27783 13023 29851 15632 5860 6974 5732 4930 31973 23989 26315 31469 23175 10532 28860 19608 31304 25056 31694 5077 21119 6580 13357 26472 3310 18725 3799 3244 11418 11770 15884 27187 17883 29436 18943 3501 31919 1275 8658 18699 15699 14609 14529 10980 25365 10283 926 22039 16740 25540 27261 31922 17193 26612 688 530 5210 28330 9462 2124 2507 2101 13295 27852 15176 7434 9939 30780 994 15553
11364 17832 23686 24160 31265 9439 17620 30172 7101 31772 11821 733 22223 27877 7438 31938 30411 16436 29853 16357 5425 24021 8322 24608 12804 21263 4344 1168 12414 11398 15652 12440 3074 10080 8101 7721 22866 32167 24940 3393 26626 20974 9934 11442 6189 32312 13015 37 14438 18965 21730 26462 32753 19470 21606 10946 31028 31299 20243 12566 28776 11859 15646 17033 14996 8316 4057 31989 26812 7684 7814 23906 15189 32471 21869 716 27133 7793 23340 3622 4969 23550 8271 17310 27039 26048 3360 20771 28261 21426 16832 24100 21497 21867 7287 18587 22018 30532 31305 13131
7879 17085 26058 18757 3231 15901 10291 23217 27560 3929 28852 14027 30652 17975 1548 26412 15009 4531 13912 12363 6784 25762 31016 31555 11417 19861 30680 3287 8244 1536 28702 11699 21979 31900 9439 10228 30406 24329 20807 15851 8343 26296 21016 32286 31048 27912 31042 6288 16225 2735 16309 6467 10862 18012 18803 11258 12208 5787 28649 19779 32531 15096 18047 3253 19552 12391 19822 17527 14516 17635 18129 27138 28721 3670 25088 23591 20467 18617 12569 21075 10309 24444 7391 20754 28437 9768 19144 18386 30374 1091 10577 15338 31877 6260 5781 9434 9406 5863 21790 24020
13647 26355 17147 20604 9693 17402 1810 15597 22438 26001 10424 17148 2487 29409 17791 4288 23903 17741 22863 23122 32483 15958 19641 32465 18035 13499 15751 32425 25949 15588 13720 10005 29569 20608 17387 5859 28933 6510 11257 120 4170 25561 8008 19731 23582 31656 13629 1366 3635 30997 5426 8962 10703 16539 1736 12290 11974 14870 23678 22187 30886 806 27779 18242 7729 8404 3017 5822 25872 29816 16219 31440 7621 30682 6128 1825 31714 1175 27584 20443 15992 10950 25238 5482 15571 23260 2087 23940 11108 26317 22690 7526 11519 7796 31624 22881 1095 2869 8382 23958
31078 3809 13281 29694 18433 27097 23001 15277 10602 27767 27825 1367 20248 22441 27045 22803 24917 12511 1405 2399 22071 3368 23322 30564 13521 6039 26703 27772 6314 22252 19698 11506 2415 30320 50 10249 31460 5665 28714 26943 2336 26127 16311 11986 17658 4358 5767 18820 9407 14957 14195 10651 27942 4974 20751 15661 9861 19288 15487 922 29252 24385 7820 31322 21650 3311 7927 18169 18008 27897 10764 16991 9067 30761 28795 18773 18694 31781 6500 30277 30839 17230 23217 10305 21016 29673 27560 31559 31873 27261 1472 5572 19452 4987 26548 28502 32314 2084 3799 29910
24132 29352 6823 11670 25779 32139 3748 17895 10276 21069 26211 8927 12775 27466 12254 25433 2807 15583 8206 29244 5423 31182 21948 3585 1210 30436 16020 26991 3532 29145 21115 18857 6799 16247 6434 17771 7521 9470 11739 2449 21308 24776 13740 18137 2677 9769 31650 11497 16810 4249 10088 5780 13046 21013 16920 19289 8038 8386 32081 31276 28337 10196 28810 20858 30499 32686 16550 22631 475 29002 26056 27994 24374 2268 872 3515 8075 15282 1703 19195 17433 9567 32479 4309 31805 8216 25727 8404 17129 15454 16918 26390 28753 23518 29613 3151 5095 29589 28762 26896
10890 14647 21010 15946 1274 16338 4031 22286 29328 18350 7570 30614 1068 17785 26523 15753 31598 25760 23191 21883 14889 2304 28425 10675 17940 5054 27276 28210 13507 28531 19303 11761 5078 10125 4706 15721 8561 3826 24280 13912 26860 14822 4366 24771 6091 20270 26307 11575 7920 29813 17928 9301 29711 23024 10834 28558 1891 10558 26574 24362 16799 23442 14580 4495 7720 15123 19039 8128 13697 4995 14556 29476 19462 22047 13761 10377 14558 13511 17792 9320 14635 30815 19579 15466 899 5749 24090 6700 12196 18980 539 15167 18019 13368 25642 12916 3558 18066 8626 3670
26131 32463 10738 2295 18760 13348 25683 25840 17741 31884 4345 7075 135 27942 6040 16579 8046 14808 14473 16151 7745 30777 21533 21114 29432 2478 15409 25383 2938 28883 17410 9779 31760 5660 579 10075 29209 16316 31085 8192 16128 16581 6743 16240 3948 9105 21766 18535 8886 21346 11206 10198 5792 2373 31865 26850 6980 60 29744 10800 9034 13467 24824 30816 25694 12979 22007 12759 15329 14510 21943 22466 19423 12218 30401 28759 25666 16490 13934 24158 3141 1624 28154 20977 16427 10000 7642 13952 14128 20521 847 16920 17856 24757 11324 2532 12263 16860 32053 16372
9 12995 24024 32317 13779 2995 32608 17121 24945 15479 29047 433 32513 2565 31052 28400 9800 20321 24294 26458 25252 17855 9400 6501 18242 6120 23925 21447 5009 17630 5157 7480 31735 5571 31353 31097 27330 10999 20827 32661 19809 25729 16330 9575 16852 10672 3045 25692 14433 21505 27205 7035 23945 16708 22416 21154 24634 20731 12363 17170 26694 20739 31472 18733 20756 7542 6209 9087 31894 30671 19931 8956 21114 22863 24334 12424 16293 17568 10220 19389 18909 23225 28320 26344 3013 14081 24322 17492 11535 22199 25704 14540 10989 3985 21950 30555 1224 22947 10201 19030
8501 28803 6664 23964 32549 4011 4332 32285 1883 19998 5002 29337 4644 23887 7839 20906 30018 12094 16947 30981 11817 18404 15729 2557 31854 15825 3254 3913 124 11796 7656 12294 12937 10075 7945 5120 17864 20571 6924 23853 19424 19826 22759 23162 11422 10635 12521 22474 17894 17987 19534 12092 18416 5962 785 32685 8625 11531 19457 11391 4502 21135 29463 2712 11896 17054 2567 24237 31949 14376 18197 4288 25627 24036 17962 14567 6323 24887 24615 26960 19867 11351 3193 22914 17100 2992 238 22245 925 17031 966 7813 27008 21213 9230 1043 14060 31894 19497 2605
24218 14298 25264 20446 19188 11964 28028 30569 14795 31257 27392 27202 72 9667 21980 7774 19237 16351 1712 16556 12060 30604 26670 26852 7584 3782 12660 14975 4556 9097 6808 5894 2457 5177 16260 17808 8019 833 9476 13191 22350 15867 5149 12970 30165 2768 16289 22616 29027 8864 26624 25099 21782 22883 29025 17187 10080 14865 8177 16357 10496 6592 28283 14787 48 26124 13114 4317 9248 12988 1771 16073 7332 19107 8741 3727 27177 18371 9453 5624 10734 30393 31878 21513 19057 2389 23430 6346 25639 23688 30767 6732 2671 21891 1275 23273 10441 6685 6009 17614
16451 10357 29016 7863 6453 4569 24513 15866 15662 23783 9451 6599 19758 21234 8169 9134 2070 15528 9926 2401 5468 20977 18131 17340 26627 24858 24384 5890 19915 28978 18922 26730 32421 25524 1652 3290 16489 22887 7065 29938 29387 24195 8896 23116 6028 8725 12753 20994 10989 15524 5960 26737 24681 18965 7304 10813 6051 23244 17009 16022 7582 20 11316 30393 3628 30657 11366 30393 27049 15124 10324 23423 13032 29918 17815 527 10606 8936 5608 21518 29662 26259 13621 15745 20149 18620 3572 12248 4919 29922 14263 22059 10922 12171 9216 24259 16833 3043 3415 32220
20571 9383 23707 3497 18798 23617 30870 28569 1853 26677 13267 4825 18386 11195 19636 17434 19880 9645 13247 10900 30888 30116 3129 5707 27478 15455 6902 913 4173 23396 5999 30668 5097 22505 4885 7033 9795 25844 27365 13681 6498 22722 30525 27499 12207 4454 28142 27587 11946 3250 10898 25722 2524 14170 20768 27517 14860 14167 32445 15402 5302 13706 31957 28176 14265 27298 10859 2294 23888 29503 4013 6687 11331 12119 20428 11981 22623 12506 27914 22532 10019 32145 4885 7056 11452 10316 23443 30282 21812 1340 16638 21398 3558 32158 13234 7728 9013 18073 1348 20009
9853 32618 7702 6188 28746 31422 12584 8710 4808 14175 25137 24677 20603 19475 4591 480 27440 19138 17595 2872 24372 24278 22368 2270 24259 10983 30253 31157 8643 10648 2633 22296 23987 5564 4423 24095 31198 7614 4858 32286 21460 26175 10635 4207 10266 8192 20424 15730 29473 13571 27071 13009 24181 20717 15244 3849 3639 18607 17007 9766 25293 9573 9250 973 728 22142 10345 20096 16742 20254 28906 28702 13418 4800 25407 10153 3945 29984 31050 26700 5749 4440 27592 10653 15711 15433 27433 3359 18217 30268 23200 32011 31162 8137 16758 10320 14805 30201 26275 32728
9036 6567 19103 6413 29041 9772 29558 6556 19406 6971 16155 4216 19222 7689 12286 24611 19035 21937 26592 7721 22656 26328 17638 3053 24050 21132 21741 3239 19091 15474 4894 15534 24567 23585 9154 3571 27603 7625 599 3534 1714 13848 21987 14334 10986 11614 24456 31467 14287 9711 14169 20781 13606 25033 19308 5202 27357 19318 21808 27868 8441 1588 14593 906 7119 18772 1018 22489 10359 2784 31755 24521 19838 15744 30283 21732 29659 9630 26511 21117 7204 2505 25403 10550 29698 16983 31832 3013 24547 27727 15591 30967 19694 17286 10101 1780 24380 26631 30448 29638
20549 4792 4281 7957 4504 32059 23802 20788 2000 275 31034 29538 29123 12808 31023 7497 20476 30668 10707 7115 24684 27358 2746 21758 604 30895 29090 11637 5798 4868 3148 21186 12325 28315 13450 3896 10346 5393 19098 2806 27824 19971 2482 7713 5906 9076 2780 6256 10236 1390 27140 8686 29664 20716 16719 6395 6442 15864 28335 4500 4725 30993 22453 22997 14591 27599 8102 10172 19290 30922 976 21552 19557 11959 21022 18242 20091 14036 11755 31154 32490 647 5908 12213 1447 31809 26449 20725 3392 16297 14789 474 1809 7415 28883 25096 32699 27549 20020 5161
6098 28717 20806 29420 29910 22903 20391 5965 15973 6385 31747 5144 31662 6749 20266 2728 25897 7845 1894 31989 32390 15882 12811 206 3299 21885 29519 14434 15681 25421 92 13317 3897 5891 32676 8497 22507 6283 17269 27339 28984 19092 4813 11944 26929 3128 29807 11344 17870 15840 12342 4354 12516 3426 31402 17656 8273 19821 32465 7659 20089 23591 14920 6874 5879 23828 24465 3336 2956 19002 12975 21060 21851 8323 5104 1132 13913 11106 11531 16948 16127 13241 29802 29988 3138 5627 31433 14560 8644 910 14080 18348 13388 29555 17437 4143 30836 1576 17846 22647
18849 24781 26238 4670 15672 17287 9493 17516 30223 24354 25381 11741 19490 11770 27306 1379 7304 21531 23953 31503 21925 19111 17285 24236 5024 23160 10758 3981 24855 10759 2747 6537 28690 25228 27657 9027 24374 12391 28644 4527 24380 8895 17637 1233 19617 11881 11677 4552 4510 22539 4650 24076 25690 18817 20487 32756 13663 22143 15401 18555 25162 13432 2887 23107 199 27071 5241 12762 21949 14317 8708 829 19654 1410 17524 4250 994 2767 23532 24154 16236 17939 19387 26719 23117 31460 3119 15498 1647 16592 3758 7809 29045 25925 10242 6319 8617 9390 29941 7820
7989 32479 27934 9246 15767 10931 6138 20160 6479 27891 6207 8994 7642 22138 364 21649 10212 11671 11173 6520 6074 1715 31166 10535 26622 20532 17814 18132 7326 21921 26278 32223 7686 32262 1753 29531 21653 18842 14750 28873 6222 21151 2364 3110 18641 21898 28263 4393 8585 1124 26128 4038 7718 10608 6529 13302 846 23822 19624 19130 24463 21215 1715 6237 6297 554 10462 25594 22698 11646 26505 23615 28745 3481 22926 14704 55 9097 4561 16559 32675 30225 30489 3194 29341 15950 19998 15989 25805 18330 10723 32362 31845 1713 13893 27278 14676 11283 4308 23814
13501 13737 9187 10921 29863 17322 14299 16136 10230 13504 11989 14763 24218 19815 7783 28830 4614 28310 15293 31789 4579 8098 19948 12267 10502 28511 6788 9465 3744 28808 100 14724 30645 21857 13523 10640 23760 28314 22220 9460 18420 4471 19608 1702 16085 10542 8099 4409 7496 30609 19080 21668 29689 18668 11630 8517 16220 7985 7319 11302 2790 6226 15670 18558 21628 5103 9345 23163 17452 23601 27912 26430 3099 22006 13893 26152 1214 31790 17012 14164 22861 10884 9893 25444 22645 31554 16655 2177 15694 15470 27047 6301 1164 16441 4337 19707 8697 3227 16662 29426
10787 11831 13624 30190 17489 12932 31490 19127 30908 3374 21123 8182 12028 27834 16444 30709 28865 17002 1399 4006 17603 352 29403 14055 13820 22789 18750 32260 23316 28332 7354 23677 29213 23155 28163 13578 25728 27498 28151 23261 18231 30456 8055 31783 11069 14202 19318 5597 21059 32300 31567 21692 7077 15437 27996 1931 15772 10110 14276 1696 7861 32108 3476 13477 25474 10926 23058 31900 1167 22769 9806 28961 151 10322 31993 28911 32504 6155 16506 29862 30309 25170 10047 27084 11227 20350 21073 16145 7638 17516 12844 1495 12228 4129 11725 19697 10682 15536 16396 6315
24678 26462 32556 7179 6469 25605 17073 5975 32533 12214 23409 32727 14990 30370 4590 21724 845 12603 24291 17922 15633 7318 4637 3761 29993 4628 23436 10986 21549 577 27290 18752 22509 5884 6075 7716 27047 16601 19526 31846 9341 13251 7299 22265 24613 5862 18437 4087 21475 27596 5178 14564 26036 28869 13632 10295 31180 653 14586 2070 22083 16681 10340 16994 28428 31762 21283 28147 11814 10645 31073 8485 3094 28026 18391 19859 3220 29412 23083 2338 29573 7544 14205 26690 17961 21953 32061 19824 27798 29907 11327 20991 1893 4911 19473 11289 19883 16103 22668 13825
1835 23811 11689 31386 30409 14882 26006 27437 18754 3685 23817 8807 23579 30856 20949 22689 28887 13394 20411 28005 8301 4144 24450 10797 8953 26141 11337 8813 16306 7108 4893 21716 31004 28137 20679 29135 18815 2821 16871 27472 919 16688 26951 12749 11149 17220 12393 17035 23590 18752 5730 27420 3131 4074 16619 26151 18537 31673 9142 13671 13577 25329 12798 23798 27746 17168 20066 25548 3358 25961 27891 15746 3323 14095 7052 348 9155 22516 25698 4743 25214 9554 16091 7583 19174 17226 676 3957 31515 27084 4350 26894 16792 30902 10328 5359 11622 5952 5667 8599
28303 25239 15074 1358 6870 28616 5248 20253 10917 9440 17127 26910 16967 11601 15054 20470 6999 3480 6866 25503 8825 6685 22217 13675 7496 21851 11603 30533 27791 31040 7089 28730 16059 12247 17371 6713 18064 16164 30924 19735 18972 11344 25889 6870 7657 6662 32738 16679 24695 26140 17312 21549 2537 19062 23488 1668 9215 1319 15382 12930 15940 19418 22198 2237 29321 3697 25606 1997 3473 19691 28952 8531 12302 1163 10295 12346 31692 30774 1984 9276 8493 22558 31540 1704 24789 3229 2698 15459 21926 10339 5066 10541 6895 17876 17111 6182 8928 21420 15244 3473
20802 5349 10763 26071 11877 22490 11602 26063 18009 10412 20496 8252 2144 741 950 21656 15012 18011 20944 11024 22054 29528 14230 29135 24311 29175 24510 16255 3242 26833 11925 7949 22281 26329 21582 10413 15111 25733 22938 11295 19446 24623 23161 20528 25850 6586 25423 19331 3774 12664 9274 6801 28005 11851 28323 22255 19140 12043 12563 5072 4302 19240 25928 25546 18511 26257 9353 27613 28638 31956 22070 10161 16140 10118 11427 17183 10722 25573 25638 11507 14475 23484 30831 18160 1869 13703 17432 22293 702 12248 15997 7711 13364 3065 19406 14159 12925 3027 21347 9581
2768 1806 4175 12557 13828 23418 20535 31761 28160 15534 5221 28271 30579 9967 18712 24629 13253 31059 1822 9418 3917 31525 5029 23414 8132 20620 4687 10532 1785 8808 7556 16231 28103 32125 14604 21692 11076 11475 21213 29199 27708 4956 17969 14720 28382 18648 5340 2662 9908 32246 19165 9876 23769 27580 16435 15580 8294 21032 11506 31954 6957 18968 17301 6098 7850 28263 17814 21317 32054 8281 17980 4127 894 27449 4021 27564 9780 19264 24164 23949 14340 23481 26236 30462 15306 12387 22478 10074 9986 24087 21471 10720 10367 30378 2622 183 18273 31765 28436 8496
28225 3795 16381 13644 13998 23435 19222 5758 2269 3055 11352 26033 25500 16100 29988 25741 24712 19427 29214 29686 18560 21919 831 23510 19545 28648 14886 16413 13779 23759 12975 26374 9420 9483 22983 13467 11444 3995 5759 32635 26177 15533 2399 8923 18788 26559 22012 29131 25467 5380 10956 28602 15816 11785 31546 29245 2082 20888 8182 4108 23530 23261 20879 333 11073 25543 12611 21782 12408 18097 21526 8237 29128 25410 1057 2322 11588 10897 11309 21823 16651 13965 8576 23470 25538 28829 16375 156 16706 2947 3157 7821 20365 21638 20699 144 28679 8144 26649 20932
12515 21525 10755 9755 17115 22901 12103 94 30500 28580 24286 31089 22945 12104 31201 27865 15191 15010 6559 20091 16673 24945 21484 3494 19108 15379 31164 10580 17798 494 9200 22957 16603 7950 623 29389 21728 19727 8569 25799 13036 13118 6456 31978 29091 20987 23448 19523 26989 15714 5209 22370 13607 27434 20323 29537 11032 6092 22873 29731 25126 1768 3696 4058 5961 8933 2946 7116 1857 16345 30046 1622 4228 1448 19043 12849 12667 17775 29261 5876 14061 15907 78 19162 11964 5237 23393 22982 29391 505 16603 3460 24655 32648 21826 2898 3862 28387 14179 27295
7524 1944 18847 10514 25556 2858 9606 8142 9615 1132 28071 24053 4288 5678 29093 3178 9032 7451 22670 16092 18354 10466 17769 22016 15977 4244 10766 22301 10024 9805 15419 23758 16051 19991 16611 1284 9413 31755 8649 74 15945 23994 334 9805 1996 13003 16519 13211 27699 6373 11155 5291 29609 20175 16428 25118 24284 13013 17019 29252 617 110 5169 9186 30356 4381 467 17970 28477 9365 31317 16940 20496 29728 25835 26884 20731 5441 2332 3060 18149 28568 15640 16699 25757 18951 20043 31334 2064 13075 22578 20430 26560 18573 32110 9570 13425 8817 14103 3238
805 25870 11858 2044 4939 15975 21542 4899 17716 21210 11147 5373 21702 23807 31172 7829 11380 1235 20719 7008 25710 12822 10459 22211 16916 24049 31257 31446 19377 10204 3926 27752 17510 12735 232 10307 9316 1879 3750 1456 24926 5340 19453 574 6975 28897 21056 31424 280 32123 27968 30101 604 9381 30237 25132 8271 13283 20571 29126 29628 6950 15672 28030 15078 4848 31037 11655 962 28088 22548 5558 18019 6288 21145 15168 950 3845 15155 6084 15471 17991 3173 28044 21571 21386 1440 16656 13656 20907 2652 3003 18426 18967 30567 3058 4751 9449 25212 22099
5581 25682 30743 3130 14634 12094 27528 23434 23444 28468 11590 11178 23651 1406 23431 7117 12428 23435 8461 13943 22551 21137 30275 32317 18387 22134 30856 14284 6984 6129 19403 5420 8941 12781 14936 9798 8859 15918 1777 12964 21570 7478 9505 24697 731 30058 19405 19681 20893 11633 5644 31081 884 26077 9785 13010 22191 13837 32582 21778 18680 12369 2130 4252 22410 29008 28286 5345 3998 16039 22781 17431 806 30931 9067 21561 30142 25681 4704 335 21984 3587 13892 13551 22103 20182 28773 18180 15350 12962 20038 15310 13193 18002 12091 9002 17420 4420 26674 32020
12571 15859 22996 18282 25002 13779 11469 6386 7926 13436 10343 28063 16315 5643 22366 2064 5032 25797 28400 3162 8976 27134 11315 14343 5858 17978 7083 23391 23771 21649 32540 30694 23546 23896 17821 10277 19765 23549 18926 13485 3178 23603 19211 31322 30104 12879 21249 1493 8783 4850 1 2140 7013 19945 25523 2502 21227 12369 27852 31681 31327 20991 3811 4703 2339 21023 7297 1489 1838 18202 1911 8562 28674 26046 31604 17415 16862 9113 1750 13636 3380 22693 17857 29843 6237 9259 17262 25874 27532 6369 1478 31450 22785 29781 30512 19847 21887 25999 8871 13301
13567 9970 30223 19783 8102 28516 32457 6958 21237 32431 21637 4456 832 18726 9815 16006 29025 1675 7694 29171 2221 10288 3521 818 6439 31325 7082 7783 500 29938 24631 14873 24591 32589 10847 6710 5438 11118 24115 1111 15173 11353 8629 2374 22361 3004 19436 1982 25047 25298 19000 19569 30262 6791 28644 29519 16187 30429 25594 28166 29547 29070 8539 21445 30150 10227 15630 24134 28338 24612 26329 14347 28982 26977 22542 32744 104 23473 9384 9665 2345 31432 8854 1173 9231 16430 23383 23995 13219 20638 15303 6508 13005 24749 30265 28802 18316 19628 19141 25471
28138 26574 10724 8913 20272 18062 25914 19541 6486 2123 25266 8729 27325 25653 1488 7782 9761 32109 17219 2302 17097 17000 4794 29090 27904 23445 13049 13271 2761 27967 29740 26602 30927 12468 31867 25906 5019 10407 15070 14741 24841 29907 31795 14925 28157 2273 22158 4588 13394 19084 24272 28574 7443 23299 23675 15279 29422 3982 28612 30029 22757 23925 24042 7566 6471 15646 30663 21429 24799 18549 20133 1713 14955 6288 11090 24550 24144 9876 31607 19248 10891 13266 10533 16421 22251 32054 4273 12443 14717 15842 2242 16491 12104 17686 12456 10868 32059 9043 30959 30434
15716 12992 6708 26288 11363 32460 28216 14443 27421 20245 24371 10809 2229 22921 24939 23835 26808 24522 11012 32111 22935 15319 7706 21689 28507 8170 6413 10402 30356 3484 8476 2881 5010 18511 6966 154 25048 18125 1804 7524 10190 26669 28779 784 29366 28663 2761 23814 12001 3464 11038 17202 4131 29367 5109 9663 24196 15800 18370 9762 31544 14913 21878 347 12754 15852 21329 28535 10676 9181 31735 7258 3018 11172 8647 7611 12408 16228 27752 2672 27088 25909 5284 5868 15881 24520 4730 23302 9772 16970 29038 9468 9489 31626 16164 32183 19082 7261 18477 16976
30430 23874 5921 30420 29305 10050 27118 13892 11745 9242 4463 25568 15852 6556 28481 421 26673 5203 1490 20501 21436 9574 20154 6966 12806 14270 19279 22749 29732 16491 883 31788 24638 20036 26289 8794 6979 15566 17289 31922 31451 3680 18695 7135 13213 12676 18075 102 14211 13727 7716 5236 22682 13013 7246 29402 1022 26919 11038 8022 10502 23262 4811 5140 8380 26157 15568 18548 10640 8722 11583 5390 19277 637 9816 6388 14155 1972 10842 1078 30951 31990 20377 27564 2608 2654 6865 2543 8419 7691 21434 4521 18330 28798 2012 29967 5952 10307 12197 18091
9416 24788 10681 5983 30494 6330 137 30119 6494 19189 11815 29214 7493 14238 21081 19780 8677 8139 3820 12926 12956 30899 32330 9310 4678 23059 30799 32293 18098 11216 6489 11910 30803 22237 16286 4013 31288 32095 29379 128 3646 32271 27050 8997 14725 18144 8843 25796 15648 15075 16710 12942 1809 12135 10231 32766 12148 17508 32203 606 22010 7194 6163 17806 29593 13813 31127 32257 29826 28852 23597 15368 11860 30666 30858 25683 1679 8196 87 4532 23883 30573 32392 17447 4138 3183 4585 272 10635 12346 13817 18627 4096 14442 3580 1353 18947 995 26188 22114
10724 18176 24560 24262 30214 25326 31343 30384 24907 19538 28646 26525 26573 17714 5977 5457 25551 28178 16711 14364 28403 29277 17025 3163 25517 21511 8508 6977 4855 6769 6244 216 582 26765 25907 21314 17853 15938 4867 3909 19105 26898 14688 11783 9742 26618 24674 18453 15336 18073 32569 27050 21011 13205 18698 31791 25575 22075 15354 26878 18910 10085 9864 22891 2448 20897 5919 14341 25058 23695 27115 22297 26490 10123 26861 24696 17782 30604 12874 29306 30301 7244 22761 3651 2389 28842 29500 15173 18327 14924 3166 1030 20001 11400 11103 12324 28586 4741 25820 24470
29403 25757 10962 27444 188 19718 20147 11898 22381 24498 27066 7817 5398 2419 8060 21102 12064 31331 28353 24743 27046 3971 1169 13795 25382 32674 17810 18698 2173 20353 401 20605 1298 20788 1374 23711 849 13003 32477 31636 20827 24626 26458 19017 15867 15446 26653 5812 16861 30089 27966 30557 18682 31016 23227 31773 12375 19067 6088 23589 19439 16604 25702 17731 2285 28956 11575 12385 31 17954 20881 24399 3240 3285 4049 26562 15093 30525 3058 28572 9202 23268 9310 32365 2173 11907 2307 2106 16667 2778 18602 5502 21993 13024 18564 11375 21206 26396 23046 24450
11280 2131 25335 9521 18108 19811 19400 23804 31210 4207 10275 9646 7112 30524 19910 26849 28437 31451 19858 16324 1241 4745 735 5404 26196 1491 11539 10377 6964 10750 18291 22283 24587 3749 4921 19652 8447 23972 2022 1024 3268 29237 7641 13682 21447 27481 10017 7616 26540 15738 10896 15427 20219 1870 29968 28424 24854 11774 21818 4122 32367 1160 13605 30723 6391 610 1660 2448 8410 19808 13524 10965 10601 6871 4668 20337 23127 11267 29205 30739 297 27046 26148 19261 22248 25330 20965 11080 19993 13225 18466 28073 31983 5507 26309 6002 30654 8400 9451 17180
12211 94 18233 4995 10691 7325 28275 22578 8673 513 29770 18145 28276 1704 2678 28220 14344 29501 20485 17894 22851 13084 20723 32702 31515 20406 9210 32353 16711 15159 6827 5360 6899 11879 14270 29715 3000 7630 24487 26685 203 2588 30570 19762 1653 12232 26031 23239 29123 23030 10777 12009 21118 23710 32468 14561 16733 31211 14445 27094 24186 14049 22503 20116 5123 25411 779 30348 28978 22708 22271 19483 12671 13596 18714 16911 17428 5197 2551 31335 26497 3303 7880 19034 11697 29816 9453 16283 31772 12008 29638 2780 23615 3349 4293 29585 12361 32442 10695 14582
8216 7061 2468 1107 21091 18377 15108 20606 17977 30593 19829 27298 24746 21974 28859 28736 708 21235 23143 28275 15297 23926 10668 1656 27518 19226 15725 15213 26927 13459 12442 19801 594 18618 28861 17773 26081 23274 8912 6026 20428 12458 19026 32003 2214 21132 26266 27811 3486 25685 31338 21490 29874 18525 12743 30132 24863 4665 6664 4531 7196 3224 8238 14782 9671 22123 18803 30706 21088 23369 23078 10808 18357 11025 24245 14095 28381 29905 19212 32652 11817 10470 9245 12958 32600 1637 26560 26007 13834 6074 9918 5608 2680 25231 1320 30764 15457 20208 5358 14441
25160 2476 16044 3986 14556 26110 11463 21072 1720 620 27833 23809 26700 13552 15017 258 6171 598 11071 22313 1832 9445 10166 7062 22954 26177 28723 30380 7175 20624 6229 22362 17408 31452 12813 17055 21033 29880 6832 15437 10141 5415 7754 11533 25583 12473 25910 27043 24420 31479 24555 16243 5471 5889 9497 10820 4892 7030 30197 5957 16033 3476 23760 22861 2546 6049 6639 12903 26245 32393 21143 5774 3317 6856 13927 2997 27898 22666 3819 19211 22937 785 28013 1916 17816 24408 27406 32123 9269 23030 12054 12287 16920 19524 12169 30411 10885 7362 24571 16883
27862 16055 17060 13980 22057 21784 4023 2307 29526 31915 26352 14273 28452 364 16236 3149 8380 816 2494 1218 24157 19848 14399 2786 26706 26344 8613 7259 33 6921 29144 18506 6 1163 7425 9726 1695 23007 2275 10494 2793 356 24686 30285 27755 12496 17809 7916 21425 7122 21841 25505 30460 30198 12824 26103 5944 19400 2127 27270 18734 30524 16686 4212 24315 13133 22483 8764 1473 4837 1170 25518 27548 24317 12941 312 472 8197 29572 1123 12129 22150 26094 29088 1914 9990 16712 29509 22706 32044 31917 13779 10260 27172 17319 22906 27807 16965 11589 7391
7926 15857 26989 9500 29016 8637 22644 1800 17361 12754 16620 30138 10418 29844 6077 14920 3392 2177 3704 22740 23209 4443 23527 1738 9020 137 29417 22115 12248 15547 7036 15214 421 27853 8732 19791 7171 27118 4428 27208 10944 7425 10610 8183 22670 19267 2791 32032 27060 5678 17999 12461 28419 12958 18214 6643 9484 6963 19612 11831 21392 16886 25763 22385 16696 1343 7494 12367 3974 27606 24636 16765 4876 27736 11453 9252 31708 17372 9108 11697 25151 8151 6518 2263 2986 7997 9106 24535 31725 28393 21097 31743 9902 1343 3808 32368 21782 16656 19859 5669
5066 28605 3181 22321 15645 32416 20086 5960 29572 23463 2539 29569 8266 18754 15508 25434 19076 10624 6738 31997 23112 1141 2552 20162 7194 19934 25691 29172 6311 11784 10669 15064 5302 20973 8454 10731 19803 1696 5700 620 17517 9196 10773 10778 12603 2616 26706 13887 27003 14254 6287 18925 22147 14493 31984 10632 19132 30491 29502 10116 19283 11758 11321 20080 8753 685 27952 27700 19502 2850 4048 25239 6017 16883 13370 24836 1659 11905 22872 27533 19062 17425 20336 21296 27400 15402 14585 857 28028 28733 3502 18601 4226 30348 21474 29942 28709 1604 1043 1171
9726 26348 19137 10449 14759 28419 7296 23493 30067 21989 20557 24908 29532 23791 13342 22861 30269 5091 20413 18238 25410 15502 18901 13034 28572 4520 9037 18033 22137 29947 15574 3472 11059 18632 23232 14882 7111 30822 6930 4583 14218 29740 4569 27013 3607 9361 32704 20684 14988 6290 22241 21566 12022 29524 475 30671 21513 23819 8485 20201 20757 31514 12962 21939 4149 13180 22389 28563 21194 16226 11286 12018 27175 20765 26277 19007 26766 20799 12159 25142 24156 30461 26640 32098 30592 16344 21480 23776 3377 2685 22544 3687 32737 22761 17566 24453 28012 32208 23687 5675
6038 14656 4021 4716 3764 2178 7001 15746 29865 11585 1155 27154 27668 12269 8432 2481 1992 24930 8738 23462 20093 8133 22198 30961 9925 25263 5619 24973 16193 21134 2463 28403 18196 28488 18966 20447 2712 2593 157 29014 18512 5854 1011 30952 21022 6186 9001 13363 20150 11066 4788 8616 12115 30381 12225 30354 11689 182 3528 18003 26138 12412 612 12017 25132 32449 9058 11986 10043 6594 27415 1988 7531 95 30455 21313 25313 22652 5220 11248 24371 1191 4036 4206 11036 15611 31190 25423 8309 12100 22342 11360 9824 27236 28287 32559 3527 6389 10176 10958
4613 20271 13170 5843 20962 28684 27321 29091 21701 28075 7753 5105 28709 26866 18299 15745 8513 29816 20383 3890 12049 32418 24980 26171 10364 9996 31127 31925 4811 810 10073 29530 23646 5679 13908 10380 26525 45 12382 153 16946 10366 28287 829 23670 26468 11264 29288 21800 29420 20420 15938 11621 4888 24540 31340 30932 24892 21333 14473 24098 5801 13908 27646 31662 11913 21606 15093 1157 24330 23825 24744 10640 11711 13999 1244 8972 9027 29564 11435 28219 25119 7405 10375 4953 9453 18755 9084 2002 26558 12129 14261 178 16570 11482 11330 18781 11270 29263 16409
29312 20203 18936 9818 27975 30260 11392 6103 26321 21463 6166 7635 30689 16344 24001 31242 31958 107 22771 20466 10717 23897 17762 29505 12133 676 10003 32687 723 30318 30903 7677 8055 9751 5179 6710 21439 20134 2459 12085 28331 17514 22519 11111 24961 24033 15592 21202 10690 1496 3604 8790 5980 14548 20736 22579 17185 29105 1318 26060 18808 18825 21576 11947 7507 20183 7427 14532 1889 22492 2983 12798 9604 21570 13638 28399 32389 25088 26891 18151 32263 10621 11213 28977 27833 17656 4580 18325 14544 14119 27452 4641 8885 13598 30120 16426 8698 18291 2424 12941
5779 1696 29773 31546 6723 30376 30252 13812 1620 17918 5330 24146 395 29602 14663 18186 10843 8333 19382 5742 12633 4175 16764 27703 30704 7415 20863 5250 1878 8755 17089 27672 29630 9144 2357 23026 32720 13028 9425 509 5206 22434 30436 5402 24632 143 426 25193 13482 15963 17949 3527 29092 20081 13327 3989 5778 14554 24694 25020 19278 1374 30215 32237 30027 19437 5126 4398 11539 9278 3932 2194 10227 14518 18922 23367 27124 139 5149 13782 21518 25897 19650 27303 25241 22229 13084 19396 12292 5264 7988 20958 4041 11070 5233 13461 21920 28679 25192 22516
7412 31230 18421 13115 9363 24320 19595 5346 4777 14303 17352 26586 13551 12224 12109 24086 4384 8898 29388 9290 22957 4065 3682 755 6833 25113 21288 4247 13095 21710 17925 22862 28251 30571 9414 8065 20894 5194 16752 6642 29246 32468 10196 21244 26549 3305 16741 3357 11809 16258 27463 20657 3316 24212 12968 1792 21997 3128 11091 18043 4167 4874 5250 13379 25648 29646 16372 7915 23164 30298 28480 13951 17563 16816 7017 1477 24776 16234 23218 4290 3716 20059 22708 15488 10051 2163 5293 25615 20325 8163 23067 16074 21351 6018 10122 31707 25947 23151 30634 14082
20117 30456 8356 10898 27048 187 15790 17084 30865 24075 22238 30223 11057 1174 15163 1856 27137 26948 16666 5159 14593 10082 24744 5643 18161 8959 23747 14111 31940 10902 28174 8524 8530 23534 9284 10801 25933 20543 29132 105 27510 21398 5518 15884 8464 11130 22278 1144 31381 12496 18582 1361 26793 16636 1057 7366 6476 19017 5589 24854 22867 30603 2376 19283 10777 16131 19655 23911 24434 22658 24299 26964 23008 24273 31340 24000 12554 8273 13370 15280 25193 25311 16330 6548 22597 7930 19886 22404 23776 30248 14441 26825 19953 26773 29569 22175 9299 3582 28886 24633
9215 21965 28721 23558 18488 4742 27936 15923 16389 21601 7938 26737 3812 22329 16222 9976 9661 1956 2681 32459 2069 25444 11815 12606 20868 14590 6881 6326 12137 2728 27416 17073 8924 6248 21705 27398 7908 21883 22866 15469 22250 19700 10116 31297 20846 14757 25593 30597 4857 21826 19367 32550 30035 8900 25782 4479 32501 14348 12687 6946 20161 19145 6710 2262 28657 1179 32729 23772 10830 25209 11945 10615 8866 9040 8680 5291 24431 2540 20035 18756 1505 30236 26211 31002 25346 6417 19903 21652 5421 18696 11700 7019 27077 14377 24791 10928 17190 4782 10378 11281
6876 18503 24781 19032 29716 1213 9815 3892 21071 7126 8934 20028 2142 27770 29651 16689 29578 32531 24297 14723 30483 25402 18807 2839 19420 4239 9636 5192 30820 20200 18947 1836 1272 27055 26471 22552 16423 12933 4345 30054 10103 5931 2695 11381 18518 20131 20767 24562 11603 24978 4573 29526 11150 4585 769 4016 9325 26052 21316 9637 3985 22931 9069 20661 24841 32119 15903 32704 8133 495 501 1736 16461 30643 12753 32248 6067 18144 8048 4581 31429 8534 25666 10517 23944 29790 7289 702 1762 7569 22624 13007 11415 26357 14319 7988 2935 3688 25756 25174
20437 23618 23923 14050 25146 3382 18793 20684 27739 4985 17390 18323 10825 29478 22465 30150 23528 15842 7176 29127 27298 29116 10144 975 5980 16214 20146 15666 17577 31562 24199 5349 12606 16071 19357 11581 13991 31611 1530 9977 24632 1718 26560 9603 28229 24524 29186 26739 6550 13755 19414 7765 11029 28685 14251 21676 15306 16128 29405 10551 12553 30437 13191 8306 18666 15046 14489 17760 19194 14923 8234 30344 12592 1758 30735 1085 23843 17422 15532 1059 11641 14129 14858 32239 1955 31310 810 21870 10696 22074 29593 5577 22782 2048 28485 519 16320 30086 21647 3795
4253 5486 21665 10624 16685 3643 9730 28746 29001 20661 17767 16351 21115 12686 14541 14878 9140 17989 2244 10782 5437 2379 25614 26994 10480 2405 8552 10923 25256 10321 5032 19743 23798 11436 25608 7657 5654 11027 26306 10801 2337 2697 7645 1710 26499 10264 24134 12392 1712 23995 19234 27331 22035 28796 7011 16057 28999 10714 23961 32615 8842 8301 11787 30667 26991 29645 4871 9676 22995 32687 29558 9850 26385 19025 23475 14232 28538 12825 1182 29272 7167 7801 20716 9061 26673 14357 13505 25638 26220 27688 15232 22850 5198 16163 8162 14943 21358 12952 10821 1840
23115 16983 18759 3502 12675 15575 6292 9637 4422 31447 18940 17779 13065 14916 9417 21516 27519 8286 3919 23618 8389 10007 22212 1348 28893 31163 10578 29796 7261 1238 30315 31773 2408 15699 10589 15444 29406 25313 29222 6110 6096 16795 4233 9027 32567 14055 21857 28865 9189 32158 20022 23956 7355 1390 20238 17525 5405 22909 20101 14689 10659 23119 18464 12955 32017 20202 6367 17140 6538 4408 2577 18762 29184 22956 32364 14671 6127 28200 30045 24971 31051 14367 22685 21157 15031 1527 18437 19422 503 31665 22435 20702 17576 30411 29709 19635 28462 26981 24821 26135